49 191844 1638893.52584539
49 19185 1308506.45958757
49 1919 1039615.55709826
49 200 748998.360681688
49 199 729054.026215231
49 198 715791.222250943
49 197 719940.381005134
49 196 720687.15998768
49 195 713740.242012961
49 194 699912.216607925
49 193 749180.01223291
49 192 691112.500339943
49 191 716840.202104696
49 190 724975.253259617
49 189 717476.235050588
49 188 708539.912627478
49 187 678073.176359765
49 186 719062.208425696
49 185 747293.202029972
49 184 734777.580605098
49 183 760365.848960763
49 182 758061.35352547
49 181 696351.61818568
49 180 688357.224891466
49 179 658107.523824662
49 178 674139.071820367
49 177 708176.98348896
49 176 697952.841017494
49 175 697001.728500379
49 174 682366.900629253
49 173 678758.617429881
49 172 704986.848479827
49 171 709222.197826453
49 170 675621.516713865
49 169 697296.056003083
49 168 686354.596221626
49 167 723004.725935925
49 166 697623.071399591
49 165 729351.913209941
49 164 667914.783111745
49 163 686794.473203462
49 162 701545.941849187
49 161 694510.94022016
49 160 721491.028016285
49 159 697004.201452178
49 158 644965.464323791
49 157 678098.389672056
49 156 678601.593045939
49 155 658583.226227416
49 154 692324.806175707
49 153 641362.080709214
49 152 660153.03676522
49 151 662207.387832515
49 150 686647.649754876
49 149 670796.59803219
49 148 670247.006377245
49 147 665458.621656277
49 146 691605.831348688
49 145 678150.307236237
49 144 683643.062362462
49 143 667647.119154906
49 142 639680.231787597
49 141 692898.04106439
49 140 695829.893644653
49 139 657974.930000811
49 138 665848.740179653
49 137 649803.084892714
49 136 643042.391751608
49 135 701330.87551406
49 134 622391.303386135
49 133 632627.696180624
49 132 755544.469785112
49 131 624345.785553542
49 130 649932.750160552
49 129 676457.17803756
49 128 643570.179601888
49 127 640289.638526666
49 126 646552.100956751
49 125 708581.86659861
49 124 652727.012625864
49 123 673582.079883952
49 122 639316.312705692
49 121 669933.637746701
49 120 631815.431020537
49 119 675873.413219375
49 118 639699.894160676
49 117 698297.834515661
49 116 665033.003814012
49 115 680910.549754877
49 114 637236.222012436
49 113 635255.260790215
49 112 636917.973454542
49 111 619705.645124411
49 110 632158.026984742
49 109 654578.300918566
49 108 617789.920544416
49 107 639741.377592925
49 106 668704.817318199
49 105 632606.649149492
49 104 604068.178526394
49 103 602612.911450698
49 102 612724.833136962
49 101 587934.598616831
49 100 645615.44387519
49 99 654063.626609942
49 98 688605.852361585
49 97 647106.593510453
49 96 600828.405527595
49 95 646938.10153565
49 94 621013.812845441
49 93 652545.359355806
49 92 660704.417690972
49 91 685245.948781123
49 90 598407.45936377
49 89 693616.876380549
49 88 623300.305071801
49 87 658477.276991165
49 86 617179.668489644
49 85 587942.15683741
49 84 611041.881021019
49 83 590545.318777203
49 82 632789.28726495
49 81 665705.78096367
49 80 680598.066661199
49 79 626539.433989988
49 78 650089.870714291
49 77 630303.796218792
49 76 637959.654953971
49 75 571203.032153822
49 74 598221.847471154
49 73 616727.805151733
49 72 603737.649697467
49 71 595206.629923817
49 70 617815.857967359
49 69 643678.796485715
49 68 607472.535909415
49 67 584880.842480538
49 66 588314.394966691
49 65 635197.874304744
49 64 596951.967356896
49 63 588833.978118975
49 62 559056.389523201
49 61 577133.929165387
49 60 584751.775189111
49 59 589145.995140332
49 58 606761.926771707
49 57 574741.732038869
49 56 563442.424352136
49 55 584368.691867198
49 54 575892.115058366
49 53 619755.444173936
49 52 592740.34912409
49 51 576680.553668788
49 50 560441.383525327
49 49 552157.447744676
49 48 573903.225965992
49 47 559975.339673402
49 46 581469.524634443
49 45 580490.442040702
49 44 564311.893425197
49 43 560400.393672062
49 42 564190.811465731
49 41 583812.636173703
49 40 570881.693211063
49 39 555410.814761922
49 38 539297.836456398
49 37 609965.652443324
49 36 600281.734519742
49 35 540353.717916933
49 34 582476.769961414
49 33 583798.871387016
49 32 552771.835750432
49 31 519255.420888194
49 30 553101.861996329
49 29 527721.608246361
49 28 564111.60245208
49 27 546210.721144981
49 26 542441.77840578
49 25 595815.033660991
49 24 552212.595150255
49 23 558995.824913838
49 22 551829.776094631
49 21 579898.813823967
49 20 603081.314769063
49 19 590331.856770115
49 18 608466.347689901
49 17 636211.419782772
49 16 580640.794516082
49 15 618912.93668375
49 14 598805.00226067
49 13 571918.024244753
49 12 603219.798066532
49 11 528484.70662034
49 10 576856.864909092
49 9 605833.64775297
49 8 564939.952180579
49 7 619330.692511635
49 6 646019.917809309
49 5 668129.976775985
49 4 813372.258443549
49 3 987406.45962761
49 2 1140729.5846194
49 1 1253856.51926587
