23 191844 1700789.02359919
23 19185 1284646.19308369
23 1919 1007466.93105738
23 200 769149.239749331
23 199 737722.009939093
23 198 724669.368237343
23 197 702903.862031789
23 196 737069.703142233
23 195 703461.590795752
23 194 715536.02483663
23 193 731896.88135031
23 192 745220.203572763
23 191 741812.765646516
23 190 712111.843778261
23 189 689917.839373531
23 188 707810.539662058
23 187 754577.445601142
23 186 709699.828410165
23 185 697027.760076589
23 184 690293.337545222
23 183 769298.400372759
23 182 681876.041183034
23 181 706627.222521935
23 180 728015.013807464
23 179 743751.535817281
23 178 686220.604649241
23 177 710850.278696971
23 176 690009.138865235
23 175 705630.353396088
23 174 674310.367696932
23 173 717703.770497326
23 172 689597.538656786
23 171 700381.831378755
23 170 697137.616364376
23 169 710366.910298873
23 168 714216.158209457
23 167 697395.622821292
23 166 692237.575131057
23 165 694303.409741658
23 164 743788.939370854
23 163 662157.891437226
23 162 702231.524098148
23 161 693384.377467181
23 160 691766.103604426
23 159 690986.230967718
23 158 733720.328223277
23 157 704802.614982188
23 156 672203.454090272
23 155 679221.625237373
23 154 670343.393328275
23 153 677058.860720937
23 152 654839.1293471
23 151 713730.733009048
23 150 668704.349078342
23 149 691962.356336144
23 148 659314.49664043
23 147 693865.283825408
23 146 687787.394071468
23 145 710600.08357512
23 144 658708.958630694
23 143 686738.257075338
23 142 619686.196586839
23 141 681789.423742808
23 140 638681.533616246
23 139 700280.04063662
23 138 663998.047370441
23 137 667805.385587008
23 136 653749.397096186
23 135 647744.90554076
23 134 663276.300276963
23 133 649109.718772973
23 132 660543.739630498
23 131 685751.888418796
23 130 611786.840686621
23 129 661762.214952509
23 128 678064.537476076
23 127 668993.429827259
23 126 665082.375169733
23 125 666698.526185179
23 124 666450.6136677
23 123 643098.296499058
23 122 666868.721615955
23 121 659131.344492835
23 120 661836.769943548
23 119 702141.325685076
23 118 666689.736446013
23 117 652544.285783662
23 116 696675.798356055
23 115 646021.665204217
23 114 688005.649027541
23 113 662911.50547885
23 112 617213.023584793
23 111 658631.572364881
23 110 638270.13624033
23 109 642302.594905365
23 108 678081.548087351
23 107 642170.182104353
23 106 627991.576800452
23 105 658835.672997801
23 104 619233.127038736
23 103 641343.561395514
23 102 619862.279289802
23 101 627215.730738053
23 100 629387.880498484
23 99 614737.565776999
23 98 618188.39579203
23 97 622876.607544912
23 96 632438.404669616
23 95 622044.293698016
23 94 647616.042084224
23 93 624164.555201258
23 92 645462.342761502
23 91 620206.622841941
23 90 605524.933360269
23 89 613505.570130241
23 88 616490.122102242
23 87 650445.603299335
23 86 642761.654895471
23 85 636801.808127851
23 84 597729.54664697
23 83 630247.946943822
23 82 625998.075623915
23 81 618444.139434615
23 80 638056.334346377
23 79 599423.040156032
23 78 615474.757268326
23 77 628922.185098381
23 76 582412.601325223
23 75 609567.273398623
23 74 624352.949102471
23 73 646745.457402135
23 72 595647.619031102
23 71 616562.31287955
23 70 643774.806847783
23 69 618646.223981185
23 68 583396.705803206
23 67 582035.347757134
23 66 614226.896739712
23 65 644294.450599426
23 64 605399.160029762
23 63 596447.957550834
23 62 591232.899429286
23 61 612956.454737059
23 60 605989.685757973
23 59 596880.88638051
23 58 604470.25712962
23 57 557163.375512456
23 56 600311.093188996
23 55 618649.771921766
23 54 596654.963909333
23 53 599903.354367819
23 52 586031.065265366
23 51 578060.717870281
23 50 598753.319707114
23 49 563217.430217491
23 48 571572.153067554
23 47 568715.184874096
23 46 613891.787271519
23 45 591100.655446131
23 44 601737.580693239
23 43 604439.108997355
23 42 597879.469861194
23 41 585433.150039643
23 40 558895.105630445
23 39 551842.835006771
23 38 565082.172688022
23 37 592044.406953068
23 36 608795.300716973
23 35 581598.07734465
23 34 587649.868751961
23 33 557040.052272719
23 32 553728.12874947
23 31 594391.465630349
23 30 561362.19024567
23 29 610081.307025293
23 28 559581.122912687
23 27 594402.779870406
23 26 555520.263116501
23 25 551182.342208954
23 24 580064.33230333
23 23 566290.640411691
23 22 569209.164897894
23 21 553138.541482308
23 20 505289.797964666
23 19 536611.539782439
23 18 517544.193041626
23 17 560255.230318793
23 16 512987.639095648
23 15 526996.997717945
23 14 517789.213053446
23 13 562060.921120305
23 12 597611.477928213
23 11 580982.390658663
23 10 608879.084213144
23 9 630149.653018194
23 8 666405.025759203
23 7 718188.718032946
23 6 729207.283671384
23 5 836536.959601035
23 4 912881.535586675
23 3 879608.825570296
23 2 955322.789011965
23 1 1199719.94197872
