90 191844 1704124.29959264
90 19185 1251468.49772599
90 1919 934746.272486823
90 200 654976.101519345
90 199 651674.958356839
90 198 622163.24793825
90 197 648607.4343204
90 196 668320.05311591
90 195 684135.13136717
90 194 655417.609570305
90 193 644659.212104183
90 192 672423.758533997
90 191 617655.844493649
90 190 654247.640660065
90 189 651657.149248206
90 188 650788.017141678
90 187 680567.158696815
90 186 634065.872808148
90 185 651770.792459247
90 184 669833.799944497
90 183 663864.461543214
90 182 666954.859973369
90 181 665352.144949768
90 180 610665.774308687
90 179 656007.691769126
90 178 714668.904672539
90 177 647992.077169738
90 176 656012.412340017
90 175 625910.54418596
90 174 682832.903857573
90 173 611396.586199766
90 172 650518.757223332
90 171 643145.409727858
90 170 647737.209587444
90 169 646537.714071142
90 168 608354.392949244
90 167 624927.106810904
90 166 626110.139708103
90 165 686316.792594281
90 164 627531.027926128
90 163 600515.975005712
90 162 628114.849295718
90 161 630073.979644602
90 160 633860.167551958
90 159 614659.496701425
90 158 583429.775549483
90 157 653497.434092304
90 156 646868.830811732
90 155 591335.759315334
90 154 572533.357430551
90 153 631014.246078667
90 152 612635.13502561
90 151 595966.2578897
90 150 595576.666711999
90 149 599446.329434143
90 148 589120.417920625
90 147 631471.718832778
90 146 608124.847135791
90 145 593215.005688239
90 144 618450.047319432
90 143 616382.422178996
90 142 602222.275276441
90 141 602664.908668991
90 140 591964.401413702
90 139 589244.680926193
90 138 585949.607192547
90 137 621532.95549669
90 136 623748.030426093
90 135 603440.223801249
90 134 582596.7039131
90 133 608948.124099713
90 132 585570.611530885
90 131 607356.06578057
90 130 568495.37097559
90 129 553452.257375972
90 128 600183.117567105
90 127 570720.087812351
90 126 597157.050874128
90 125 568251.377974458
90 124 595318.832491491
90 123 569089.924391324
90 122 618118.845446137
90 121 547211.40970906
90 120 575064.274632923
90 119 565657.360807323
90 118 573101.323301686
90 117 616472.851240538
90 116 554048.290462732
90 115 552821.591869723
90 114 569385.668039045
90 113 564722.241014516
90 112 547869.584555067
90 111 590730.181268576
90 110 599777.910203669
90 109 599353.351838423
90 108 552306.625560612
90 107 556200.40697588
90 106 523603.498622814
90 105 572134.730758444
90 104 564759.954589403
90 103 528002.749980217
90 102 561603.08863945
90 101 546252.640673865
90 100 536811.696370896
90 99 572591.524812335
90 98 542335.233464643
90 97 552340.516943228
90 96 519840.877452635
90 95 539059.413384746
90 94 534052.300259007
90 93 525609.715886744
90 92 518851.460616089
90 91 510186.731166455
90 90 553786.378167319
90 89 560575.678665958
90 88 561835.615198917
90 87 506127.176504949
90 86 547115.188556476
90 85 519991.552997914
90 84 531083.184006795
90 83 542725.594157894
90 82 527470.082602767
90 81 495628.920469903
90 80 560951.69768053
90 79 498775.597316287
90 78 536819.844840219
90 77 553855.592604589
90 76 515288.71636985
90 75 523239.054217781
90 74 522508.902468158
90 73 508006.557641065
90 72 512288.547660513
90 71 516755.476679418
90 70 539229.800967866
90 69 528872.102181075
90 68 539269.966818029
90 67 545862.544463442
90 66 524129.374488657
90 65 486346.006703309
90 64 538176.332460318
90 63 564195.128051104
90 62 525868.828987901
90 61 529505.413519365
90 60 538169.608560234
90 59 509778.736777334
90 58 532205.901636354
90 57 492555.116456018
90 56 463463.573210455
90 55 493895.110244956
90 54 506725.969495055
90 53 492717.293824978
90 52 492215.704014591
90 51 501280.038217223
90 50 501667.202340748
90 49 497593.2616212
90 48 488527.501156389
90 47 495649.830226042
90 46 471321.678096527
90 45 467488.22235391
90 44 461702.985136907
90 43 472210.696326641
90 42 478829.297580676
90 41 445605.367996376
90 40 438725.509508331
90 39 442527.752640859
90 38 439990.257252448
90 37 449913.657421743
90 36 448185.584131878
90 35 432220.337188891
90 34 446619.026465944
90 33 438671.807455506
90 32 437013.902292723
90 31 439003.135797803
90 30 458651.354579723
90 29 430191.065577904
90 28 430479.79071961
90 27 442158.147136148
90 26 516303.568075648
90 25 428633.13216085
90 24 421253.434849969
90 23 447124.114314434
90 22 457888.845417642
90 21 463810.2073334
90 20 498111.501006623
90 19 480218.591229433
90 18 477032.817098587
90 17 479968.326540106
90 16 487110.017323899
90 15 503887.848248513
90 14 480275.561344043
90 13 484674.843687393
90 12 523726.720144017
90 11 514289.662993532
90 10 519228.694644907
90 9 570829.711217917
90 8 555932.743589138
90 7 513169.023676023
90 6 542967.623802517
90 5 500419.143194767
90 4 563337.059127669
90 3 676696.162207143
90 2 851014.265494365
90 1 1129092.99983991
