10 2639.764282 1432.07604155303
11 3276.897729 2489.5460244362
12 2784.555842 1582.09680099528
13 3186.568209 1914.91697133169
14 1547.705662 2517.10541878449
15 1806.24587 2065.55180056344
16 2820.769816 2399.06399194511
17 3574.190183 1603.25290016463
18 3424.374532 1821.98704059922
19 3550.65034 1888.57073918288
1 3573.84091 2134.54563252227
20 1776.701568 1904.69317335215
21 3186.125329 2786.0196375611
22 3519.088687 2054.90383673321
23 3216.892828 2366.05653164353
24 3141.425402 2665.82063608249
25 3012.571028 1839.2660876625
26 2711.351804 1937.43424534656
27 2702.866344 1478.80394243597
28 2627.860729 1398.62235078094
29 3091.654429 2086.19731711212
2 1724.512006 1287.49113128282
30 3401.596469 2485.36486857607
31 3427.328367 1881.23137395474
32 3419.360909 2183.73043318619
33 3331.537545 1808.82739483584
34 3907.195233 1812.22102174155
35 2807.330455 1029.76183070959
36 1949.280738 1275.26190156174
37 2626.889748 1487.80724426202
38 2663.610365 1782.99181279337
39 2654.76869 1730.838651857
3 3149.963345 1522.2142622787
40 2935.830032 2016.34418393432
41 3034.018097 1634.39425574864
42 2596.231127 1231.45528025348
43 2754.617173 1763.2432755912
44 1567.20282 2046.87710967452
45 3037.280461 2399.88964817584
46 3054.936438 1451.26568855127
47 3491.049943 1623.6439921914
48 2952.330561 770.401046552072
49 2690.925977 1614.54473875965
4 2570.655967 1441.56115843918
50 3823.045774 1180.8903951841
51 200 1073.43228200976
52 200 1629.81742841101
54 200 1638.67020497575
55 200 2066.38657944224
56 1000 1744.16831349953
57 1000 1776.24449717699
58 1000 2200.37709160009
59 200 1818.84618264878
5 2799.292148 1735.39984057415
60 1000 1223.2214516115
62 200 1642.76920408796
63 1000 1058.49786586079
64 200 1806.61315257678
65 200 1469.60523510829
66 1000 1532.44847194242
67 1000 1751.91992393167
68 200 1392.12610437572
69 1000 2397.93341717958
6 3984.050428 1517.130418791
70 200 1158.99586315745
71 1000 1913.97307919493
72 1000 527.659581116017
73 1000 1486.91069857849
74 1000 1531.70337484215
76 200 2175.9111660195
77 1000 1658.38074254943
78 200 2017.58639978251
79 1000 1852.0649634236
7 1675.438308 1550.93962666247
80 200 1346.19923419603
81 200 1564.48194053265
82 1000 1586.14787689572
83 200 2079.84726413533
84 200 1841.28472275454
85 1000 790.567120251354
86 1000 1480.54987991408
87 200 1647.724267777
88 1000 1191.87668193047
89 200 2044.30907903095
8 2672.137885 1691.12447335948
90 200 1286.15760167565
9 1596.916209 2300.15245385711
