10 2639.764282 2899.24614571641
11 3276.897729 2953.98476371064
13 3186.568209 2949.78833463814
14 1547.705662 2710.48783943117
15 1806.24587 2839.17160896237
16 2820.769816 2880.21733914938
17 3574.190183 2914.27972704731
18 3424.374532 2950.25410768719
19 3550.65034 2994.33737176292
1 3573.84091 2947.63940801707
21 3186.125329 2446.13293505722
22 3519.088687 2869.27782185807
23 3216.892828 2874.9659181637
24 3141.425402 2914.38382659437
25 3012.571028 2954.61089606279
26 2711.351804 2767.53332032898
28 2627.860729 2849.23680844798
29 3091.654429 2749.8972370702
2 1724.512006 2854.33340261248
30 3401.596469 2897.35790187894
31 3427.328367 2662.32604355297
32 3419.360909 2984.36182255228
34 3907.195233 2795.41410362091
35 2807.330455 2882.58843381648
36 1949.280738 2823.37016296011
37 2626.889748 2902.31171283084
39 2654.76869 2965.9874429548
40 2935.830032 2892.41493179087
41 3034.018097 2942.70907904906
42 2596.231127 2707.45394015856
43 2754.617173 2836.71289044648
44 1567.20282 2725.81217821632
45 3037.280461 2957.44155410314
46 3054.936438 2921.35896750137
48 2952.330561 2686.34788227961
49 2690.925977 2840.29932221878
4 2570.655967 2808.76554219768
5 2799.292148 2949.62340343445
6 3984.050428 2963.30895260247
8 2672.137885 2855.54585049153
9 1596.916209 2939.25264201771
10 1000 200
11 1000 200
12 200 200
13 1000 1000
14 200 200
17 1000 200
18 200 1000
20 200 200
22 1000 1000
24 1000 1000
26 200 200
27 1000 200
28 200 200
29 1000 1000
2 200 200
30 200 1000
32 1000 200
34 200 200
35 1000 1000
36 1000 1000
37 200 1000
39 200 200
40 200 200
4 200 200
5 200 1000
9 200 1000
