10 2639.764282 2841.80158750567
11 3276.897729 2968.13831544186
12 2784.555842 2891.36059246401
13 3186.568209 2950.89837559236
14 1547.705662 2833.59564206309
15 1806.24587 2733.74133779225
16 2820.769816 2850.18947635379
17 3574.190183 2914.38099418155
18 3424.374532 2925.39229569406
19 3550.65034 2809.74658576391
1 3573.84091 2934.97818824829
20 1776.701568 2822.00638810411
21 3186.125329 2923.58953010848
22 3519.088687 2978.99239963499
23 3216.892828 2810.76855247012
24 3141.425402 2836.30008757786
25 3012.571028 2906.78708774322
26 2711.351804 2747.67846942524
27 2702.866344 2764.4273370127
28 2627.860729 2898.54332080326
29 3091.654429 2889.55216906845
2 1724.512006 2758.94387337787
30 3401.596469 2742.49726700489
31 3427.328367 2803.49354981873
32 3419.360909 2858.71254467948
33 3331.537545 2940.74222710002
34 3907.195233 2658.8872860672
35 2807.330455 2882.37641818539
36 1949.280738 2890.54715434922
37 2626.889748 2863.91247168107
38 2663.610365 2882.34667823077
39 2654.76869 2961.39862201787
3 3149.963345 2798.63187933749
40 2935.830032 2885.28729118531
41 3034.018097 2899.31114047969
42 2596.231127 2807.48190523678
43 2754.617173 2899.83490993609
44 1567.20282 2831.0208209541
45 3037.280461 2889.31941877557
46 3054.936438 2944.47774288778
47 3491.049943 2828.64541269962
48 2952.330561 2842.05378291653
49 2690.925977 2909.48599729974
4 2570.655967 2942.32325687837
50 3823.045774 2865.94852969474
5 2799.292148 3001.62129271074
6 3984.050428 2905.68985075738
7 1675.438308 2884.95753561095
8 2672.137885 2817.95426590987
9 1596.916209 2953.92362447446
