  1:   0.9613  0.0000  0.0000  0.0000  0.0000  0.0000  0.0387  0.0000  1
  2:   0.8693  0.0000  0.0000  0.1307  0.0000  0.0000  0.0000  0.0000  1
  3:   0.9196  0.0000  0.0000  0.0804  0.0000  0.0000  0.0000  0.0000  1
  4:   0.8294  0.0000  0.0000  0.1458  0.0000  0.0000  0.0247  0.0000  1
  5:   0.8864  0.0000  0.0000  0.1136  0.0000  0.0000  0.0000  0.0000  1
  6:   0.8945  0.0000  0.0000  0.0702  0.0000  0.0000  0.0353  0.0000  1
  7:   1.0000  0.0000  0.0000  0.0000  0.0000  0.0000  0.0000  0.0000  1
  8:   0.9978  0.0000  0.0000  0.0000  0.0000  0.0022  0.0000  0.0000  1
  9:   0.9126  0.0000  0.0000  0.0874  0.0000  0.0000  0.0000  0.0000  1
 10:   0.9197  0.0000  0.0000  0.0803  0.0000  0.0000  0.0000  0.0000  1
 11:   0.9749  0.0000  0.0000  0.0000  0.0000  0.0000  0.0251  0.0000  1
 12:   1.0000  0.0000  0.0000  0.0000  0.0000  0.0000  0.0000  0.0000  1
 13:   0.8575  0.0000  0.0000  0.1424  0.0000  0.0000  0.0000  0.0000  1
 14:   0.9244  0.0000  0.0000  0.0756  0.0000  0.0000  0.0000  0.0000  1
 15:   0.8626  0.0000  0.0000  0.1374  0.0000  0.0000  0.0000  0.0000  1
 16:   0.8383  0.0000  0.0000  0.1279  0.0000  0.0000  0.0338  0.0000  1
 17:   1.0000  0.0000  0.0000  0.0000  0.0000  0.0000  0.0000  0.0000  1
 18:   0.9755  0.0000  0.0000  0.0000  0.0000  0.0000  0.0245  0.0000  1
 19:   0.6699  0.0000  0.0000  0.1301  0.0000  0.0000  0.2000  0.0000  1
 20:   0.9199  0.0000  0.0000  0.0801  0.0000  0.0000  0.0000  0.0000  1
 21:   0.9147  0.0000  0.0000  0.0413  0.0000  0.0000  0.0440  0.0000  1
 22:   0.8595  0.0000  0.0000  0.1264  0.0000  0.0000  0.0141  0.0000  1
 23:   0.9094  0.0000  0.0000  0.0896  0.0000  0.0000  0.0010  0.0000  1
 24:   0.8591  0.0000  0.0000  0.1408  0.0000  0.0000  0.0000  0.0000  1
 25:   0.8551  0.0000  0.0000  0.1073  0.0000  0.0000  0.0376  0.0000  1
 26:   0.8681  0.0000  0.0000  0.1318  0.0000  0.0000  0.0001  0.0000  1
 27:   0.8679  0.0000  0.0000  0.1321  0.0000  0.0000  0.0000  0.0000  1
 28:   0.6616  0.0000  0.0000  0.3000  0.0000  0.0000  0.0384  0.0000  1
 29:   0.8935  0.0000  0.0000  0.1065  0.0000  0.0000  0.0000  0.0000  1
 30:   0.8699  0.0000  0.0000  0.1301  0.0000  0.0000  0.0000  0.0000  1
 31:   0.9890  0.0000  0.0000  0.0000  0.0000  0.0000  0.0110  0.0000  1
 32:   0.8213  0.0000  0.0000  0.1388  0.0000  0.0000  0.0398  0.0000  1
 33:   0.8178  0.0000  0.0000  0.1451  0.0000  0.0000  0.0370  0.0000  1
 34:   0.9031  0.0000  0.0000  0.0747  0.0000  0.0001  0.0221  0.0000  1
 35:   0.8751  0.0000  0.0000  0.0901  0.0000  0.0000  0.0349  0.0000  1
 36:   1.0000  0.0000  0.0000  0.0000  0.0000  0.0000  0.0000  0.0000  1
 37:   0.6765  0.0000  0.0000  0.3000  0.0000  0.0000  0.0235  0.0000  1
 38:   0.6826  0.0000  0.0000  0.3000  0.0000  0.0000  0.0174  0.0000  1
 39:   0.8245  0.0000  0.0000  0.1390  0.0000  0.0000  0.0365  0.0000  1
 40:   0.8382  0.0000  0.0000  0.1262  0.0000  0.0000  0.0356  0.0000  1
 41:   0.8755  0.0000  0.0000  0.0859  0.0000  0.0000  0.0387  0.0000  1
 42:   0.9344  0.0082  0.0000  0.0003  0.0016  0.0000  0.0529  0.0026  1
 43:   0.9318  0.0000  0.0000  0.0682  0.0000  0.0000  0.0000  0.0000  1
 44:   0.9979  0.0000  0.0000  0.0000  0.0000  0.0000  0.0021  0.0000  1
 45:   1.0000  0.0000  0.0000  0.0000  0.0000  0.0000  0.0000  0.0000  1
 46:   0.8980  0.0000  0.0000  0.0610  0.0000  0.0000  0.0410  0.0000  1
 47:   0.9396  0.0000  0.0000  0.0604  0.0000  0.0000  0.0000  0.0000  1
 48:   0.9410  0.0000  0.0000  0.0586  0.0000  0.0000  0.0004  0.0000  1
 49:   0.8391  0.0000  0.0000  0.1167  0.0000  0.0000  0.0442  0.0000  1
 50:   0.9039  0.0000  0.0000  0.0576  0.0000  0.0000  0.0385  0.0000  1
 51:   0.9720  0.0000  0.0000  0.0000  0.0000  0.0056  0.0117  0.0107  1
 52:   0.0000  0.6780  0.0000  0.0000  0.0000  0.0000  0.0439  0.2781  1
 53:   0.0000  0.6538  0.0000  0.0000  0.0000  0.0000  0.0536  0.2926  1
 54:   0.0000  0.6294  0.0000  0.0000  0.0000  0.0000  0.0579  0.3128  1
 55:   0.0000  0.6351  0.0000  0.0000  0.0000  0.0000  0.0779  0.2870  1
 56:   0.0000  0.6652  0.0000  0.0000  0.0000  0.0000  0.0445  0.2903  1
 57:   0.0000  0.0000  1.0000  0.0000  0.0000  0.0000  0.0000  0.0000  1
 58:   0.0000  0.0000  1.0000  0.0000  0.0000  0.0000  0.0000  0.0000  1
 59:   0.0000  0.0000  1.0000  0.0000  0.0000  0.0000  0.0000  0.0000  1
 60:   0.0000  0.0000  1.0000  0.0000  0.0000  0.0000  0.0000  0.0000  1
 61:   0.0000  0.0000  1.0000  0.0000  0.0000  0.0000  0.0000  0.0000  1
 62:   0.0000  0.0000  1.0000  0.0000  0.0000  0.0000  0.0000  0.0000  1
 63:   0.0000  0.0000  1.0000  0.0000  0.0000  0.0000  0.0000  0.0000  1
 64:   0.0000  0.0000  1.0000  0.0000  0.0000  0.0000  0.0000  0.0000  1
 65:   0.0000  0.0000  1.0000  0.0000  0.0000  0.0000  0.0000  0.0000  1
 66:   0.0000  0.0000  1.0000  0.0000  0.0000  0.0000  0.0000  0.0000  1
 67:   0.0000  0.0000  1.0000  0.0000  0.0000  0.0000  0.0000  0.0000  1
 68:   0.0000  0.0000  1.0000  0.0000  0.0000  0.0000  0.0000  0.0000  1
 69:   0.0000  0.0000  1.0000  0.0000  0.0000  0.0000  0.0000  0.0000  1
 70:   0.0000  0.0000  1.0000  0.0000  0.0000  0.0000  0.0000  0.0000  1
 71:   0.0000  0.0000  1.0000  0.0000  0.0000  0.0000  0.0000  0.0000  1
 72:   0.0000  0.0000  1.0000  0.0000  0.0000  0.0000  0.0000  0.0000  1
 73:   0.0000  0.0000  1.0000  0.0000  0.0000  0.0000  0.0000  0.0000  1
 74:   0.0000  0.0000  1.0000  0.0000  0.0000  0.0000  0.0000  0.0000  1
 75:   0.0000  0.0000  1.0000  0.0000  0.0000  0.0000  0.0000  0.0000  1
 76:   0.0000  0.0000  1.0000  0.0000  0.0000  0.0000  0.0000  0.0000  1
 77:   0.0000  0.0000  1.0000  0.0000  0.0000  0.0000  0.0000  0.0000  1
 78:   0.0000  0.0000  1.0000  0.0000  0.0000  0.0000  0.0000  0.0000  1
 79:   0.0000  0.0000  1.0000  0.0000  0.0000  0.0000  0.0000  0.0000  1
 80:   0.0000  0.0000  1.0000  0.0000  0.0000  0.0000  0.0000  0.0000  1
 81:   0.0000  0.0000  0.0000  0.0000  1.0000  0.0000  0.0000  0.0000  1
 82:   0.0000  0.0000  0.0000  0.0000  1.0000  0.0000  0.0000  0.0000  1
 83:   0.0000  0.0000  0.0000  0.0000  1.0000  0.0000  0.0000  0.0000  1
 84:   0.0000  0.0000  0.0000  0.0000  1.0000  0.0000  0.0000  0.0000  1
 85:   0.0000  0.0000  0.0000  0.0000  1.0000  0.0000  0.0000  0.0000  1
 86:   0.0000  0.0012  0.0000  0.0269  0.9720  0.0000  0.0000  0.0000  1
 87:   0.0000  0.0000  0.0000  0.0000  1.0000  0.0000  0.0000  0.0000  1
 88:   0.0000  0.0000  0.0000  0.0000  1.0000  0.0000  0.0000  0.0000  1
 89:   0.0000  0.0000  0.0000  0.0054  0.9946  0.0000  0.0000  0.0000  1
 90:   0.0000  0.0000  0.0000  0.0000  1.0000  0.0000  0.0000  0.0000  1
 91:   0.0000  0.0000  0.0000  0.0000  1.0000  0.0000  0.0000  0.0000  1
 92:   0.0000  0.0000  0.0000  0.0030  0.9970  0.0000  0.0000  0.0000  1
 93:   0.0000  0.0000  0.0000  0.0000  1.0000  0.0000  0.0000  0.0000  1
 94:   0.0000  1.0000  0.0000  0.0000  0.0000  0.0000  0.0000  0.0000  1
 95:   0.0000  0.1366  0.0000  0.0000  0.0000  0.0000  0.0803  0.7831  1
 96:   0.0000  1.0000  0.0000  0.0000  0.0000  0.0000  0.0000  0.0000  1
 97:   0.0000  0.1538  0.0000  0.0000  0.0000  0.0000  0.1455  0.7007  1
 98:   0.0000  0.1843  0.0000  0.0000  0.0000  0.0000  0.1300  0.6857  1
 99:   0.0000  1.0000  0.0000  0.0000  0.0000  0.0000  0.0000  0.0000  1
100:   0.0000  1.0000  0.0000  0.0000  0.0000  0.0000  0.0000  0.0000  1
101:   0.0000  0.1782  0.0000  0.0000  0.0000  0.0000  0.1302  0.6916  1
102:   0.0000  1.0000  0.0000  0.0000  0.0000  0.0000  0.0000  0.0000  1
103:   0.0000  1.0000  0.0000  0.0000  0.0000  0.0000  0.0000  0.0000  1
104:   0.0000  1.0000  0.0000  0.0000  0.0000  0.0000  0.0000  0.0000  1
105:   0.0000  1.0000  0.0000  0.0000  0.0000  0.0000  0.0000  0.0000  1
106:   0.0000  1.0000  0.0000  0.0000  0.0000  0.0000  0.0000  0.0000  1
107:   0.0000  1.0000  0.0000  0.0000  0.0000  0.0000  0.0000  0.0000  1
108:   0.0000  1.0000  0.0000  0.0000  0.0000  0.0000  0.0000  0.0000  1
109:   0.0217  0.1324  0.0000  0.0015  0.0003  0.0000  0.0853  0.7587  1
110:   0.0000  1.0000  0.0000  0.0000  0.0000  0.0000  0.0000  0.0000  1
111:   0.0000  1.0000  0.0000  0.0000  0.0000  0.0000  0.0000  0.0000  1
112:   0.0000  0.0000  0.0000  0.0000  0.0000  0.0000  0.8000  0.2000  1
113:   0.0000  0.0000  0.0000  0.0000  0.0000  0.0000  0.7012  0.2988  1
114:   0.0000  0.0000  0.0000  0.0000  0.0000  0.0000  0.8000  0.2000  1
115:   0.0000  0.0000  0.0000  0.0000  0.0000  0.0000  0.5643  0.4357  1
116:   0.0000  0.0000  0.0000  0.0000  0.0000  0.0000  0.8000  0.2000  1
117:   0.0000  0.0000  0.0000  0.0000  0.0000  0.0000  0.8000  0.2000  1
118:   0.0000  0.0000  0.0000  0.0000  0.0000  0.0000  0.3934  0.6066  1
119:   0.0000  0.0000  0.0000  0.0000  0.0000  0.0000  0.8000  0.2000  1
120:   0.0000  0.0000  0.0000  0.0000  0.0000  0.0000  0.8000  0.2000  1
121:   0.0000  0.0000  0.0000  0.0000  0.0000  0.0000  0.8000  0.2000  1
122:   0.0000  0.0000  0.0000  0.0000  0.0000  0.0000  0.8000  0.2000  1
123:   0.0000  0.0000  0.0000  0.0000  0.0000  0.0000  0.8000  0.2000  1
124:   0.0000  0.0000  0.0000  0.0000  0.0000  0.0000  0.8000  0.2000  1
125:   0.0000  0.0000  0.0000  0.0000  0.0000  0.0000  0.8000  0.2000  1
126:   0.0000  0.0000  0.0000  0.0000  0.0000  0.0000  0.8000  0.2000  1
127:   0.0000  0.0000  0.0000  0.0000  0.0000  0.0000  0.8000  0.2000  1
128:   0.0000  0.0000  0.0000  0.0000  0.0000  0.0000  0.0000  1.0000  1
129:   0.0000  0.0000  0.0000  0.0000  0.0000  0.0000  0.0000  1.0000  1
130:   0.0000  0.0000  0.0000  0.0000  0.0000  0.0000  0.0850  0.9150  1
131:   0.0000  0.0000  0.0000  0.0000  0.0000  0.0000  0.1873  0.8127  1
132:   0.0000  0.0000  0.0000  0.0000  0.0000  0.0000  0.1319  0.8681  1
133:   0.0000  0.0000  0.0000  0.0000  0.0000  0.0000  0.1243  0.8757  1
134:   0.0000  0.0227  0.0000  0.0000  0.0000  0.0000  0.3845  0.5928  1
135:   0.0139  0.0035  0.0000  0.0067  0.0025  0.0000  0.3095  0.6638  1
136:   0.0781  0.0309  0.0000  0.0139  0.0124  0.0001  0.3295  0.5350  1
137:   0.0000  0.0000  0.0000  0.0000  0.0000  0.0000  0.2875  0.7125  1
138:   0.0000  0.0000  0.0000  0.0000  0.0000  0.0000  0.3209  0.6791  1
139:   0.0000  0.0000  0.0000  0.0000  0.0000  0.0000  0.3262  0.6738  1
140:   0.0000  0.0000  0.0000  0.0000  0.0000  0.0000  0.0945  0.9055  1
141:   0.0000  0.0000  0.0000  0.0000  0.0000  0.0000  0.1452  0.8548  1
142:   0.0000  0.0000  0.0000  0.0000  0.0000  0.0000  0.1943  0.8057  1
143:   0.0000  0.0000  0.0000  0.0000  0.0000  0.0000  0.0757  0.9243  1
144:   0.0000  0.0000  0.0000  0.0000  0.0000  0.0000  0.1236  0.8764  1
145:   0.0000  0.0000  0.0000  0.0000  0.0000  0.0000  0.0000  1.0000  1
146:   0.0000  0.0000  0.0000  0.0000  0.0000  0.0000  0.1185  0.8815  1
147:   0.0000  0.0000  0.0000  0.0000  0.0000  0.0000  0.0729  0.9271  1
148:   0.0000  0.0000  0.0000  0.0000  0.0000  0.0000  0.1168  0.8832  1
149:   0.0000  0.0000  0.0000  0.0000  0.0000  0.0000  0.1296  0.8704  1
150:   0.0000  0.0000  0.0000  0.0000  0.0000  0.0000  0.1055  0.8945  1
151:   0.0000  0.0000  0.0000  0.0000  0.0000  0.0000  0.1073  0.8927  1
152:   0.0000  0.0000  0.0000  0.0000  0.0000  0.0000  0.1117  0.8883  1
153:   0.0000  0.0000  0.0000  0.0000  0.0000  0.0000  0.0971  0.9029  1
154:   0.0000  0.0000  0.0000  0.0000  0.0000  0.0000  0.1022  0.8978  1
155:   0.0000  0.0000  0.0000  0.0000  0.0000  0.0000  0.1019  0.8981  1
156:   0.0000  0.0000  0.0000  0.0000  0.0000  0.0000  0.0982  0.9018  1
157:   0.0000  0.0000  0.0000  0.0000  0.0000  0.0000  0.1258  0.8742  1
158:   0.0000  0.0000  0.0000  0.0000  0.0000  0.0000  0.0000  1.0000  1
159:   0.0000  0.0000  0.0000  0.0000  0.0000  0.0000  0.1385  0.8615  1
160:   0.0000  0.0000  0.0000  0.0000  0.0000  0.0000  0.1030  0.8970  1
161:   0.0000  0.0000  0.0000  0.0000  0.0000  0.0000  0.0879  0.9121  1
162:   0.0000  0.0000  0.0000  0.0000  0.0000  0.0000  0.1398  0.8602  1
163:   0.0000  0.0000  0.0000  0.0000  0.0000  0.0000  0.1336  0.8664  1
164:   0.0000  0.0000  0.0000  0.0000  0.0000  0.0000  0.1198  0.8802  1
165:   0.0000  0.0000  0.0000  0.0000  0.0000  0.0000  0.1114  0.8886  1
166:   0.0000  0.0000  0.0000  0.0000  0.0000  0.0000  0.1544  0.8456  1
167:   0.0000  0.0000  0.0000  0.0000  0.0000  0.0000  0.0805  0.9195  1
168:   0.0000  0.0000  0.0000  0.0000  0.0000  0.0000  0.1006  0.8994  1
169:   0.0000  0.0000  0.0000  0.0000  0.0000  0.0000  0.1393  0.8607  1
170:   0.0000  0.0000  0.0000  0.0000  0.0000  0.0000  0.1001  0.8999  1
171:   0.0000  0.0239  0.0000  0.0000  0.0000  0.0000  0.0962  0.8799  1
172:   0.0000  0.0000  0.0000  0.0000  0.0000  0.0000  0.0966  0.9034  1
173:   0.0000  0.0000  0.0000  0.0000  0.0000  0.0000  0.1345  0.8655  1
174:   0.0000  0.0000  0.0000  0.0000  0.0000  0.0000  0.1334  0.8666  1
175:   0.0000  0.0000  0.0000  0.0000  0.0000  0.0000  0.1249  0.8751  1
176:   0.0000  0.0000  0.0000  0.0000  0.0000  0.0000  0.1010  0.8990  1
177:   0.0000  0.0000  0.0000  0.0000  0.0000  0.0000  0.0970  0.9030  1
178:   0.0000  0.0000  0.0000  0.0000  0.0000  0.0000  0.1359  0.8641  1
179:   0.0000  0.0000  0.0000  0.0000  0.0000  0.0000  0.1124  0.8876  1
180:   0.0000  0.0000  0.0000  0.0000  0.0000  0.0000  0.1155  0.8845  1
181:   0.0000  0.0000  0.0000  0.0000  0.0000  0.0000  0.1623  0.8377  1
182:   0.0000  0.0000  0.0000  0.0000  0.0000  0.0000  0.0610  0.9390  1
183:   0.0000  0.0000  0.0000  0.0000  0.0000  0.0000  0.1008  0.8992  1
184:   0.0000  0.0000  0.0000  0.0000  0.0000  1.0000  0.0000  0.0000  1
185:   0.0000  0.0000  0.0000  0.0000  0.0000  1.0000  0.0000  0.0000  1
186:   0.0000  0.0000  0.0000  0.0000  0.0000  1.0000  0.0000  0.0000  1
187:   0.0000  0.0000  0.0000  0.0000  0.0000  1.0000  0.0000  0.0000  1
188:   0.0000  0.0000  0.0000  0.0000  0.0000  1.0000  0.0000  0.0000  1
189:   0.0000  0.0000  0.0000  0.0000  0.0000  1.0000  0.0000  0.0000  1
190:   0.0000  0.0000  0.0000  0.0000  0.0000  1.0000  0.0000  0.0000  1
191:   0.0000  0.0000  0.0000  0.0000  0.0000  1.0000  0.0000  0.0000  1
192:   0.0000  0.0000  0.0000  0.0000  0.0000  1.0000  0.0000  0.0000  1
193:   0.0000  0.0000  0.0000  0.0000  0.0000  1.0000  0.0000  0.0000  1
194:   0.0000  0.0000  0.0000  0.0000  0.0000  1.0000  0.0000  0.0000  1
195:   0.0000  0.0000  0.0000  0.0000  0.0000  1.0000  0.0000  0.0000  1
196:   0.0000  0.0000  0.0000  0.0000  0.0000  1.0000  0.0000  0.0000  1
197:   0.0000  0.0000  0.0000  0.0000  0.0000  1.0000  0.0000  0.0000  1
198:   0.0000  0.0000  0.0000  0.0000  0.0000  1.0000  0.0000  0.0000  1
199:   0.0000  0.0000  0.0000  0.0000  0.0000  1.0000  0.0000  0.0000  1
200:   0.0000  0.0000  0.0000  0.0000  0.0000  1.0000  0.0000  0.0000  1
201:   0.0000  0.0000  0.0000  0.0000  0.0000  1.0000  0.0000  0.0000  1
202:   0.0000  0.0000  0.0000  0.0000  0.0000  1.0000  0.0000  0.0000  1
203:   0.0000  0.0000  0.1756  0.7000  0.1244  0.0000  0.0000  0.0000  1
204:   0.0000  0.0000  0.1795  0.7000  0.1205  0.0000  0.0000  0.0000  1
205:   0.0000  0.0000  0.1783  0.7000  0.1217  0.0000  0.0000  0.0000  1
206:   0.0000  0.0000  0.1700  0.7000  0.1300  0.0000  0.0000  0.0000  1
207:   0.0000  1.0000  0.0000  0.0000  0.0000  0.0000  0.0000  0.0000  1
208:   0.0000  1.0000  0.0000  0.0000  0.0000  0.0000  0.0000  0.0000  1
209:   0.0000  1.0000  0.0000  0.0000  0.0000  0.0000  0.0000  0.0000  1
210:   0.0000  1.0000  0.0000  0.0000  0.0000  0.0000  0.0000  0.0000  1
211:   0.0000  1.0000  0.0000  0.0000  0.0000  0.0000  0.0000  0.0000  1
212:   0.0000  1.0000  0.0000  0.0000  0.0000  0.0000  0.0000  0.0000  1
213:   0.0000  0.9757  0.0241  0.0002  0.0000  0.0000  0.0000  0.0000  1
214:   0.0000  1.0000  0.0000  0.0000  0.0000  0.0000  0.0000  0.0000  1
215:   0.0000  1.0000  0.0000  0.0000  0.0000  0.0000  0.0000  0.0000  1
216:   0.0000  1.0000  0.0000  0.0000  0.0000  0.0000  0.0000  0.0000  1
217:   0.0000  1.0000  0.0000  0.0000  0.0000  0.0000  0.0000  0.0000  1
218:   0.0000  1.0000  0.0000  0.0000  0.0000  0.0000  0.0000  0.0000  1
219:   0.0000  1.0000  0.0000  0.0000  0.0000  0.0000  0.0000  0.0000  1
220:   0.0000  1.0000  0.0000  0.0000  0.0000  0.0000  0.0000  0.0000  1
221:   0.0000  1.0000  0.0000  0.0000  0.0000  0.0000  0.0000  0.0000  1
222:   0.0000  1.0000  0.0000  0.0000  0.0000  0.0000  0.0000  0.0000  1
223:   0.0000  1.0000  0.0000  0.0000  0.0000  0.0000  0.0000  0.0000  1
224:   0.0000  1.0000  0.0000  0.0000  0.0000  0.0000  0.0000  0.0000  1
225:   0.0000  1.0000  0.0000  0.0000  0.0000  0.0000  0.0000  0.0000  1
226:   0.0000  1.0000  0.0000  0.0000  0.0000  0.0000  0.0000  0.0000  1
227:   0.0000  1.0000  0.0000  0.0000  0.0000  0.0000  0.0000  0.0000  1
228:   0.0000  1.0000  0.0000  0.0000  0.0000  0.0000  0.0000  0.0000  1
229:   0.0000  1.0000  0.0000  0.0000  0.0000  0.0000  0.0000  0.0000  1
230:   0.0000  1.0000  0.0000  0.0000  0.0000  0.0000  0.0000  0.0000  1
231:   0.0000  1.0000  0.0000  0.0000  0.0000  0.0000  0.0000  0.0000  1
232:   0.0000  1.0000  0.0000  0.0000  0.0000  0.0000  0.0000  0.0000  1
233:   0.0000  1.0000  0.0000  0.0000  0.0000  0.0000  0.0000  0.0000  1
234:   0.0000  1.0000  0.0000  0.0000  0.0000  0.0000  0.0000  0.0000  1
235:   0.0000  1.0000  0.0000  0.0000  0.0000  0.0000  0.0000  0.0000  1
236:   0.0000  0.8423  0.0000  0.0000  0.0000  0.0000  0.0306  0.1271  1
237:   0.0000  1.0000  0.0000  0.0000  0.0000  0.0000  0.0000  0.0000  1
238:   0.0000  0.0000  0.0000  0.0000  0.0000  0.0000  0.0000  1.0000  1
239:   0.0000  0.0000  0.0000  0.0000  0.0000  0.0000  0.0000  1.0000  1
240:   0.0000  0.0000  0.0000  0.0000  0.0000  0.0000  0.0000  1.0000  1
241:   0.0000  0.0000  0.0000  0.0000  0.0000  0.0000  0.0551  0.9449  1
242:   0.8339  0.0000  0.0000  0.1522  0.0000  0.0000  0.0139  0.0000  1
243:   0.8696  0.0000  0.0000  0.0854  0.0000  0.0000  0.0450  0.0000  1
244:   0.8516  0.0000  0.0000  0.1483  0.0000  0.0000  0.0001  0.0000  1
245:   0.8700  0.0000  0.0000  0.1300  0.0000  0.0000  0.0000  0.0000  1
246:   0.6988  0.0000  0.0000  0.3000  0.0000  0.0000  0.0012  0.0000  1
247:   0.5000  0.0000  0.0000  0.3000  0.0000  0.0000  0.2000  0.0000  1
248:   0.9621  0.0000  0.0000  0.0000  0.0000  0.0000  0.0379  0.0000  1
249:   0.8660  0.0000  0.0000  0.1339  0.0000  0.0000  0.0001  0.0000  1
250:   0.8268  0.0000  0.0000  0.1280  0.0000  0.0000  0.0452  0.0000  1
251:   0.8682  0.0000  0.0000  0.1318  0.0000  0.0000  0.0000  0.0000  1
252:   1.0000  0.0000  0.0000  0.0000  0.0000  0.0000  0.0000  0.0000  1
253:   0.7000  0.0000  0.0000  0.3000  0.0000  0.0000  0.0000  0.0000  1
254:   0.9640  0.0000  0.0000  0.0000  0.0000  0.0000  0.0360  0.0000  1
255:   0.5000  0.0000  0.0000  0.3000  0.0000  0.0000  0.2000  0.0000  1
256:   0.8572  0.0000  0.0000  0.1428  0.0000  0.0000  0.0000  0.0000  1
257:   0.7238  0.0000  0.0000  0.0762  0.0000  0.0000  0.2000  0.0000  1
258:   1.0000  0.0000  0.0000  0.0000  0.0000  0.0000  0.0000  0.0000  1
259:   0.8156  0.0000  0.0000  0.1450  0.0000  0.0000  0.0394  0.0000  1
260:   0.8564  0.0000  0.0000  0.1436  0.0000  0.0000  0.0000  0.0000  1
261:   0.9242  0.0000  0.0000  0.0758  0.0000  0.0000  0.0000  0.0000  1
262:   0.9639  0.0000  0.0000  0.0000  0.0000  0.0000  0.0361  0.0000  1
263:   0.9986  0.0000  0.0000  0.0000  0.0000  0.0000  0.0014  0.0000  1
264:   0.5000  0.0000  0.0000  0.3000  0.0000  0.0000  0.2000  0.0000  1
265:   0.9633  0.0000  0.0000  0.0000  0.0000  0.0000  0.0367  0.0000  1
266:   0.7000  0.0000  0.0000  0.3000  0.0000  0.0000  0.0000  0.0000  1
267:   0.8511  0.0000  0.0000  0.1486  0.0000  0.0000  0.0003  0.0000  1
268:   0.8633  0.0000  0.0000  0.1367  0.0000  0.0000  0.0000  0.0000  1
269:   0.8450  0.0000  0.0000  0.1549  0.0000  0.0000  0.0001  0.0000  1
270:   0.7000  0.0000  0.0000  0.3000  0.0000  0.0000  0.0000  0.0000  1
271:   0.8635  0.0000  0.0000  0.1365  0.0000  0.0000  0.0000  0.0000  1
272:   0.5000  0.0000  0.0000  0.3000  0.0000  0.0000  0.2000  0.0000  1
273:   0.8207  0.0000  0.0000  0.1405  0.0000  0.0000  0.0388  0.0000  1
274:   1.0000  0.0000  0.0000  0.0000  0.0000  0.0000  0.0000  0.0000  1
275:   0.8298  0.0000  0.0000  0.1279  0.0000  0.0000  0.0423  0.0000  1
276:   0.9432  0.0000  0.0000  0.0568  0.0000  0.0000  0.0000  0.0000  1
277:   0.8132  0.0000  0.0000  0.1459  0.0000  0.0000  0.0409  0.0000  1
278:   0.8326  0.0000  0.0000  0.1414  0.0000  0.0000  0.0260  0.0000  1
279:   0.9570  0.0000  0.0000  0.0000  0.0000  0.0000  0.0430  0.0000  1
280:   0.8598  0.0000  0.0000  0.1402  0.0000  0.0000  0.0000  0.0000  1
281:   0.8823  0.0000  0.0000  0.1175  0.0000  0.0000  0.0001  0.0000  1
