model:	lgb_p1tb_2f	theta:	954.795994739	ll:	-14404.0638	AIC:	28832.1276	optimal_parameters:	[ 0.95728366  0.22194292  1.5459385   9.97545626  1.05138055  0.10188279
  0.01        0.01002613  0.41629218  0.6056727   1.37520376  3.08107255]
model:	lgrowth_p2	theta:	1398.4826758	ll:	-8940.7238	AIC:	17903.4476	optimal_parameters:	[ 0.99382891  0.33645606  1.3351117   0.2167548   1.89798223  0.02620791
  7.00952087  0.01000308  0.06535944  0.01        3.93590768]
model:	lgrowth_p3	theta:	1449.64252129	ll:	-7891.0862	AIC:	15804.1723	optimal_parameters:	[ 0.99999998  0.04455633  0.24495021  9.97732503  0.11549428  0.01635153
  2.18332056  0.01022487  0.03003602  0.01753052  1.00177417]
model:	cgrowth	theta:	1525.73560503	ll:	-7351.2421	AIC:	14722.4841	optimal_parameters:	[  1.13031479e-01   6.75377613e-02   1.64531535e-01   7.81655023e-03
   6.30995541e-01   1.00000005e-02   9.99999995e+00   6.97693890e-01
   3.46161226e-01   1.22083545e-01]
model:	lgrowth_both	theta:	1522.3188232	ll:	-7367.2935	AIC:	14758.5871	optimal_parameters:	[ 0.06131486  0.02043788  0.4756771   1.86279078  1.08398758  0.01068743
 10.          0.02411026  0.02713226  0.75833712  1.18780304  1.04941691]
model:	lgrowth_both	theta:	1276.35864725	ll:	-9312.6288	AIC:	18649.2576	optimal_parameters:	[ 0.43827508  0.0128752   4.38106201  0.43490426  2.67716812  0.01262242
  7.87585961  2.78093957  0.01523199  0.01016579  1.00459652  1.00860552]
model:	lgrowth_p2	theta:	1519.1947762	ll:	-7368.1996	AIC:	14758.3992	optimal_parameters:	[  4.12970879e-02   3.99929004e-03   3.33472615e-01   9.53771141e-01
   1.47490477e+00   1.00000005e-02   9.99999994e+00   8.70119832e-01
   1.57404812e-02   8.96458360e-02   1.04170097e+00]
model:	cgrowth	theta:	1460.94494273	ll:	-7552.3033	AIC:	15124.6067	optimal_parameters:	[  9.97835577e-01   5.88005504e-03   2.85984231e-01   4.82805888e-01
   1.41792847e+00   1.61904134e-02   9.99993226e+00   1.41257673e+00
   2.04202517e-01   1.03270149e-02]
