72 191844 1589932.92765588
72 19185 1304813.69056915
72 1919 983584.827703503
72 200 664758.529753691
72 199 674087.85643913
72 198 691238.976031548
72 197 667529.634510876
72 196 709265.052241174
72 195 681225.156424014
72 194 664257.135551864
72 193 710228.518421273
72 192 675030.939796967
72 191 690238.152985055
72 190 697901.143196964
72 189 681852.937795067
72 188 671734.815635224
72 187 663163.516432232
72 186 683071.679123026
72 185 658944.401800577
72 184 689541.262761561
72 183 667607.790038742
72 182 660591.78863428
72 181 652483.61919387
72 180 665178.084631504
72 179 684353.040308839
72 178 686696.164797392
72 177 671478.286786443
72 176 649028.69074741
72 175 667619.691271645
72 174 669891.180068823
72 173 674718.813186234
72 172 637659.59598312
72 171 697444.539889848
72 170 661569.103886221
72 169 663818.728039478
72 168 632513.175595333
72 167 653686.169235144
72 166 662400.27719133
72 165 681660.186998189
72 164 686484.04426718
72 163 661154.448766932
72 162 647214.080564457
72 161 671642.322223932
72 160 631191.665239822
72 159 664922.378099817
72 158 667447.987266156
72 157 663006.606519533
72 156 666527.299372066
72 155 658305.257488136
72 154 655714.16431574
72 153 640966.83061884
72 152 719902.979245521
72 151 668641.892967757
72 150 616372.109233414
72 149 646702.143229452
72 148 629395.766439478
72 147 650336.019770554
72 146 643172.628015029
72 145 643979.505023671
72 144 646574.723243502
72 143 673583.127723764
72 142 624357.518430798
72 141 642741.128720177
72 140 629479.434312598
72 139 626704.109843558
72 138 647936.616593866
72 137 650027.20653395
72 136 608272.195775674
72 135 632388.961823573
72 134 656432.807511205
72 133 658085.048777826
72 132 595003.219403407
72 131 629987.320705696
72 130 609791.690877892
72 129 592466.709366518
72 128 618075.420226169
72 127 618793.505893574
72 126 617071.411046058
72 125 589286.30581144
72 124 606937.264347729
72 123 604500.602610963
72 122 621447.177811272
72 121 650465.319830046
72 120 630088.064494148
72 119 628011.356199346
72 118 604625.872707055
72 117 623193.372586714
72 116 609437.229597687
72 115 621910.007134297
72 114 596298.179899221
72 113 655304.893410315
72 112 634483.832510644
72 111 682499.750305571
72 110 633374.490981805
72 109 632393.024207678
72 108 604909.60681759
72 107 618743.561420414
72 106 654059.860069467
72 105 618464.005654317
72 104 633957.003039814
72 103 611300.622438922
72 102 620723.058670587
72 101 579319.984407178
72 100 640364.618636061
72 99 577633.031387694
72 98 627198.22094488
72 97 611172.975563735
72 96 579410.283097631
72 95 604562.937700139
72 94 591563.522338151
72 93 648241.19103033
72 92 606872.767730566
72 91 600592.345720556
72 90 585552.986285157
72 89 595540.866941554
72 88 573154.934016433
72 87 627458.693281751
72 86 580229.206671225
72 85 593688.873773012
72 84 567373.258456546
72 83 551579.860801426
72 82 552962.032663537
72 81 669566.45617834
72 80 597608.123829419
72 79 606155.570396245
72 78 604890.168808599
72 77 586601.111379915
72 76 565221.542683309
72 75 612467.934246958
72 74 648862.858343236
72 73 565401.860285972
72 72 589922.244835912
72 71 622280.8882466
72 70 624017.828323852
72 69 573537.124067451
72 68 593975.118448512
72 67 601058.004828153
72 66 590502.091022202
72 65 565389.800139068
72 64 544700.093147762
72 63 560183.92689488
72 62 569440.823577523
72 61 558186.524983347
72 60 574395.214752067
72 59 601331.769911644
72 58 592242.444153277
72 57 547651.826283649
72 56 543716.981815625
72 55 604771.171573873
72 54 567913.738069686
72 53 537106.454789298
72 52 523425.065182963
72 51 600795.7912993
72 50 509114.997479632
72 49 538247.624329293
72 48 556952.41884813
72 47 540964.098306321
72 46 522909.407060516
72 45 542625.343025471
72 44 513426.769625293
72 43 521232.227860585
72 42 520810.996986945
72 41 523370.377826757
72 40 501731.678108096
72 39 513155.469207976
72 38 518940.866490425
72 37 520438.993518898
72 36 512129.988520736
72 35 523038.604499085
72 34 494234.721901282
72 33 523723.977691786
72 32 528426.797692208
72 31 488758.963927004
72 30 551887.484568585
72 29 478530.165424876
72 28 475804.106218414
72 27 528287.617683358
72 26 475650.341186858
72 25 482997.381023012
72 24 475511.422515061
72 23 491039.695695106
72 22 473865.023304843
72 21 514447.912183269
72 20 479579.831307237
72 19 492614.290572871
72 18 493018.108954187
72 17 476611.140756069
72 16 460509.724800927
72 15 476759.994590863
72 14 516695.130748252
72 13 458102.074744493
72 12 561054.231561079
72 11 555499.494477018
72 10 558374.746288173
72 9 531796.001729791
72 8 504326.189356266
72 7 595284.02385396
72 6 711464.702895833
72 5 736424.987867327
72 4 722336.238862373
72 3 831104.015942725
72 2 1012702.93568854
72 1 1350094.28290719
