40 191844 1511301.64014044
40 19185 1326946.15031868
40 1919 994112.389962669
40 200 719407.7842443
40 199 695270.371361762
40 198 700382.606057425
40 197 700302.153775917
40 196 696578.553425469
40 195 706083.295453135
40 194 682507.647621182
40 193 690881.674579439
40 192 713198.243366758
40 191 697672.945962904
40 190 726994.759196624
40 189 655835.152877829
40 188 701905.723350476
40 187 676548.429765791
40 186 721014.62606392
40 185 698975.146017679
40 184 710723.050447735
40 183 682519.455387358
40 182 696873.75221256
40 181 717071.117026424
40 180 693598.407084854
40 179 682941.529457132
40 178 720804.286967066
40 177 659444.605829238
40 176 681816.420240984
40 175 722470.288660283
40 174 687801.998444358
40 173 680059.233369038
40 172 652178.779537431
40 171 665947.0278977
40 170 649433.912326181
40 169 654555.123143947
40 168 680477.607173334
40 167 692272.90794808
40 166 649489.263556606
40 165 662720.972472589
40 164 653745.629740326
40 163 676275.432270268
40 162 671591.019535026
40 161 652885.231422977
40 160 682573.968745053
40 159 673540.792459145
40 158 657431.832075149
40 157 618000.909594626
40 156 644849.281477604
40 155 689999.126482019
40 154 654362.494717444
40 153 631912.727908026
40 152 673702.818429685
40 151 648948.735424629
40 150 657232.804463348
40 149 640336.112768956
40 148 655080.978447682
40 147 635367.254367635
40 146 636302.281310488
40 145 640320.757319551
40 144 629493.868877843
40 143 629728.811438383
40 142 641137.967393177
40 141 641083.981189169
40 140 695156.170364428
40 139 675361.458324276
40 138 657789.460902867
40 137 639876.448627317
40 136 631233.986915068
40 135 662075.115291017
40 134 624697.703580053
40 133 681856.542391062
40 132 625558.307858808
40 131 705641.871053893
40 130 672880.846290595
40 129 677568.089695357
40 128 637288.49203297
40 127 623859.020561335
40 126 653143.308573682
40 125 593730.491353092
40 124 605471.739647074
40 123 614510.059159493
40 122 640013.813533701
40 121 626508.885075111
40 120 653348.679333218
40 119 627587.862404317
40 118 585114.080850102
40 117 613696.626920476
40 116 621334.252203918
40 115 590925.253203074
40 114 607943.912547965
40 113 612084.523566807
40 112 629937.285456494
40 111 590945.57789176
40 110 606519.552637021
40 109 601143.093340394
40 108 605232.172792367
40 107 635334.268930653
40 106 618932.858490139
40 105 606187.184834354
40 104 608519.154135093
40 103 568430.376751508
40 102 615777.622121965
40 101 603740.355156397
40 100 602598.553998817
40 99 632792.963043055
40 98 574775.222792086
40 97 635951.370767863
40 96 601276.333310551
40 95 633016.361638132
40 94 594335.482235515
40 93 592333.198571441
40 92 628325.900960843
40 91 650425.8832904
40 90 562316.509854059
40 89 583781.273823166
40 88 588756.661939758
40 87 616155.409173784
40 86 590985.980625387
40 85 544812.602002917
40 84 556245.120783666
40 83 538813.106557408
40 82 605676.172992387
40 81 563773.758616385
40 80 674355.539373968
40 79 571162.631454018
40 78 587997.362792295
40 77 571470.452966173
40 76 603056.556587772
40 75 576090.941769168
40 74 580863.010255558
40 73 581796.70481494
40 72 587126.155588923
40 71 609306.624480729
40 70 535548.466429441
40 69 527910.149810293
40 68 550766.463481141
40 67 556626.352825026
40 66 603521.549486912
40 65 538447.108233972
40 64 534835.486217217
40 63 541505.627234721
40 62 574252.728875699
40 61 572598.253210877
40 60 544202.617691132
40 59 562131.290038355
40 58 504786.53926032
40 57 534736.52803816
40 56 514896.848932191
40 55 541458.52632804
40 54 540000.336217449
40 53 552303.691910274
40 52 599342.693419515
40 51 542572.799694416
40 50 518281.403739463
40 49 550128.342440877
40 48 506420.841588726
40 47 537127.681665672
40 46 532147.4322744
40 45 536257.622172386
40 44 522941.608944957
40 43 513014.672063149
40 42 526206.9571376
40 41 533832.667849972
40 40 517912.418808043
40 39 541599.239366079
40 38 506344.367386321
40 37 523294.951559291
40 36 529952.055077696
40 35 529242.434884597
40 34 567234.511961678
40 33 550698.78853165
40 32 523600.373154693
40 31 600997.633389944
40 30 537802.928933996
40 29 534300.561229631
40 28 537006.431633065
40 27 545668.729573419
40 26 522215.970124838
40 25 533400.221388779
40 24 538318.591155453
40 23 502387.276164301
40 22 552719.391138738
40 21 503116.891489249
40 20 580290.58400923
40 19 525263.403723504
40 18 523769.371704933
40 17 490767.471864339
40 16 529906.090255314
40 15 502318.40892842
40 14 530943.735961769
40 13 537408.022493371
40 12 555236.467279006
40 11 545226.475730703
40 10 555944.141282114
40 9 525423.215112212
40 8 540750.312481354
40 7 543930.643495685
40 6 561805.052794693
40 5 637764.886981761
40 4 745394.549208171
40 3 683377.702985336
40 2 1047413.22022841
40 1 1394010.91670449
