27 191844 1639752.5812392
27 19185 1282045.26807087
27 1919 1009305.94727194
27 200 695509.353247748
27 199 672466.854061896
27 198 680357.610914882
27 197 747236.925840407
27 196 696458.532445238
27 195 675465.716989602
27 194 714645.218262359
27 193 670787.516854974
27 192 699599.90512266
27 191 677467.832217717
27 190 693937.910973364
27 189 687602.850090841
27 188 682783.536458533
27 187 677466.689733132
27 186 659057.621022369
27 185 688929.324166553
27 184 687862.792679821
27 183 654324.700257796
27 182 678381.990948907
27 181 682484.66202642
27 180 641585.350362367
27 179 658791.166592871
27 178 668571.95503632
27 177 656699.460778457
27 176 667819.395327467
27 175 675244.089045904
27 174 651726.262161737
27 173 743289.768408824
27 172 673205.892042302
27 171 662315.444352282
27 170 673182.349459488
27 169 648989.511774167
27 168 652564.177162243
27 167 639416.472175498
27 166 667928.465128105
27 165 695806.21271937
27 164 701981.78545579
27 163 667358.989972065
27 162 656121.499742005
27 161 664716.243025038
27 160 635132.138351385
27 159 674666.579375974
27 158 671455.114414425
27 157 638686.426904998
27 156 660605.08618412
27 155 651466.071266494
27 154 637936.170433728
27 153 622902.81333619
27 152 655272.152864862
27 151 648973.136803214
27 150 666614.083832789
27 149 649822.152858596
27 148 666471.36174839
27 147 619136.911183904
27 146 637005.692065178
27 145 681355.256693481
27 144 628767.765788209
27 143 640743.675127954
27 142 593739.786518039
27 141 645577.730437004
27 140 629842.201320555
27 139 635448.112006951
27 138 634347.602335189
27 137 603040.338762315
27 136 632848.209762888
27 135 658881.507421524
27 134 624611.223861569
27 133 635713.300563252
27 132 631196.894105693
27 131 606543.998090941
27 130 619679.505102101
27 129 618476.931486066
27 128 627545.640198617
27 127 646836.612037057
27 126 606667.825001231
27 125 610479.174030354
27 124 619938.848780762
27 123 695474.365720222
27 122 646077.701493066
27 121 615388.948421382
27 120 623671.751102195
27 119 622780.254067766
27 118 584798.312340774
27 117 609686.964280428
27 116 610886.456003215
27 115 601639.749804672
27 114 614602.865706429
27 113 599663.518016694
27 112 605628.544714943
27 111 597188.768140832
27 110 610438.95676261
27 109 627919.851625596
27 108 601797.971127523
27 107 622365.043454809
27 106 601663.650985483
27 105 611007.690934949
27 104 567863.033101707
27 103 610005.219611065
27 102 646151.3603703
27 101 590430.766474471
27 100 603765.417575276
27 99 584096.421971848
27 98 570263.2788763
27 97 612281.592731089
27 96 575287.828010162
27 95 617481.219862409
27 94 577807.6414745
27 93 628375.148745132
27 92 592090.001502157
27 91 560843.501694363
27 90 594881.167405139
27 89 627014.372968311
27 88 647710.369945761
27 87 590183.504678654
27 86 581369.748725778
27 85 597964.301875033
27 84 570722.825240713
27 83 586623.49674279
27 82 565843.242808052
27 81 580170.758556419
27 80 601515.255914836
27 79 552853.563557516
27 78 550437.415880768
27 77 622889.503483753
27 76 579266.488601269
27 75 566818.203355475
27 74 569789.412144734
27 73 581579.408408995
27 72 562406.830687941
27 71 568228.167971084
27 70 562280.749885075
27 69 586483.524980813
27 68 552276.978337579
27 67 599902.041657764
27 66 596879.174268247
27 65 582386.522740024
27 64 559539.67060003
27 63 542123.630779437
27 62 560755.339741133
27 61 555653.198883922
27 60 555276.91315462
27 59 585068.634321852
27 58 582458.299594097
27 57 557536.898953493
27 56 537734.496349793
27 55 548537.987121453
27 54 539310.631617574
27 53 547254.420423957
27 52 565120.647170713
27 51 567880.619087407
27 50 569514.665230065
27 49 533683.066088494
27 48 592343.423098694
27 47 573362.562519023
27 46 542256.054994033
27 45 523903.699929661
27 44 546046.322613628
27 43 510812.831669967
27 42 520865.823768908
27 41 498928.564434118
27 40 535480.195913073
27 39 485089.595682642
27 38 503360.993477849
27 37 524023.245219306
27 36 487297.160063913
27 35 537850.049719406
27 34 503931.77926674
27 33 520645.989967616
27 32 532743.036485107
27 31 521262.788770929
27 30 490473.874414133
27 29 470483.37808597
27 28 502496.504999228
27 27 501157.055571574
27 26 514080.114109714
27 25 496052.256528425
27 24 469288.564136371
27 23 468249.291756543
27 22 512069.338177064
27 21 443200.578622529
27 20 449237.113783866
27 19 460133.21146681
27 18 462837.752508401
27 17 460597.660040558
27 16 493483.890253281
27 15 468368.32516865
27 14 491194.673399068
27 13 495295.416437566
27 12 556193.27221092
27 11 533321.817198766
27 10 589925.141274589
27 9 651213.859071334
27 8 572113.671747665
27 7 635465.280806976
27 6 623599.907524077
27 5 687219.972495042
27 4 717841.917168369
27 3 936843.969113387
27 2 1131844.63024758
27 1 1317646.67901005
