34 191844 1643402.69135185
34 19185 1268810.84197881
34 1919 996039.471662404
34 200 685609.848785029
34 199 688448.361279832
34 198 693163.86997661
34 197 656309.351653472
34 196 709054.439968735
34 195 674751.276604292
34 194 691283.987560047
34 193 706777.171908401
34 192 690098.512489472
34 191 693556.643996782
34 190 703999.887606315
34 189 752872.79113931
34 188 712747.320680828
34 187 700349.347846939
34 186 675088.505111209
34 185 723440.486921165
34 184 691884.729182468
34 183 711722.417396157
34 182 697010.156572075
34 181 683419.096756286
34 180 702022.392258788
34 179 666740.896041408
34 178 657762.685971158
34 177 660280.098354396
34 176 665690.560270592
34 175 668504.582791906
34 174 672849.79950457
34 173 658085.517312448
34 172 677289.827637453
34 171 660652.836325239
34 170 717330.314144079
34 169 658115.486087208
34 168 666569.30267651
34 167 657129.692614864
34 166 661764.049764631
34 165 676605.704717089
34 164 661899.790666507
34 163 653419.097687205
34 162 694774.557922851
34 161 635522.212497634
34 160 663491.067586297
34 159 645326.289779376
34 158 667628.456096086
34 157 643402.255770332
34 156 694481.748137618
34 155 650492.675709676
34 154 627383.804022079
34 153 670755.226084192
34 152 636842.682393855
34 151 653853.82320279
34 150 651802.082516924
34 149 654186.141343281
34 148 662930.795021268
34 147 642835.665957795
34 146 638360.664692567
34 145 647828.704353442
34 144 688643.234300804
34 143 649648.278322474
34 142 666078.187580864
34 141 686010.87248931
34 140 655808.033826811
34 139 647671.031444695
34 138 631275.45156862
34 137 681921.482492138
34 136 622861.753816905
34 135 593331.401124615
34 134 603728.701569955
34 133 655786.080832141
34 132 638865.939291147
34 131 590010.746910938
34 130 579276.482875344
34 129 631105.465125374
34 128 655417.978328187
34 127 615458.187114259
34 126 598547.750828886
34 125 616798.076740923
34 124 580786.448035335
34 123 592843.069102625
34 122 616503.20387693
34 121 601139.828812482
34 120 610957.697082329
34 119 588639.501800156
34 118 619715.656900622
34 117 615762.29324545
34 116 600932.762823815
34 115 579646.621870117
34 114 589356.809114357
34 113 607744.103600061
34 112 586777.216087855
34 111 617538.790171528
34 110 627081.180579804
34 109 568392.886981807
34 108 567623.940274355
34 107 587530.53265366
34 106 582770.521940865
34 105 569506.658750559
34 104 637425.759328753
34 103 581017.003309303
34 102 600074.3895528
34 101 557190.681715761
34 100 594769.188042665
34 99 607580.659484124
34 98 592624.279542756
34 97 594044.917827596
34 96 586778.040442043
34 95 591844.863668414
34 94 550851.993487437
34 93 620361.628241986
34 92 597190.556710038
34 91 554489.78563
34 90 555482.598192536
34 89 572519.747545583
34 88 562372.440895093
34 87 657032.201082509
34 86 563193.315734862
34 85 587406.457558104
34 84 560377.31916896
34 83 567770.051636352
34 82 580342.367394225
34 81 584241.787146863
34 80 572488.192207678
34 79 550922.268273387
34 78 558504.989023227
34 77 579969.384868764
34 76 571716.077718885
34 75 605613.026290425
34 74 567474.089792767
34 73 554990.813088575
34 72 550296.858786659
34 71 586862.340714251
34 70 556114.059473995
34 69 568405.186887675
34 68 547726.655217573
34 67 555241.330152738
34 66 578449.512974906
34 65 582868.738775612
34 64 597221.631092614
34 63 615621.151507137
34 62 575919.111820002
34 61 580308.33025309
34 60 572182.307007399
34 59 568657.272401322
34 58 543376.256991067
34 57 520800.098417857
34 56 540745.16385855
34 55 542825.220884808
34 54 563801.746193075
34 53 548718.934639316
34 52 595180.801375357
34 51 576686.73467781
34 50 556583.211867895
34 49 556211.042946782
34 48 567601.679599735
34 47 577512.249566653
34 46 575420.389248687
34 45 512580.440036024
34 44 590508.008153068
34 43 535961.262741676
34 42 564626.262037247
34 41 598144.323388539
34 40 551349.122168974
34 39 546050.138744827
34 38 540777.319309645
34 37 535000.239910291
34 36 588787.690877346
34 35 556044.541095206
34 34 506334.698406497
34 33 517667.797607061
34 32 552125.774733538
34 31 544606.171247839
34 30 533239.902882299
34 29 548274.525641657
34 28 523244.096030828
34 27 528820.920559369
34 26 540053.15309579
34 25 536319.748554305
34 24 567022.031937005
34 23 534605.877563853
34 22 548024.802268298
34 21 553973.671234056
34 20 562466.847234366
34 19 610662.264213412
34 18 507141.529449909
34 17 553583.842009766
34 16 546577.346584667
34 15 615525.331658537
34 14 480704.01892061
34 13 486661.445211976
34 12 538920.262052075
34 11 539584.657324096
34 10 518477.147230742
34 9 544867.342415469
34 8 662724.823398577
34 7 671424.273351895
34 6 691552.654816536
34 5 725566.140078443
34 4 814749.707985748
34 3 823411.708628356
34 2 974545.681053169
34 1 1333166.74753463
