15 191844 1629301.59495695
15 19185 1315380.86605032
15 1919 986828.235204914
15 200 658063.171509417
15 199 739562.45042434
15 198 689342.126472936
15 197 729419.669402672
15 196 735384.77682695
15 195 794340.617702768
15 194 675048.026372708
15 193 738407.039988657
15 192 673708.862808206
15 191 676980.910089504
15 190 659986.026010225
15 189 675149.536714033
15 188 677814.401918966
15 187 666263.552593496
15 186 675957.650657558
15 185 691507.099942775
15 184 662523.83681301
15 183 657325.454256711
15 182 716089.108788385
15 181 652219.493057642
15 180 714094.255504992
15 179 668657.187259612
15 178 742555.516856643
15 177 670954.296041587
15 176 659843.907201598
15 175 685179.487726941
15 174 699794.667444155
15 173 701206.932646115
15 172 687181.602377856
15 171 698426.070344712
15 170 711593.560023461
15 169 663272.218364962
15 168 672712.882043251
15 167 625196.760956035
15 166 640510.345442159
15 165 668643.651138716
15 164 657023.011035238
15 163 698435.811886144
15 162 647747.221448638
15 161 638557.711539829
15 160 655193.209773646
15 159 643412.548633235
15 158 695360.610068354
15 157 667254.537437137
15 156 643565.15281713
15 155 647098.232674704
15 154 667106.879502639
15 153 691052.90474431
15 152 673000.056399228
15 151 634294.919180612
15 150 686146.068029566
15 149 644709.52444335
15 148 628130.871726562
15 147 638294.644175998
15 146 634881.58072709
15 145 651554.756657544
15 144 717812.04508674
15 143 653572.262082988
15 142 678423.512788229
15 141 657596.721902955
15 140 634546.850794908
15 139 629367.906792209
15 138 626808.4784739
15 137 634062.289495995
15 136 642803.617476761
15 135 652919.34396105
15 134 622374.32955286
15 133 689264.412864172
15 132 646216.317247339
15 131 608184.861237837
15 130 646500.682303806
15 129 651588.797056608
15 128 601899.429851156
15 127 638840.507720593
15 126 597800.808152376
15 125 619125.741604044
15 124 591925.764483218
15 123 622069.273795322
15 122 636022.247582736
15 121 606629.72926634
15 120 608616.758371247
15 119 627825.2345622
15 118 606215.311031395
15 117 619559.42584077
15 116 651968.167094218
15 115 604008.520768895
15 114 627015.965614635
15 113 586335.041001846
15 112 632803.702930185
15 111 623461.023855323
15 110 632967.652417341
15 109 613397.893861923
15 108 637596.702302451
15 107 630575.292717425
15 106 593971.686413021
15 105 596233.134395737
15 104 643962.167730206
15 103 619382.029852111
15 102 590712.840774218
15 101 642954.675305545
15 100 632849.784321362
15 99 584618.136611217
15 98 583547.245979054
15 97 604481.593555578
15 96 583759.454094469
15 95 574428.889342257
15 94 585679.166950581
15 93 557603.165109683
15 92 589484.848582208
15 91 606868.587643404
15 90 601257.478836445
15 89 590934.182913268
15 88 614334.282463226
15 87 564351.266443786
15 86 562370.573516027
15 85 590714.710651351
15 84 594916.762441794
15 83 583186.176241675
15 82 582322.109278034
15 81 589758.641493949
15 80 604897.177603405
15 79 617699.044365796
15 78 584978.401631807
15 77 575284.531183717
15 76 603174.012389368
15 75 583030.386021284
15 74 572074.459766128
15 73 584250.359153574
15 72 550632.07479941
15 71 592848.563320299
15 70 554088.213280126
15 69 568943.309452207
15 68 554915.636106563
15 67 595986.255786024
15 66 595954.696869106
15 65 581260.110841534
15 64 545696.491521839
15 63 539368.218496182
15 62 596289.075130013
15 61 603076.948317174
15 60 558591.548725599
15 59 608854.772070509
15 58 545054.142834599
15 57 581343.984768627
15 56 570635.519846302
15 55 575647.257888756
15 54 555711.265004304
15 53 600663.908343316
15 52 567838.767372779
15 51 589670.475607025
15 50 557429.075967469
15 49 565677.674998399
15 48 679634.110909016
15 47 544429.17027557
15 46 553798.202900417
15 45 559469.507620752
15 44 536900.287489584
15 43 544012.795347187
15 42 576252.932777204
15 41 545903.785125218
15 40 592306.05785742
15 39 588717.526354647
15 38 614327.894428016
15 37 604181.043258855
15 36 611051.578790137
15 35 622473.925591342
15 34 605783.931965895
15 33 587908.276467537
15 32 607722.068851222
15 31 586215.945037465
15 30 589777.799896459
15 29 589516.607705451
15 28 614562.64358658
15 27 613041.44625889
15 26 568138.635362833
15 25 594672.944593617
15 24 619533.721853214
15 23 586932.6292898
15 22 568451.032716645
15 21 566061.433864239
15 20 564662.140155213
15 19 572925.079578317
15 18 576664.403621123
15 17 613455.807003747
15 16 593410.093672746
15 15 584104.58796785
15 14 603086.087926274
15 13 566482.082949735
15 12 571577.814158132
15 11 631219.524760079
15 10 633124.496286609
15 9 718053.250408194
15 8 649951.69155897
15 7 665239.842813917
15 6 770423.733197451
15 5 763515.397705937
15 4 852430.641636965
15 3 945613.003722004
15 2 1010271.89158296
15 1 1282779.34735134
