38 191844 1604381.99848354
38 19185 1265084.08138569
38 1919 1040762.70996932
38 200 684966.829404842
38 199 686133.276281351
38 198 694278.249659883
38 197 684403.674736356
38 196 664371.983439402
38 195 649814.733582553
38 194 673629.06483081
38 193 687555.695639449
38 192 663349.834377412
38 191 682248.831450227
38 190 623992.182823892
38 189 640349.015035071
38 188 658085.656053241
38 187 667709.204592699
38 186 666548.991483814
38 185 692864.807207914
38 184 638345.772993514
38 183 640460.023313677
38 182 663008.773233429
38 181 644752.164217315
38 180 698990.450175836
38 179 659193.293295208
38 178 645528.471503843
38 177 629189.112649243
38 176 678250.822673639
38 175 660219.538664808
38 174 644277.7768775
38 173 666524.747361522
38 172 673226.764120581
38 171 625186.948463733
38 170 636693.292477523
38 169 665727.874822346
38 168 660539.323855047
38 167 632737.841926322
38 166 627850.803717922
38 165 637297.255205123
38 164 658216.917373499
38 163 631192.332778389
38 162 672252.733536551
38 161 671568.985479429
38 160 637999.853701611
38 159 641778.867049864
38 158 635266.392882208
38 157 616268.374068314
38 156 652638.231252655
38 155 651539.002240857
38 154 641653.289824604
38 153 619844.855676349
38 152 673575.846959464
38 151 592493.799861517
38 150 614490.652596284
38 149 644844.025212133
38 148 608607.618709744
38 147 691077.108920908
38 146 675009.756190006
38 145 611024.076003095
38 144 580284.286975281
38 143 607202.86815547
38 142 663622.067364385
38 141 607004.67226001
38 140 611483.130255527
38 139 636859.673363324
38 138 629033.668508057
38 137 656243.359129574
38 136 618987.767597009
38 135 635598.427948543
38 134 607394.405994951
38 133 657255.168439188
38 132 614847.986850238
38 131 616031.391893905
38 130 685442.159059254
38 129 633907.111221274
38 128 583651.836062533
38 127 609955.473592594
38 126 618518.2163812
38 125 627775.211524692
38 124 591823.386751344
38 123 590262.838987116
38 122 580163.485065599
38 121 570480.940101196
38 120 597682.225210981
38 119 639452.818972628
38 118 598076.541592716
38 117 589925.824079758
38 116 651071.248216085
38 115 593045.622763612
38 114 582609.176412243
38 113 592629.365122054
38 112 593198.818485948
38 111 570824.354171839
38 110 575645.60713991
38 109 614499.249421137
38 108 588971.40292612
38 107 568904.997108152
38 106 586780.202183106
38 105 619386.955122209
38 104 609088.343203024
38 103 562794.447738487
38 102 562736.496735386
38 101 573349.824889559
38 100 594326.692120141
38 99 587412.845927884
38 98 559640.534708823
38 97 580237.961123824
38 96 560545.516728247
38 95 602949.87744722
38 94 575801.860774814
38 93 583052.527525671
38 92 574463.102394032
38 91 618349.679333174
38 90 633621.304774815
38 89 565400.63674964
38 88 593714.963750633
38 87 546144.192281093
38 86 557327.103597143
38 85 557731.443928999
38 84 592053.945146282
38 83 581293.812574281
38 82 574815.984811084
38 81 601206.194058313
38 80 700059.704080916
38 79 578170.428757423
38 78 557246.533000479
38 77 562288.338789208
38 76 538778.216548549
38 75 557110.887306301
38 74 529489.755797795
38 73 564466.174739076
38 72 554238.173719415
38 71 631238.150287976
38 70 563081.581467193
38 69 591440.665357872
38 68 529139.850490196
38 67 541898.113742709
38 66 559642.300487538
38 65 557811.310836495
38 64 537191.611506137
38 63 550111.076139766
38 62 509510.659281669
38 61 564742.277254332
38 60 526023.920025149
38 59 530851.30231722
38 58 536537.917612027
38 57 499009.487709089
38 56 536752.41733973
38 55 516273.029668336
38 54 565294.894943807
38 53 491193.622890898
38 52 541370.247427483
38 51 522313.518835406
38 50 515543.913175119
38 49 530827.644745324
38 48 495435.770046026
38 47 514004.03095643
38 46 530549.659388049
38 45 499113.865968661
38 44 516757.557594501
38 43 520094.974887038
38 42 529593.512673798
38 41 502194.629496339
38 40 487036.211788859
38 39 539402.975951782
38 38 528476.285406291
38 37 494168.72326434
38 36 491680.968516745
38 35 512179.413530768
38 34 496523.63987324
38 33 500825.786384191
38 32 553691.266985124
38 31 574277.201418837
38 30 531313.509186305
38 29 519808.998755278
38 28 529844.091981324
38 27 478130.169838663
38 26 510935.470648958
38 25 486747.885405692
38 24 527239.342224169
38 23 506804.310915053
38 22 503791.848152039
38 21 493743.74247393
38 20 498009.653895103
38 19 521861.827178527
38 18 517350.272869513
38 17 493183.764602607
38 16 462748.343684333
38 15 523769.74397116
38 14 500546.323444596
38 13 495133.057858127
38 12 476801.70041188
38 11 506867.827061708
38 10 517203.376102554
38 9 523026.28773952
38 8 555870.148048846
38 7 578152.229766004
38 6 597702.0523486
38 5 622765.683363394
38 4 733348.72692298
38 3 898109.584248681
38 2 947780.919008989
38 1 1150115.14013702
