60 191844 1698697.28595323
60 19185 1378030.55159726
60 1919 1044710.63121143
60 200 738440.964725106
60 199 723773.663022959
60 198 735567.18659284
60 197 752180.445938805
60 196 730040.186483321
60 195 788536.255272498
60 194 762768.893795245
60 193 749406.106788474
60 192 744971.441322102
60 191 739182.624407613
60 190 700435.512645839
60 189 747747.463348101
60 188 742181.397265424
60 187 726973.978343398
60 186 795442.060566788
60 185 765585.653580475
60 184 709005.197143995
60 183 721128.158881638
60 182 714710.888290696
60 181 790627.803824092
60 180 698041.092721319
60 179 728121.807990787
60 178 715546.109887154
60 177 693945.652293441
60 176 704640.002056188
60 175 690803.354850821
60 174 713336.164947761
60 173 707445.100889112
60 172 729646.289245304
60 171 693898.973197035
60 170 701743.373227538
60 169 703873.297929516
60 168 699405.2091441
60 167 709198.846579838
60 166 710795.737010877
60 165 687044.931158162
60 164 714500.722835241
60 163 725866.441597487
60 162 672517.312454066
60 161 699133.989723718
60 160 714783.625497366
60 159 739726.427074613
60 158 704125.76150766
60 157 695434.938157588
60 156 684997.767766985
60 155 688710.986693742
60 154 709961.992420873
60 153 691622.596377721
60 152 702763.806479494
60 151 674914.837761209
60 150 712606.259273319
60 149 704432.970452995
60 148 701118.244825335
60 147 664433.516218054
60 146 675641.257172989
60 145 710072.125516173
60 144 683310.022558105
60 143 692595.051541998
60 142 683967.576355527
60 141 668775.330530945
60 140 750125.601331556
60 139 670812.042437331
60 138 688025.108697924
60 137 695232.6461415
60 136 673266.857630565
60 135 668633.895388539
60 134 658848.794074666
60 133 709043.688159356
60 132 690822.216115714
60 131 652557.320887169
60 130 690126.491983891
60 129 706099.093456856
60 128 674106.184182307
60 127 672212.29962094
60 126 676563.460075549
60 125 649435.997140171
60 124 635125.989434353
60 123 670999.999267928
60 122 670878.460630658
60 121 675390.804016753
60 120 670287.585760491
60 119 647551.505136506
60 118 671218.207494986
60 117 669418.204927868
60 116 688980.794286039
60 115 663474.116280068
60 114 663600.807556548
60 113 642812.873264736
60 112 660398.394281995
60 111 683860.327261756
60 110 672188.73617678
60 109 725101.365330324
60 108 654716.343695869
60 107 675077.613972367
60 106 667624.194438215
60 105 713905.651744498
60 104 682838.304102285
60 103 662243.581783055
60 102 683004.279041691
60 101 628273.273400449
60 100 664547.58172748
60 99 696947.619506834
60 98 615204.649250605
60 97 633969.742140848
60 96 699981.176455441
60 95 672653.2917318
60 94 617834.106945772
60 93 636121.354931161
60 92 613345.323613578
60 91 664650.231029785
60 90 650538.111753691
60 89 626702.513148752
60 88 615846.823565947
60 87 655131.751162695
60 86 640171.205493893
60 85 669566.857009411
60 84 626909.885695714
60 83 598965.982830299
60 82 632654.076415081
60 81 610365.222514987
60 80 642303.116370872
60 79 631836.503031937
60 78 604838.633215194
60 77 626066.165756626
60 76 609364.765029682
60 75 608227.634396398
60 74 577673.062310986
60 73 637109.127297173
60 72 645576.972204533
60 71 615970.267043794
60 70 612485.604708067
60 69 598140.312916604
60 68 613169.746102283
60 67 568421.944073864
60 66 568417.490079539
60 65 620597.786917529
60 64 609337.969666311
60 63 592692.111075338
60 62 602528.013914045
60 61 620554.681855687
60 60 600373.685726464
60 59 568844.277378596
60 58 628989.030259564
60 57 614593.792823081
60 56 602575.604760131
60 55 586209.899360666
60 54 617705.562321509
60 53 653516.781189404
60 52 622897.507383782
60 51 610072.930134566
60 50 596745.562785296
60 49 612704.315511013
60 48 603188.653766149
60 47 568360.133737764
60 46 574080.428686846
60 45 597249.4958192
60 44 590278.218444349
60 43 729966.623935824
60 42 599637.700923666
60 41 587408.152371849
60 40 596849.149434036
60 39 578556.775569847
60 38 618770.367660294
60 37 590332.162320818
60 36 617881.700448819
60 35 602303.30476517
60 34 569550.481932311
60 33 603744.31333913
60 32 571941.226871399
60 31 566667.490434657
60 30 524207.58851661
60 29 567486.94878379
60 28 559806.171596041
60 27 566071.195627202
60 26 535305.202722543
60 25 565088.377486041
60 24 560346.689030438
60 23 537714.734843235
60 22 521342.393534545
60 21 545814.765392063
60 20 513483.368570737
60 19 565376.62376326
60 18 576646.511775659
60 17 598976.169976637
60 16 592756.584339889
60 15 585031.482308831
60 14 652385.054076919
60 13 536928.770420745
60 12 542182.309164657
60 11 583010.145080973
60 10 526151.403189497
60 9 590890.376598537
60 8 579017.435828594
60 7 638458.400441271
60 6 647279.486447794
60 5 778538.922254031
60 4 931664.636384697
60 3 962202.817291065
60 2 1294701.44452486
60 1 1391130.0969976
