65 191844 1668049.26160433
65 19185 1252519.14028126
65 1919 963405.400778348
65 200 668566.944941506
65 199 660733.172053114
65 198 682158.188753177
65 197 645893.296108823
65 196 661239.569615687
65 195 664720.732601288
65 194 695246.235525824
65 193 689020.175433215
65 192 650213.567579497
65 191 661090.082327807
65 190 640713.355147053
65 189 685580.585743486
65 188 668934.633452334
65 187 648085.116392747
65 186 636394.904312358
65 185 659024.814623788
65 184 635377.47273712
65 183 634587.029173449
65 182 669733.696691731
65 181 666367.892298674
65 180 640418.862964373
65 179 651390.011892796
65 178 682110.403840696
65 177 659228.004577165
65 176 618915.346722559
65 175 638785.180126242
65 174 642335.757331249
65 173 659731.356961735
65 172 652731.414935163
65 171 667262.656607485
65 170 611174.147853731
65 169 621246.07316148
65 168 611706.835697034
65 167 673707.206208654
65 166 656552.913717772
65 165 626725.66032524
65 164 604060.195610475
65 163 613411.50947101
65 162 611027.106170676
65 161 624529.957291601
65 160 614624.040153591
65 159 632302.055368785
65 158 649920.157147555
65 157 679946.236745741
65 156 607073.771056951
65 155 644318.175800656
65 154 658361.156018624
65 153 644201.214316445
65 152 609278.407497831
65 151 646207.819223383
65 150 631498.702558658
65 149 637234.443175161
65 148 628390.213584748
65 147 658142.65046491
65 146 638106.090206317
65 145 603219.129918729
65 144 629765.954850758
65 143 638940.405714462
65 142 597030.262637231
65 141 617109.839432086
65 140 622890.411484524
65 139 610290.746076852
65 138 613577.199249644
65 137 613777.880834642
65 136 595936.621596255
65 135 635432.941807632
65 134 647671.756500509
65 133 587508.787855488
65 132 629141.088822911
65 131 617623.071839132
65 130 615112.020551932
65 129 597612.562894634
65 128 593467.066872879
65 127 621667.851018224
65 126 585673.047569014
65 125 605248.417757533
65 124 611955.780765907
65 123 601692.207498723
65 122 569346.372047547
65 121 563704.476282964
65 120 597508.053695272
65 119 590955.526308084
65 118 563751.660643051
65 117 574710.252198256
65 116 619323.794595871
65 115 604195.38370878
65 114 604206.983467204
65 113 593981.80371498
65 112 612564.48164215
65 111 601157.792286794
65 110 558029.481236082
65 109 577593.192746165
65 108 573273.956196187
65 107 587498.065693244
65 106 602219.959819141
65 105 602359.687584152
65 104 590374.080965036
65 103 568403.200244884
65 102 547284.044290719
65 101 577312.634097956
65 100 549040.804184339
65 99 580848.687952558
65 98 576691.165319402
65 97 571039.00346019
65 96 567210.201458675
65 95 600254.290074564
65 94 585205.329537205
65 93 560906.794217104
65 92 549418.168637099
65 91 580413.483394268
65 90 552835.668688649
65 89 545752.144066556
65 88 579099.520294879
65 87 557864.518112908
65 86 566713.95918728
65 85 578500.007446833
65 84 571521.593820026
65 83 575053.131919156
65 82 539609.105555685
65 81 541342.644016111
65 80 556960.941280343
65 79 542747.986562714
65 78 542332.202348776
65 77 544915.909337132
65 76 555459.21441052
65 75 556148.345183631
65 74 541440.64925377
65 73 557084.103047312
65 72 536557.550490916
65 71 580201.557540767
65 70 544637.897165553
65 69 524335.517359034
65 68 550592.22256787
65 67 522520.305954381
65 66 568849.154232735
65 65 549845.286623694
65 64 550448.546665357
65 63 554180.843623411
65 62 556171.835146814
65 61 600289.026024726
65 60 560860.215106713
65 59 574329.248881815
65 58 549582.878397546
65 57 555857.774603682
65 56 543074.291089641
65 55 551095.646929274
65 54 498942.481416016
65 53 517254.444743201
65 52 524929.024249424
65 51 527005.247443691
65 50 496179.844013763
65 49 516055.963611963
65 48 511829.616712127
65 47 542908.071877435
65 46 550193.683397208
65 45 529909.685562435
65 44 516360.809147055
65 43 533580.014836869
65 42 508477.73476253
65 41 493977.068203156
65 40 510937.459556264
65 39 513090.674827751
65 38 520825.432570085
65 37 493179.479660665
65 36 525163.337800519
65 35 508130.106798052
65 34 503828.303048486
65 33 500914.163756986
65 32 492586.529228957
65 31 514577.18170231
65 30 517420.415265045
65 29 496965.534239357
65 28 543615.090676084
65 27 493934.322137983
65 26 509128.799670067
65 25 507340.297270562
65 24 506369.57748997
65 23 559596.03815115
65 22 531403.504369306
65 21 538315.609739694
65 20 507854.087501883
65 19 556462.67967511
65 18 564163.063452591
65 17 538279.337544794
65 16 504614.385385785
65 15 535556.294580482
65 14 483561.665918503
65 13 517645.002497594
65 12 491154.279162743
65 11 539253.073560077
65 10 527454.58237491
65 9 532931.711764939
65 8 548990.658312012
65 7 646844.686198338
65 6 617551.827644927
65 5 904667.699733485
65 4 983135.674859779
65 3 957820.918908933
65 2 980509.332554721
65 1 1232086.63206511
