17 191844 1524264.65958165
17 19185 1287189.26037793
17 1919 988834.150495471
17 200 714161.205223872
17 199 755948.012523677
17 198 730431.408746533
17 197 729649.683821444
17 196 694716.662878082
17 195 725243.021380272
17 194 690137.955357922
17 193 732466.585751833
17 192 751915.496243848
17 191 763757.188140201
17 190 724392.603651787
17 189 711720.468262036
17 188 677189.336596272
17 187 714384.108076085
17 186 677890.513253779
17 185 727906.821562744
17 184 692226.631552636
17 183 736862.661439769
17 182 717063.880325179
17 181 667826.239000648
17 180 714666.406414386
17 179 713674.262628586
17 178 672043.840500472
17 177 687584.731746678
17 176 702285.113520856
17 175 698185.823976047
17 174 683645.39155055
17 173 679043.832140087
17 172 696071.621740401
17 171 703653.319080139
17 170 676636.327472064
17 169 674350.623984123
17 168 702922.469502164
17 167 759562.902790849
17 166 676924.757809893
17 165 705805.487563865
17 164 673792.033682556
17 163 697699.45273182
17 162 706705.831234641
17 161 696462.800134003
17 160 715313.816389684
17 159 675597.964369751
17 158 685512.981187781
17 157 692858.879632682
17 156 707447.156167039
17 155 664155.381004869
17 154 754403.505495501
17 153 707989.364771502
17 152 678672.60577057
17 151 666207.141445829
17 150 689938.240156489
17 149 699199.726062557
17 148 665391.938463652
17 147 681087.959995435
17 146 651848.276450432
17 145 684764.02078572
17 144 675784.644475863
17 143 665474.231036117
17 142 694529.428922807
17 141 681497.760996046
17 140 689621.300001135
17 139 650674.690678519
17 138 682673.963130324
17 137 650856.988197077
17 136 649967.46064278
17 135 633508.963384878
17 134 668173.6958569
17 133 645729.672297047
17 132 642756.915334349
17 131 703844.158366482
17 130 655911.813723217
17 129 645263.605220656
17 128 643221.693525217
17 127 653335.937259873
17 126 656990.417019392
17 125 646070.069948858
17 124 687364.181669736
17 123 710725.601657458
17 122 661384.067363395
17 121 606546.923543259
17 120 641999.200504922
17 119 661154.981699434
17 118 663879.111770229
17 117 700238.140091136
17 116 658203.752705114
17 115 645536.467259876
17 114 644616.112710346
17 113 659251.310365227
17 112 673584.035980855
17 111 628502.963460915
17 110 668508.911091887
17 109 647361.642464123
17 108 637120.260848881
17 107 672064.085124877
17 106 626358.576477431
17 105 625207.730112652
17 104 657891.748795828
17 103 646380.53667088
17 102 692088.46056473
17 101 660340.693729022
17 100 637775.061483523
17 99 631192.780477648
17 98 643760.230217089
17 97 613372.769114569
17 96 699882.702304886
17 95 606750.97662203
17 94 638835.639118233
17 93 642582.559194624
17 92 682094.572572207
17 91 663094.679069175
17 90 663358.721041707
17 89 636068.474772157
17 88 621996.758287827
17 87 642919.843314662
17 86 620942.789496134
17 85 641892.141680575
17 84 652841.621855097
17 83 627267.05657192
17 82 638139.790633787
17 81 652480.036088924
17 80 635194.975007302
17 79 588096.550777329
17 78 605987.165666853
17 77 632847.669900348
17 76 610217.798163554
17 75 629401.842866693
17 74 602167.382829633
17 73 667001.465869897
17 72 624588.424765538
17 71 600642.462728554
17 70 584199.250935469
17 69 651735.942297048
17 68 599383.889766976
17 67 615867.856949746
17 66 626717.98954443
17 65 615439.601099632
17 64 616593.009906775
17 63 622706.996918855
17 62 587881.994500907
17 61 684677.668731273
17 60 625911.751478486
17 59 590770.525876895
17 58 585617.375589507
17 57 608455.008229774
17 56 578943.339656701
17 55 584150.38125035
17 54 561686.349025772
17 53 559935.940397152
17 52 582087.721419936
17 51 577631.670829812
17 50 569973.183524643
17 49 613810.427500949
17 48 579858.415551556
17 47 593502.920449032
17 46 550909.457921239
17 45 608937.271598566
17 44 595817.676704197
17 43 617073.493244775
17 42 569843.072237012
17 41 567149.604007051
17 40 585472.051268568
17 39 566791.256903826
17 38 576467.098135474
17 37 602013.257408409
17 36 592060.384422299
17 35 567727.071367803
17 34 571999.714986737
17 33 582553.206917731
17 32 619137.486651618
17 31 552603.749205544
17 30 549808.507014163
17 29 536545.842094488
17 28 560872.574699022
17 27 581629.615995825
17 26 581976.6154753
17 25 556737.475328504
17 24 609810.300366831
17 23 572505.647348629
17 22 607254.384618136
17 21 615441.586372693
17 20 612577.979708063
17 19 573195.276824256
17 18 600535.417667512
17 17 573516.626021826
17 16 534687.950616934
17 15 541242.615720555
17 14 598794.401344446
17 13 545912.727286098
17 12 551478.246474357
17 11 620808.618097884
17 10 573848.041397339
17 9 594381.977572477
17 8 593569.255918013
17 7 607731.876981777
17 6 751602.009516415
17 5 791258.467773327
17 4 863495.152706543
17 3 939120.555597584
17 2 1065796.5924213
17 1 1214329.72613904
