80 191844 1597289.52944109
80 19185 1275880.48916941
80 1919 964676.007965024
80 200 746579.441535895
80 199 658726.505860914
80 198 682775.251052013
80 197 662104.079790945
80 196 699092.567637842
80 195 657745.869138888
80 194 749094.337269053
80 193 669061.540280568
80 192 676390.940296075
80 191 669402.074386679
80 190 695193.829899966
80 189 700924.241637895
80 188 660962.448896696
80 187 648126.222773129
80 186 766304.410102627
80 185 661853.713181348
80 184 675327.28751988
80 183 650223.552297132
80 182 687791.885675089
80 181 662540.725457804
80 180 686933.605897475
80 179 672528.969259955
80 178 663328.744861987
80 177 646596.400940386
80 176 643671.55222439
80 175 669852.536671238
80 174 669053.403619036
80 173 684558.416547405
80 172 683280.209598812
80 171 643980.950435291
80 170 639105.959634289
80 169 667718.959269299
80 168 669157.237980797
80 167 655226.087414902
80 166 661824.730849727
80 165 624966.317759734
80 164 671671.657506436
80 163 641690.83621732
80 162 683562.122806331
80 161 692333.472521748
80 160 630498.880407819
80 159 671944.274828777
80 158 648286.609794474
80 157 647586.177710081
80 156 626246.424383196
80 155 637800.259504583
80 154 636688.467713027
80 153 639051.679695973
80 152 641199.240376659
80 151 656645.937571709
80 150 630466.457096504
80 149 668462.672535601
80 148 649682.651475281
80 147 649593.790164872
80 146 636518.016716121
80 145 618912.391943946
80 144 637329.006515006
80 143 600336.949444072
80 142 618010.599944669
80 141 612452.582366785
80 140 621761.896081748
80 139 620422.354549681
80 138 623326.316111624
80 137 613764.834173333
80 136 609713.888883263
80 135 629670.109415073
80 134 606695.661017037
80 133 618901.330563677
80 132 582455.112315183
80 131 612885.454545113
80 130 602160.663484377
80 129 615733.288024564
80 128 595613.839247007
80 127 629441.101091853
80 126 585174.598209104
80 125 619074.052447821
80 124 615855.205513949
80 123 628001.94739435
80 122 623338.308910387
80 121 573020.569731777
80 120 572741.07843638
80 119 602875.1720716
80 118 612563.102249361
80 117 601451.355463102
80 116 584448.269188841
80 115 591005.407615982
80 114 598699.948751557
80 113 625531.071724496
80 112 621087.298830423
80 111 604191.453601732
80 110 609997.02106983
80 109 582655.055654881
80 108 605698.802438596
80 107 599791.405068116
80 106 642171.609410476
80 105 577284.895348782
80 104 640809.511871429
80 103 614549.048082461
80 102 569697.71859109
80 101 563816.752239721
80 100 556625.640717045
80 99 581644.144526499
80 98 568268.350877229
80 97 596489.699845511
80 96 581696.902382232
80 95 542049.712929172
80 94 562871.116699154
80 93 555806.634637589
80 92 598922.23716092
80 91 568382.122386585
80 90 591713.809987974
80 89 575833.400216749
80 88 580065.256721302
80 87 587636.642972231
80 86 588294.25465234
80 85 567625.87973173
80 84 574244.171405906
80 83 566329.158035589
80 82 580766.756991092
80 81 544842.165857165
80 80 532767.017571773
80 79 560001.304665831
80 78 540885.064078733
80 77 553921.043265601
80 76 534542.960222243
80 75 547208.761399586
80 74 550004.18744773
80 73 545190.06581929
80 72 559529.692500737
80 71 536310.459877961
80 70 526059.133768612
80 69 552886.009992543
80 68 518230.381342489
80 67 588377.878538058
80 66 554805.063271873
80 65 534370.250598584
80 64 510561.351554903
80 63 618096.00503699
80 62 531994.240233778
80 61 529532.235951619
80 60 585006.577782187
80 59 529446.330729197
80 58 527475.463774273
80 57 522732.89808057
80 56 530576.362014361
80 55 536127.357037802
80 54 531063.243410216
80 53 522331.830748875
80 52 600625.577645112
80 51 513045.803188112
80 50 542514.007337167
80 49 526845.298006994
80 48 541992.716628783
80 47 537189.906660362
80 46 500805.452542613
80 45 499931.704719608
80 44 493347.680149034
80 43 488877.805929588
80 42 540269.533705873
80 41 487196.627903235
80 40 513278.162633299
80 39 531935.570323701
80 38 537173.416739606
80 37 529422.924499002
80 36 508683.329956122
80 35 547704.652771902
80 34 514809.359417122
80 33 539168.433733319
80 32 491294.610358435
80 31 520821.983923529
80 30 546674.295249001
80 29 478922.21972328
80 28 506013.896090639
80 27 491620.620258085
80 26 470885.121183181
80 25 602858.113997178
80 24 549660.58401995
80 23 566019.131488442
80 22 535088.927285837
80 21 550306.72418514
80 20 494325.136474078
80 19 516424.368943055
80 18 517828.465581391
80 17 514281.760752618
80 16 483706.378610188
80 15 492423.213815816
80 14 497099.030806495
80 13 514138.05521809
80 12 497939.688125062
80 11 488289.05974
80 10 585640.450355807
80 9 590485.417355289
80 8 583689.734553716
80 7 600321.010105982
80 6 594848.463613062
80 5 670587.993309862
80 4 810773.195153393
80 3 1033817.84027438
80 2 1157512.13805047
80 1 1268081.28983975
