87 191844 1593396.79717428
87 19185 1170640.29027867
87 1919 891138.813317737
87 200 622401.835207416
87 199 651218.292030471
87 198 620382.063261304
87 197 597747.222924805
87 196 599348.492103394
87 195 593949.765009622
87 194 589872.080273003
87 193 592852.601324938
87 192 603766.390509874
87 191 598468.76999494
87 190 587579.631704477
87 189 583648.947792921
87 188 606853.42975245
87 187 592474.845043423
87 186 636143.928033336
87 185 604171.936001303
87 184 598737.996517691
87 183 629802.254447433
87 182 587956.651281096
87 181 589434.410776088
87 180 609090.17534666
87 179 594211.336214625
87 178 628381.075733187
87 177 589911.023721268
87 176 600317.748038711
87 175 638128.091628771
87 174 554518.258284268
87 173 573032.826035763
87 172 559915.757578709
87 171 612228.529196759
87 170 581039.435984607
87 169 628255.553017412
87 168 564750.875448562
87 167 593487.950419536
87 166 587738.227464987
87 165 568341.720632076
87 164 616770.598575787
87 163 546069.834118967
87 162 556631.16696286
87 161 543423.06701775
87 160 583356.841149973
87 159 616161.116787955
87 158 563271.918295049
87 157 569032.870741287
87 156 581747.26723927
87 155 568274.796947606
87 154 566561.318614857
87 153 569120.178943562
87 152 573325.794157636
87 151 595102.947164278
87 150 559409.533216911
87 149 547999.980415037
87 148 567626.886709436
87 147 566170.135347081
87 146 584853.68241827
87 145 593087.926597157
87 144 565528.543828286
87 143 586416.067953194
87 142 526121.623454991
87 141 557095.037039585
87 140 546140.810033153
87 139 560634.737168138
87 138 541369.309033176
87 137 567513.622865843
87 136 574419.43256767
87 135 545629.251253662
87 134 533973.360059368
87 133 512334.038304658
87 132 545908.170780495
87 131 527748.526747211
87 130 569480.764119158
87 129 537274.085146806
87 128 529815.949667227
87 127 527344.073814348
87 126 517108.657910983
87 125 540212.300441248
87 124 520722.928346856
87 123 531916.632605475
87 122 532764.1551502
87 121 508510.357363486
87 120 513637.070727124
87 119 526277.341968536
87 118 515677.046611361
87 117 538416.933059235
87 116 565002.282743276
87 115 527661.285788644
87 114 494286.685729473
87 113 517022.784065276
87 112 555529.230062503
87 111 507779.989775251
87 110 532061.064132614
87 109 597767.340318162
87 108 517957.216317402
87 107 501203.297728673
87 106 529929.113563709
87 105 488062.855542338
87 104 536957.152031374
87 103 539751.927887807
87 102 515400.369179418
87 101 501700.371798305
87 100 548133.110264617
87 99 499503.745172145
87 98 514736.410006102
87 97 494403.225326936
87 96 524237.207033206
87 95 524078.7028818
87 94 506370.517942833
87 93 507674.221445869
87 92 521189.116521395
87 91 521521.588036392
87 90 485785.218685602
87 89 494904.344716587
87 88 512401.598772344
87 87 507917.238015295
87 86 510548.83274962
87 85 457402.850387753
87 84 532273.164185509
87 83 485655.824616072
87 82 458788.765902444
87 81 482346.736541147
87 80 462933.064236387
87 79 472916.861176483
87 78 530730.839851696
87 77 473318.637573759
87 76 489815.836494034
87 75 480958.07534253
87 74 469164.744019622
87 73 472357.260486898
87 72 470500.726868105
87 71 468455.633475165
87 70 466310.227717256
87 69 483726.982381902
87 68 493910.09278858
87 67 492900.313137766
87 66 470116.093768558
87 65 460582.910588781
87 64 475707.216723618
87 63 496303.030307446
87 62 454803.008833629
87 61 470583.167839184
87 60 482772.920672586
87 59 456905.534924937
87 58 484364.870065006
87 57 488637.423188729
87 56 512801.937923844
87 55 542811.035575579
87 54 492279.032723945
87 53 497388.964800283
87 52 515937.194200514
87 51 488115.463940453
87 50 490969.419689121
87 49 476317.243715257
87 48 471426.446448899
87 47 490512.008895393
87 46 470854.840791649
87 45 464999.506098181
87 44 489970.790024863
87 43 509398.228645825
87 42 473908.694697262
87 41 491441.619201087
87 40 443350.695534959
87 39 459751.482332281
87 38 501356.089599798
87 37 485082.322846526
87 36 495005.298218441
87 35 466962.807869924
87 34 487113.169772311
87 33 491133.29072641
87 32 479137.079864834
87 31 476443.818799693
87 30 492755.975772111
87 29 476415.645505104
87 28 520530.152276925
87 27 522099.162789696
87 26 506584.520267461
87 25 562835.436898614
87 24 530142.131743303
87 23 455490.205817915
87 22 511495.714089503
87 21 486803.399358602
87 20 530879.028791414
87 19 514827.891576036
87 18 517900.0632828
87 17 512367.871967132
87 16 510981.552456429
87 15 554110.002727059
87 14 563586.649333631
87 13 554401.160870382
87 12 542525.141149735
87 11 543513.933044345
87 10 593723.953020963
87 9 645062.203161363
87 8 584365.236857413
87 7 660369.871684958
87 6 670049.124544735
87 5 690473.728846272
87 4 688255.266561259
87 3 794464.641603783
87 2 831898.702505956
87 1 1144670.38938636
