85 191844 1704717.0445316
85 19185 1280814.88249477
85 1919 986258.018031992
85 200 680488.551970966
85 199 726656.347054251
85 198 725009.906840041
85 197 728886.376802671
85 196 734615.05699864
85 195 721047.881330082
85 194 698185.644726485
85 193 710790.181496309
85 192 713276.91674759
85 191 720392.23813763
85 190 736918.015123773
85 189 685373.789279246
85 188 753828.228669182
85 187 682629.910909681
85 186 695615.91755702
85 185 727845.223335825
85 184 710156.946950817
85 183 754710.140736233
85 182 755254.525737321
85 181 682457.351434461
85 180 755874.140290937
85 179 774434.259822455
85 178 659824.492160726
85 177 692225.029335547
85 176 657326.169014844
85 175 712587.147597675
85 174 699001.550021577
85 173 716289.07017945
85 172 708353.160570725
85 171 680691.91949
85 170 674743.604678416
85 169 735644.688541723
85 168 667684.715805041
85 167 676588.978906861
85 166 684156.980857065
85 165 672375.302251617
85 164 648631.325811131
85 163 675476.842705473
85 162 690951.824952773
85 161 651015.210449016
85 160 680838.382220451
85 159 689762.770087389
85 158 662275.526396128
85 157 664517.422874032
85 156 660125.437287712
85 155 659719.055379451
85 154 682300.806300852
85 153 706257.014724257
85 152 686629.631282561
85 151 686383.594968196
85 150 665373.703214943
85 149 654455.529362615
85 148 663977.883887525
85 147 670302.28418026
85 146 669655.054068105
85 145 666358.839528379
85 144 654283.258549554
85 143 659762.118356975
85 142 672181.543617987
85 141 663246.11097362
85 140 670707.567780206
85 139 753782.404390563
85 138 652237.18520109
85 137 654795.827515833
85 136 673072.904049961
85 135 655040.687218024
85 134 665820.225566973
85 133 647036.989411366
85 132 658490.483474274
85 131 658156.292212668
85 130 655051.249536806
85 129 631739.128924473
85 128 675527.327447241
85 127 671781.658140876
85 126 623192.648168665
85 125 658920.823505916
85 124 647233.118944044
85 123 652241.655601443
85 122 668345.127453155
85 121 670862.104901663
85 120 664083.342948737
85 119 643295.850844962
85 118 626797.372573186
85 117 662773.327640974
85 116 620965.27575682
85 115 617152.007672868
85 114 628308.503085987
85 113 629561.168451925
85 112 637198.335859961
85 111 621257.608164328
85 110 606682.453388638
85 109 627600.802582724
85 108 624973.175548121
85 107 590271.444831716
85 106 593950.477219938
85 105 593440.340896827
85 104 623439.81546339
85 103 630138.851309852
85 102 604241.534408952
85 101 586838.564668474
85 100 632721.62132591
85 99 613537.786918047
85 98 596959.673414606
85 97 609228.942329404
85 96 608853.899038887
85 95 619333.042151019
85 94 580577.339337377
85 93 629351.723663253
85 92 628980.579416331
85 91 609115.648546855
85 90 618988.335509053
85 89 611261.509367975
85 88 616164.873289155
85 87 598808.511289238
85 86 627727.146585059
85 85 609552.955342341
85 84 605979.667603106
85 83 598960.020285672
85 82 606710.2707952
85 81 599114.013682714
85 80 595792.867798767
85 79 632067.560517145
85 78 626396.64584166
85 77 600034.682680649
85 76 564221.762551662
85 75 622300.261828061
85 74 630262.916304214
85 73 580849.32771666
85 72 589117.837189483
85 71 615372.382513639
85 70 575550.904911531
85 69 635398.813771603
85 68 570019.573820228
85 67 588563.227546657
85 66 580351.460347528
85 65 560624.036571461
85 64 599253.859923923
85 63 585700.253771208
85 62 600810.320727129
85 61 584595.818219034
85 60 565791.955941183
85 59 568240.480670988
85 58 583453.322146253
85 57 559874.343745337
85 56 541783.922231614
85 55 575989.234314214
85 54 581399.898768101
85 53 595592.59624546
85 52 561388.067520271
85 51 604537.045928453
85 50 566495.172197871
85 49 588876.033727012
85 48 563652.520585297
85 47 599473.387159169
85 46 559514.539800038
85 45 601749.602156985
85 44 599625.82572001
85 43 579929.253964204
85 42 539628.218083429
85 41 557876.908331103
85 40 556522.318609477
85 39 613683.973444749
85 38 615832.582631054
85 37 604484.650143759
85 36 551179.268142354
85 35 556025.7485602
85 34 570113.937284677
85 33 551159.490747513
85 32 554673.552429834
85 31 566977.272273825
85 30 561425.287087093
85 29 543347.359711971
85 28 562043.6131559
85 27 597450.213639731
85 26 576675.959148135
85 25 543560.747912705
85 24 510476.52526488
85 23 560395.733361849
85 22 511917.88696428
85 21 549843.902361316
85 20 531750.562545999
85 19 504841.335118615
85 18 516468.056037002
85 17 490320.268887676
85 16 530389.775535755
85 15 539245.093197218
85 14 511244.682780293
85 13 489277.511997063
85 12 480108.973972569
85 11 446839.456259832
85 10 489967.841494645
85 9 585809.559463402
85 8 615130.69390956
85 7 617110.79730535
85 6 738000.007863111
85 5 824745.507836573
85 4 926791.607261712
85 3 969062.196882816
85 2 1056552.4515882
85 1 1278427.1950895
