31 191844 1532113.00204384
31 19185 1290005.72912617
31 1919 1041567.39774304
31 200 721201.010292272
31 199 766604.764277889
31 198 717164.989043111
31 197 719962.427216248
31 196 736696.166624155
31 195 723122.17489702
31 194 751479.163003415
31 193 733840.754046033
31 192 733915.802076245
31 191 780609.598837801
31 190 719698.498625784
31 189 689878.828513844
31 188 701509.957044083
31 187 751898.798594198
31 186 702550.245508177
31 185 775644.011056661
31 184 666707.815322701
31 183 715722.766027464
31 182 687746.075223728
31 181 784079.544769824
31 180 714412.995007321
31 179 736455.828424376
31 178 769882.047423107
31 177 731509.761218058
31 176 749290.73415237
31 175 762515.533999343
31 174 727571.012207814
31 173 749575.31425218
31 172 724942.268304499
31 171 730968.08848499
31 170 715396.696698625
31 169 731967.841588901
31 168 695970.917862287
31 167 709905.37010065
31 166 734609.518193982
31 165 685502.962261665
31 164 690139.007721504
31 163 725269.795265593
31 162 719437.035862331
31 161 701330.656078447
31 160 732790.907938383
31 159 686611.644509444
31 158 722382.19212533
31 157 693650.829542921
31 156 697929.947627862
31 155 796236.856063492
31 154 731398.91884871
31 153 756738.046230804
31 152 661146.085499713
31 151 684031.822310818
31 150 701194.661222969
31 149 720983.134138569
31 148 682786.228170684
31 147 681782.962595161
31 146 691445.934954056
31 145 667919.667653654
31 144 680248.235673866
31 143 685520.874834387
31 142 671995.320702234
31 141 666375.643461144
31 140 661820.088249605
31 139 697780.217411712
31 138 674880.935587843
31 137 691118.102302055
31 136 693879.573816594
31 135 685617.95491412
31 134 652961.738658105
31 133 690001.925951244
31 132 688483.926298035
31 131 676501.68000192
31 130 687524.782249486
31 129 684340.37447933
31 128 672677.218746463
31 127 685953.612486173
31 126 673080.186872476
31 125 676949.747469549
31 124 681769.346345094
31 123 634365.267688946
31 122 672152.827845909
31 121 683494.620500096
31 120 648147.246727611
31 119 677992.346007805
31 118 692386.791529889
31 117 650717.457243475
31 116 648745.072114334
31 115 618018.901781351
31 114 654299.261931808
31 113 623339.944687705
31 112 654437.986245875
31 111 655600.841066558
31 110 666332.655140495
31 109 660038.655918052
31 108 655233.926566
31 107 658423.71489595
31 106 641569.473454347
31 105 624621.037053804
31 104 674016.577223227
31 103 632422.947801804
31 102 644328.55333244
31 101 611781.340575434
31 100 673882.272867528
31 99 677975.176521292
31 98 674255.576673745
31 97 603802.415240132
31 96 669096.082099449
31 95 627836.129316294
31 94 616257.775454913
31 93 684873.053054335
31 92 705030.749948199
31 91 626217.294667815
31 90 614221.965499413
31 89 640692.725024917
31 88 664516.00249564
31 87 611338.3036256
31 86 664539.699809572
31 85 574141.394857366
31 84 639431.242471096
31 83 646539.660935311
31 82 590764.88311673
31 81 588643.798630788
31 80 600902.442675405
31 79 602217.145216485
31 78 617265.230677892
31 77 584911.691561514
31 76 563770.883841244
31 75 581001.561663276
31 74 568197.031390762
31 73 586060.605086501
31 72 605957.256188024
31 71 569591.573928597
31 70 575956.455987877
31 69 542687.397722961
31 68 585200.380739763
31 67 572117.476014456
31 66 572850.833064167
31 65 635144.039585598
31 64 605008.944366585
31 63 567266.179472743
31 62 576771.777223227
31 61 586273.706877022
31 60 596449.895784232
31 59 578242.947463378
31 58 567302.762466414
31 57 600050.307236753
31 56 611963.136044368
31 55 596166.726365102
31 54 571966.146539421
31 53 592240.520032116
31 52 600583.891465441
31 51 586874.842765403
31 50 587317.060128319
31 49 586143.425413739
31 48 600943.850766399
31 47 566356.340600554
31 46 599367.95936793
31 45 593664.199222006
31 44 554821.072728146
31 43 630911.2640692
31 42 622907.806448941
31 41 645055.533392774
31 40 642845.546218779
31 39 607064.656977782
31 38 609755.130935309
31 37 642428.277494853
31 36 596064.341400779
31 35 612624.811042175
31 34 587451.220446226
31 33 604662.837879213
31 32 611548.476209392
31 31 577383.656890086
31 30 624055.189545029
31 29 613598.707489053
31 28 557608.761315702
31 27 633273.227116106
31 26 600633.184103183
31 25 682051.847999751
31 24 658631.750520929
31 23 609226.307520927
31 22 638957.77021897
31 21 608327.748610149
31 20 568737.08381458
31 19 598072.766802039
31 18 600847.617167934
31 17 626041.911963172
31 16 584123.458601477
31 15 616959.565535175
31 14 612462.450860097
31 13 569066.802066997
31 12 654365.477208067
31 11 628708.542841095
31 10 633883.176543017
31 9 681884.322932911
31 8 673394.474353989
31 7 709758.131242251
31 6 698791.464938687
31 5 779601.212392258
31 4 924079.208450468
31 3 941384.343917591
31 2 1202371.40281245
31 1 1386484.56475025
