30 191844 1509479.32339641
30 19185 1283767.75366643
30 1919 990796.945609351
30 200 717475.602910663
30 199 692572.596595535
30 198 710954.263037708
30 197 701403.044364369
30 196 694346.052158451
30 195 706609.727666001
30 194 699145.203290705
30 193 702995.023618562
30 192 785097.670784436
30 191 742589.148186991
30 190 706560.103502775
30 189 693957.518227779
30 188 719555.059363921
30 187 693438.170283811
30 186 663835.106754
30 185 672460.136870308
30 184 705513.293457228
30 183 708564.987697227
30 182 697499.132513045
30 181 681170.412910677
30 180 694886.307211907
30 179 712355.572451162
30 178 673599.836137746
30 177 721073.528708459
30 176 702325.245157214
30 175 714004.071510193
30 174 706053.013348445
30 173 654085.893977603
30 172 679712.984549594
30 171 653848.793692869
30 170 688300.34739946
30 169 665289.580556587
30 168 705977.101993054
30 167 672771.976002047
30 166 647146.569739958
30 165 664667.620858852
30 164 722185.296541294
30 163 680106.2341817
30 162 763399.747529138
30 161 666309.315510329
30 160 668241.047153554
30 159 640020.829933719
30 158 719826.34517433
30 157 701086.808737486
30 156 704390.348785151
30 155 632711.24635127
30 154 694812.156079045
30 153 663369.73185591
30 152 671670.471598174
30 151 629053.989461271
30 150 653910.054081899
30 149 793183.205338407
30 148 649502.508356238
30 147 632638.011014342
30 146 666733.048580377
30 145 703110.231074165
30 144 642180.014882516
30 143 657199.190925782
30 142 646682.785127699
30 141 687521.391718028
30 140 642853.084091966
30 139 608574.925670436
30 138 642200.388095846
30 137 626693.887884871
30 136 625767.812649954
30 135 644911.902746071
30 134 656073.327218409
30 133 658453.018047359
30 132 642105.478839992
30 131 657791.717460535
30 130 623800.1037965
30 129 629700.065156398
30 128 621160.802284134
30 127 592282.818779041
30 126 671899.583416162
30 125 637239.954489943
30 124 604213.171656537
30 123 602497.583837369
30 122 633107.569302465
30 121 614258.940320283
30 120 630287.028529724
30 119 591498.573048265
30 118 608626.396313934
30 117 634780.10285761
30 116 635482.1950622
30 115 604909.506978521
30 114 602266.822135334
30 113 624685.680844593
30 112 621591.029175116
30 111 603352.751778939
30 110 652665.903618121
30 109 590652.774265322
30 108 591327.347760229
30 107 596738.448587718
30 106 571553.963636816
30 105 585124.295849126
30 104 610559.593013342
30 103 556541.380680424
30 102 633484.928266226
30 101 620758.525980258
30 100 585202.096026216
30 99 618500.705560846
30 98 579653.840011572
30 97 614295.055419828
30 96 599875.098738374
30 95 599429.37432959
30 94 604014.871751405
30 93 606856.223576459
30 92 583640.456279534
30 91 588122.652029781
30 90 589929.812646523
30 89 582916.706233433
30 88 591895.470503001
30 87 547146.451433743
30 86 560897.096930108
30 85 617479.720792391
30 84 584051.206328241
30 83 578770.846669979
30 82 592432.083733012
30 81 642873.687115365
30 80 596101.93531677
30 79 660588.495278314
30 78 640042.836693295
30 77 622340.78570862
30 76 574739.145540606
30 75 556329.759634697
30 74 577850.826666724
30 73 552126.901244087
30 72 576820.343583753
30 71 578656.136115238
30 70 607260.502474706
30 69 603090.874194219
30 68 581117.502916443
30 67 591889.914353438
30 66 569344.862682829
30 65 608824.35365159
30 64 653089.603984526
30 63 573584.383661984
30 62 572774.192798799
30 61 591131.990535076
30 60 580074.949596556
30 59 575107.36222835
30 58 582971.944563206
30 57 547478.122874681
30 56 561213.123607182
30 55 547227.706543075
30 54 616287.10560369
30 53 593060.06258825
30 52 564525.734593614
30 51 565518.5151339
30 50 538340.629289038
30 49 568118.825075662
30 48 570853.313217028
30 47 623584.151405699
30 46 539594.554256044
30 45 623508.612424519
30 44 555098.691336951
30 43 535436.972641371
30 42 529502.140652481
30 41 555531.794982487
30 40 590882.079046099
30 39 561075.692634756
30 38 577638.812485829
30 37 570906.525992566
30 36 526704.877436117
30 35 591169.502377027
30 34 545153.399318831
30 33 571286.98723383
30 32 551740.162095126
30 31 559678.731507058
30 30 568340.070916882
30 29 528499.816912461
30 28 532702.413832581
30 27 560389.229039827
30 26 510178.217094347
30 25 598401.851989024
30 24 604010.399521699
30 23 592627.249545357
30 22 590062.063707784
30 21 596078.761534184
30 20 604202.832943126
30 19 590305.493747586
30 18 630232.065339246
30 17 581286.645540667
30 16 687307.650029443
30 15 617524.203803559
30 14 594563.851260037
30 13 599452.493234546
30 12 568710.50038933
30 11 594021.504668001
30 10 604884.478781313
30 9 683745.247835218
30 8 717373.619913002
30 7 637420.419274669
30 6 657114.148096071
30 5 557254.816136904
30 4 621384.361665801
30 3 791542.133897521
30 2 1090946.86980565
30 1 1357901.03084692
