35 191844 1692313.40482341
35 19185 1290187.91326864
35 1919 1002894.8986614
35 200 721144.675519559
35 199 738850.969706696
35 198 734404.196304242
35 197 680663.235043053
35 196 703502.207599131
35 195 698058.77028213
35 194 720511.481848066
35 193 722980.796132556
35 192 737904.594788118
35 191 709231.808057841
35 190 680228.628453053
35 189 683853.601717967
35 188 680189.345088056
35 187 703120.730064993
35 186 702275.644344285
35 185 748399.868057538
35 184 709232.334153068
35 183 696519.610589936
35 182 711297.429484335
35 181 695676.457837427
35 180 723950.045877239
35 179 663721.638542578
35 178 679077.188659003
35 177 669723.296901567
35 176 663874.274246427
35 175 684124.633841521
35 174 672034.624088164
35 173 696915.725058398
35 172 708810.831936785
35 171 663198.384157088
35 170 666338.028628496
35 169 687962.014253118
35 168 692839.170573939
35 167 663423.050340641
35 166 723232.538314985
35 165 685197.853583546
35 164 667438.871585503
35 163 701865.22517299
35 162 720959.360491605
35 161 688892.46237045
35 160 640600.792730811
35 159 728193.149123408
35 158 698135.454486486
35 157 675494.93737225
35 156 634033.331101263
35 155 653879.352027511
35 154 667446.643922257
35 153 653775.854196593
35 152 645552.521746118
35 151 682446.14512311
35 150 657197.87929268
35 149 628658.822198838
35 148 663087.807939619
35 147 664446.644417481
35 146 668690.797758115
35 145 664709.615874984
35 144 686557.859672441
35 143 671841.709183571
35 142 656921.102873577
35 141 635603.891058991
35 140 642995.474747737
35 139 629018.782364594
35 138 665880.380787018
35 137 647439.006110571
35 136 669924.34611393
35 135 646489.829916269
35 134 683787.014182545
35 133 622371.654158581
35 132 690324.416818828
35 131 667461.189667002
35 130 634012.016927847
35 129 643057.003045773
35 128 634832.369269971
35 127 637887.660395624
35 126 635219.417409834
35 125 651397.781903841
35 124 641643.036955163
35 123 630412.290488681
35 122 617721.747591184
35 121 621182.300944186
35 120 657641.023224419
35 119 631076.415323205
35 118 618341.89179643
35 117 596097.035509052
35 116 606018.992469722
35 115 650237.277418197
35 114 643174.52885824
35 113 596167.237411308
35 112 596535.089293248
35 111 620977.800332112
35 110 636701.073589434
35 109 643888.031855726
35 108 623924.377411714
35 107 633782.741734872
35 106 634525.354338849
35 105 631071.087927742
35 104 596328.494976276
35 103 585563.728903337
35 102 639893.080409704
35 101 597014.667196856
35 100 632930.723308895
35 99 641686.545324092
35 98 604302.911683732
35 97 609341.300275597
35 96 603511.65570763
35 95 626376.729251529
35 94 609132.113024349
35 93 632517.303071837
35 92 592477.68097541
35 91 604027.351213834
35 90 597412.476819022
35 89 617086.527016354
35 88 584014.996501891
35 87 612726.710037888
35 86 584051.756064997
35 85 561277.912262987
35 84 580935.972878751
35 83 596298.459745491
35 82 569542.964693029
35 81 603622.55454436
35 80 592846.086970137
35 79 596424.815500186
35 78 601975.171981135
35 77 561248.657135271
35 76 616114.642243546
35 75 578309.337659576
35 74 595528.781917934
35 73 563159.221106471
35 72 592782.354825252
35 71 599507.890799032
35 70 573462.446755254
35 69 594613.143855156
35 68 571305.947127207
35 67 561266.992413525
35 66 585328.544690336
35 65 582320.151832587
35 64 603116.227278309
35 63 568819.583905615
35 62 548674.866166741
35 61 579147.307666077
35 60 641123.829404246
35 59 559870.627260042
35 58 588798.134196572
35 57 548465.773476273
35 56 563738.985401534
35 55 551201.880312565
35 54 569831.153000447
35 53 567726.390653948
35 52 548370.629342941
35 51 619286.628934127
35 50 577954.242319099
35 49 569373.310889454
35 48 625842.002762396
35 47 555083.102490567
35 46 588672.983459155
35 45 595637.86689361
35 44 610971.287167476
35 43 561697.334293623
35 42 592793.298864861
35 41 553740.917232157
35 40 545018.126980865
35 39 584064.478162861
35 38 561098.039963806
35 37 550153.323132756
35 36 536791.779229753
35 35 527215.525926854
35 34 602698.968781884
35 33 529580.393079033
35 32 527961.987227995
35 31 542712.849939281
35 30 550670.654959524
35 29 574819.05838517
35 28 557397.851727993
35 27 542384.281833487
35 26 612467.905014862
35 25 581012.489920803
35 24 545950.063412063
35 23 578236.011371686
35 22 556422.27297139
35 21 546081.627851047
35 20 554788.331403723
35 19 677257.91538698
35 18 535405.696928667
35 17 607557.313333307
35 16 613211.27348362
35 15 535118.75351462
35 14 525793.047589664
35 13 567295.038529976
35 12 513791.807103175
35 11 519076.252190632
35 10 546848.066818337
35 9 494010.063583931
35 8 628017.283924308
35 7 504616.073468696
35 6 456296.928086192
35 5 585661.291805719
35 4 741716.113214973
35 3 847505.175823149
35 2 1128908.58045374
35 1 1312482.04615287
