78 191844 1514635.87472581
78 19185 1328693.38405118
78 1919 964752.856290797
78 200 687719.9459348
78 199 665947.789366073
78 198 646617.241532629
78 197 649339.770470792
78 196 649161.647370026
78 195 663436.219855369
78 194 659825.506415706
78 193 669198.454651954
78 192 653748.374198004
78 191 660042.081872887
78 190 635266.481051929
78 189 670437.558999627
78 188 639137.205382122
78 187 653280.207535208
78 186 648666.183200565
78 185 693156.821030985
78 184 648729.877360601
78 183 642909.47775001
78 182 653620.81207281
78 181 654085.588495721
78 180 673466.756584977
78 179 673887.113919397
78 178 621739.205628264
78 177 622427.459268564
78 176 624805.507252625
78 175 651785.093579154
78 174 621599.65870919
78 173 629611.123036367
78 172 634535.159771695
78 171 640719.708652292
78 170 649636.916233576
78 169 650680.4198405
78 168 630870.80458877
78 167 622779.58750208
78 166 626302.947585689
78 165 644585.568050978
78 164 642049.928203013
78 163 677711.274687208
78 162 642994.118060801
78 161 663147.555409175
78 160 678754.709399974
78 159 654717.892043232
78 158 628883.423694171
78 157 603008.298800612
78 156 644321.345254607
78 155 620838.410010221
78 154 615600.389806371
78 153 611909.200542073
78 152 651832.387071815
78 151 623195.075782325
78 150 625106.621416831
78 149 620748.754991697
78 148 637546.949928595
78 147 643030.086305653
78 146 615172.037536546
78 145 621507.763502055
78 144 617611.640789014
78 143 618450.677360229
78 142 622437.040189014
78 141 621810.650317376
78 140 605716.13050697
78 139 606673.56354454
78 138 582838.812031208
78 137 611181.308918849
78 136 604833.944040269
78 135 595487.42933737
78 134 584719.759967695
78 133 616008.89476685
78 132 628100.257206571
78 131 573587.297281356
78 130 596324.929299721
78 129 604314.849923504
78 128 613439.146505279
78 127 586954.655482573
78 126 645404.392738405
78 125 562416.718555822
78 124 575772.843225271
78 123 571950.66076737
78 122 599790.657023465
78 121 599613.863341631
78 120 573991.322531145
78 119 596995.689054794
78 118 593920.97394302
78 117 578925.449789931
78 116 608623.422685058
78 115 587201.959045815
78 114 606564.346124501
78 113 598711.633915551
78 112 585319.734819698
78 111 594314.737583337
78 110 567051.236161058
78 109 566002.509640903
78 108 570105.091483784
78 107 620336.63021501
78 106 573788.696200367
78 105 636656.322049192
78 104 571368.792738095
78 103 561576.020003638
78 102 607376.364675238
78 101 575401.256703865
78 100 592575.124131724
78 99 560853.02690667
78 98 563502.194894032
78 97 545464.425988421
78 96 551521.567932315
78 95 571932.895187096
78 94 592689.908450582
78 93 578105.997271277
78 92 581444.65559955
78 91 574733.594255989
78 90 585199.29733398
78 89 585301.02423821
78 88 601917.969599736
78 87 549067.551231785
78 86 586165.277446368
78 85 557209.874657072
78 84 557950.003478419
78 83 565115.893214435
78 82 529612.996316087
78 81 589484.023319646
78 80 560932.15474187
78 79 601663.520957967
78 78 566039.765952449
78 77 531242.893843284
78 76 564000.789574454
78 75 534209.034287772
78 74 582342.707437972
78 73 585551.195280438
78 72 528867.946152471
78 71 584371.974272034
78 70 554488.005606407
78 69 561261.453676712
78 68 548781.845009253
78 67 529741.113740989
78 66 573753.102686619
78 65 558137.48859088
78 64 549187.930240589
78 63 561617.140875355
78 62 532666.316406035
78 61 535064.611795236
78 60 513630.476521995
78 59 547357.785741096
78 58 542267.708430409
78 57 541779.52164467
78 56 549659.444070398
78 55 521930.170468339
78 54 492216.133906436
78 53 497109.865393666
78 52 512271.384542337
78 51 532125.842904259
78 50 537285.512474724
78 49 534802.59699649
78 48 504127.451878321
78 47 544817.996101925
78 46 522642.828174686
78 45 533837.699802139
78 44 539985.242350992
78 43 530067.552647128
78 42 530365.931653557
78 41 560400.963169645
78 40 521468.843224729
78 39 534920.161810069
78 38 511843.238754078
78 37 519664.550462032
78 36 529287.604872322
78 35 552369.333726072
78 34 513115.513491203
78 33 553253.899658959
78 32 547003.172527893
78 31 546436.758901827
78 30 498871.620809665
78 29 526407.459170096
78 28 548971.803643403
78 27 576800.77874099
78 26 562707.715312979
78 25 502330.024774022
78 24 559526.753435367
78 23 493055.705361895
78 22 521661.073800175
78 21 523071.145256622
78 20 526050.898893863
78 19 525715.509196751
78 18 538775.795024079
78 17 570988.783297828
78 16 538994.810609872
78 15 553149.872430709
78 14 530438.452310354
78 13 560513.677508945
78 12 563924.49879136
78 11 534487.919851553
78 10 569232.563316955
78 9 650672.687366711
78 8 656976.190525058
78 7 661914.369677583
78 6 800329.809165624
78 5 789230.483221952
78 4 894655.916179067
78 3 996904.247925875
78 2 1140406.67374648
78 1 1246314.39457406
