48 191844 1571116.70989297
48 19185 1298531.01406769
48 1919 990375.69367939
48 200 688997.622811273
48 199 708246.061248692
48 198 681692.72044541
48 197 683546.827876157
48 196 711092.655256076
48 195 722345.298764947
48 194 670421.31586337
48 193 672752.325789319
48 192 705357.510205122
48 191 668071.89924266
48 190 670218.544052965
48 189 655577.081247678
48 188 696117.14961643
48 187 696226.007822642
48 186 668187.45624052
48 185 657961.99142908
48 184 671810.091283341
48 183 731916.46103173
48 182 671397.655156905
48 181 658359.986416102
48 180 716741.416201141
48 179 706123.182551895
48 178 676864.488948774
48 177 655849.812144969
48 176 669998.4444027
48 175 654658.452779586
48 174 659678.833087129
48 173 655688.953715365
48 172 655653.870647689
48 171 661499.006508702
48 170 667619.644226474
48 169 655274.004554259
48 168 684273.400942978
48 167 646814.291349499
48 166 651269.662930749
48 165 654470.292931364
48 164 660921.443748311
48 163 661900.795618908
48 162 670067.775102558
48 161 650227.273489185
48 160 652011.271817244
48 159 681862.739773188
48 158 653307.796695923
48 157 674728.37227713
48 156 635086.382763056
48 155 617505.421472953
48 154 655246.263312424
48 153 676579.430983254
48 152 633407.46579732
48 151 656583.152115157
48 150 644492.4173348
48 149 652108.646709043
48 148 653112.408375724
48 147 651470.433952554
48 146 664625.065360571
48 145 659517.637335212
48 144 673542.321370697
48 143 677409.002163658
48 142 652755.433581889
48 141 627259.83204784
48 140 650719.351694611
48 139 677745.716483219
48 138 613684.976410713
48 137 654002.941536637
48 136 617182.193409221
48 135 666659.474475846
48 134 633808.187650494
48 133 641235.975217343
48 132 628195.456281236
48 131 622125.946311286
48 130 641308.664025766
48 129 624126.263791281
48 128 649679.441009115
48 127 625755.067955148
48 126 674027.077809644
48 125 613533.990931866
48 124 673568.739505199
48 123 618498.462934179
48 122 589699.752352554
48 121 611704.066010097
48 120 586807.844083356
48 119 673394.435208015
48 118 629143.969851365
48 117 646695.090062993
48 116 623186.798316442
48 115 607033.928146931
48 114 621772.304331473
48 113 619556.323601095
48 112 653700.816567659
48 111 623261.848005612
48 110 656485.89735591
48 109 619907.992850979
48 108 617509.320789886
48 107 610113.166158536
48 106 625487.33586291
48 105 608215.230084886
48 104 654463.613775551
48 103 622848.701284301
48 102 610657.481922873
48 101 611468.744847152
48 100 623074.914562542
48 99 594532.363317251
48 98 609646.767079459
48 97 610762.099462857
48 96 602345.443015104
48 95 622595.518601287
48 94 593577.772216218
48 93 621840.23045541
48 92 599850.238477745
48 91 623635.928565641
48 90 593216.458529925
48 89 594255.262585021
48 88 653237.523038532
48 87 618353.621981894
48 86 592906.106096373
48 85 621372.118166059
48 84 633590.831103216
48 83 591058.118270443
48 82 585936.496195196
48 81 601072.139030475
48 80 574499.093914395
48 79 571820.694335418
48 78 560842.477565156
48 77 576271.655532935
48 76 577556.843728058
48 75 590440.935249885
48 74 582461.145976473
48 73 565403.721385369
48 72 570291.253023527
48 71 573046.512984465
48 70 594225.258402891
48 69 557928.435590891
48 68 603513.263675648
48 67 571538.730272221
48 66 571058.580060103
48 65 570160.196432975
48 64 578059.876816298
48 63 566481.606670894
48 62 549368.481703366
48 61 594143.066566736
48 60 584588.681422142
48 59 576548.874495421
48 58 577441.851744764
48 57 573015.749312227
48 56 560652.626409934
48 55 563429.21082811
48 54 544889.632834502
48 53 570169.994014222
48 52 572301.848677178
48 51 571292.165015484
48 50 531885.393395338
48 49 519795.888365248
48 48 571352.55896426
48 47 575798.828259444
48 46 531953.449749364
48 45 566850.411955056
48 44 550072.816237814
48 43 595020.081554431
48 42 523478.025296478
48 41 569605.034743267
48 40 522086.156120005
48 39 539459.264172921
48 38 536675.431731915
48 37 548067.936932203
48 36 542224.218030965
48 35 564991.249890362
48 34 571664.374533451
48 33 568064.507761522
48 32 569059.444937717
48 31 546771.034654164
48 30 550612.020855065
48 29 540192.545460861
48 28 546329.797291433
48 27 530477.049941307
48 26 575709.187241001
48 25 639913.790888476
48 24 540153.761556687
48 23 575136.467057395
48 22 546065.959105007
48 21 508540.313884724
48 20 570350.369630857
48 19 507407.340217515
48 18 522502.472328116
48 17 533602.252645184
48 16 533041.11829695
48 15 517929.942293455
48 14 485234.103055534
48 13 527769.049585277
48 12 482694.451070644
48 11 495102.93878813
48 10 576777.393639344
48 9 537313.299088424
48 8 633442.761620571
48 7 615555.382879593
48 6 590830.929408373
48 5 687212.007416231
48 4 622134.153493427
48 3 663723.991947354
48 2 1094895.82183436
48 1 1404650.94641245
