  1:   0.0000  0.0000  0.0000  1.0000  1
  2:   0.0000  0.0000  0.0000  1.0000  1
  3:   0.0000  0.0000  0.0000  1.0000  1
  4:   0.0000  0.0000  0.0000  1.0000  1
  5:   0.0000  0.0000  0.0000  1.0000  1
  6:   0.0000  0.0000  0.0000  1.0000  1
  7:   0.0000  0.0000  0.0000  1.0000  1
  8:   0.0000  0.0000  0.0038  0.9962  1
  9:   0.0000  0.0000  0.0000  1.0000  1
 10:   0.0000  0.0000  0.0000  1.0000  1
 11:   0.0000  0.0000  0.0000  1.0000  1
 12:   0.0000  0.0000  0.0000  1.0000  1
 13:   0.0000  0.0000  0.0000  1.0000  1
 14:   0.0000  0.0000  0.0000  1.0000  1
 15:   0.0000  0.0000  0.0000  1.0000  1
 16:   0.0000  0.0000  0.0000  1.0000  1
 17:   0.0000  0.0000  0.0000  1.0000  1
 18:   0.0000  0.0000  0.0000  1.0000  1
 19:   0.0000  0.0000  0.0000  1.0000  1
 20:   0.0000  0.0000  0.0000  1.0000  1
 21:   0.0000  0.0000  0.0000  1.0000  1
 22:   0.0000  0.0000  0.0000  1.0000  1
 23:   0.0000  0.0000  0.0000  1.0000  1
 24:   0.0000  0.0000  0.0000  1.0000  1
 25:   0.0000  0.0000  0.0000  1.0000  1
 26:   0.0000  0.0000  0.0000  1.0000  1
 27:   0.0000  0.0000  0.0000  1.0000  1
 28:   0.0000  0.0000  0.0000  1.0000  1
 29:   0.0000  0.0000  0.0000  1.0000  1
 30:   0.0000  0.0000  0.0000  1.0000  1
 31:   0.0000  0.0000  0.0000  1.0000  1
 32:   0.0000  0.0000  0.0000  1.0000  1
 33:   0.0000  0.0000  0.0000  1.0000  1
 34:   0.0000  0.0000  0.0008  0.9992  1
 35:   0.0000  0.0000  0.0000  1.0000  1
 36:   0.0000  0.0000  0.0000  1.0000  1
 37:   0.0000  0.0000  0.0000  1.0000  1
 38:   0.0000  0.0000  0.0000  1.0000  1
 39:   0.0000  0.0000  0.0000  1.0000  1
 40:   0.0000  0.0000  0.0000  1.0000  1
 41:   0.0000  0.0000  0.0000  1.0000  1
 42:   0.0314  0.0000  0.0002  0.9684  1
 43:   0.0000  0.0000  0.0000  1.0000  1
 44:   0.0000  0.0000  0.0000  1.0000  1
 45:   0.0000  0.0000  0.0000  1.0000  1
 46:   0.0000  0.0000  0.0000  1.0000  1
 47:   0.0000  0.0000  0.0000  1.0000  1
 48:   0.0000  0.0000  0.0000  1.0000  1
 49:   0.0000  0.0000  0.0000  1.0000  1
 50:   0.0000  0.0000  0.0000  1.0000  1
 51:   0.0231  0.0000  0.0077  0.9692  1
 52:   0.9225  0.0011  0.0533  0.0231  1
 53:   0.9274  0.0090  0.0430  0.0206  1
 54:   0.9255  0.0000  0.0528  0.0217  1
 55:   0.9139  0.0001  0.0588  0.0271  1
 56:   0.9189  0.0082  0.0482  0.0248  1
 57:   0.0000  1.0000  0.0000  0.0000  1
 58:   0.0000  1.0000  0.0000  0.0000  1
 59:   0.0000  1.0000  0.0000  0.0000  1
 60:   0.0000  1.0000  0.0000  0.0000  1
 61:   0.0000  1.0000  0.0000  0.0000  1
 62:   0.0000  1.0000  0.0000  0.0000  1
 63:   0.0000  1.0000  0.0000  0.0000  1
 64:   0.0000  1.0000  0.0000  0.0000  1
 65:   0.0000  1.0000  0.0000  0.0000  1
 66:   0.0000  1.0000  0.0000  0.0000  1
 67:   0.0000  1.0000  0.0000  0.0000  1
 68:   0.0000  1.0000  0.0000  0.0000  1
 69:   0.0000  1.0000  0.0000  0.0000  1
 70:   0.0000  1.0000  0.0000  0.0000  1
 71:   0.0000  1.0000  0.0000  0.0000  1
 72:   0.0000  1.0000  0.0000  0.0000  1
 73:   0.0000  1.0000  0.0000  0.0000  1
 74:   0.0000  1.0000  0.0000  0.0000  1
 75:   0.0000  1.0000  0.0000  0.0000  1
 76:   0.0000  1.0000  0.0000  0.0000  1
 77:   0.0000  1.0000  0.0000  0.0000  1
 78:   0.0000  1.0000  0.0000  0.0000  1
 79:   0.0000  1.0000  0.0000  0.0000  1
 80:   0.0000  1.0000  0.0000  0.0000  1
 81:   0.3290  0.0896  0.1614  0.4200  1
 82:   0.3058  0.1015  0.1446  0.4482  1
 83:   0.3097  0.0858  0.1606  0.4440  1
 84:   0.3049  0.0971  0.1577  0.4403  1
 85:   0.3194  0.0834  0.1532  0.4440  1
 86:   0.3352  0.0884  0.1639  0.4125  1
 87:   0.2954  0.0873  0.1674  0.4499  1
 88:   0.3151  0.0836  0.1551  0.4462  1
 89:   0.3114  0.0934  0.1599  0.4354  1
 90:   0.3377  0.0893  0.1448  0.4281  1
 91:   0.3353  0.0816  0.1524  0.4306  1
 92:   0.3294  0.0878  0.1563  0.4265  1
 93:   0.3213  0.0933  0.1651  0.4203  1
 94:   0.8062  0.0274  0.0937  0.0727  1
 95:   0.9918  0.0000  0.0082  0.0000  1
 96:   0.8108  0.0247  0.0811  0.0834  1
 97:   0.9998  0.0000  0.0002  0.0000  1
 98:   1.0000  0.0000  0.0000  0.0000  1
 99:   0.8005  0.0174  0.0983  0.0839  1
100:   0.8078  0.0160  0.0805  0.0958  1
101:   1.0000  0.0000  0.0000  0.0000  1
102:   0.8262  0.0005  0.0843  0.0890  1
103:   0.8170  0.0012  0.0877  0.0940  1
104:   0.8124  0.0168  0.0763  0.0946  1
105:   0.8049  0.0015  0.0901  0.1035  1
106:   0.8061  0.0173  0.0995  0.0771  1
107:   0.8265  0.0006  0.0881  0.0848  1
108:   0.8112  0.0150  0.0877  0.0861  1
109:   0.9588  0.0001  0.0005  0.0407  1
110:   0.8198  0.0010  0.0893  0.0899  1
111:   0.8188  0.0036  0.0792  0.0984  1
112:   1.0000  0.0000  0.0000  0.0000  1
113:   1.0000  0.0000  0.0000  0.0000  1
114:   1.0000  0.0000  0.0000  0.0000  1
115:   1.0000  0.0000  0.0000  0.0000  1
116:   1.0000  0.0000  0.0000  0.0000  1
117:   1.0000  0.0000  0.0000  0.0000  1
118:   1.0000  0.0000  0.0000  0.0000  1
119:   1.0000  0.0000  0.0000  0.0000  1
120:   1.0000  0.0000  0.0000  0.0000  1
121:   1.0000  0.0000  0.0000  0.0000  1
122:   1.0000  0.0000  0.0000  0.0000  1
123:   1.0000  0.0000  0.0000  0.0000  1
124:   1.0000  0.0000  0.0000  0.0000  1
125:   1.0000  0.0000  0.0000  0.0000  1
126:   1.0000  0.0000  0.0000  0.0000  1
127:   1.0000  0.0000  0.0000  0.0000  1
128:   1.0000  0.0000  0.0000  0.0000  1
129:   1.0000  0.0000  0.0000  0.0000  1
130:   1.0000  0.0000  0.0000  0.0000  1
131:   1.0000  0.0000  0.0000  0.0000  1
132:   1.0000  0.0000  0.0000  0.0000  1
133:   1.0000  0.0000  0.0000  0.0000  1
134:   0.9998  0.0000  0.0000  0.0001  1
135:   0.9717  0.0001  0.0001  0.0281  1
136:   0.9015  0.0002  0.0013  0.0970  1
137:   1.0000  0.0000  0.0000  0.0000  1
138:   1.0000  0.0000  0.0000  0.0000  1
139:   1.0000  0.0000  0.0000  0.0000  1
140:   1.0000  0.0000  0.0000  0.0000  1
141:   1.0000  0.0000  0.0000  0.0000  1
142:   1.0000  0.0000  0.0000  0.0000  1
143:   1.0000  0.0000  0.0000  0.0000  1
144:   1.0000  0.0000  0.0000  0.0000  1
145:   1.0000  0.0000  0.0000  0.0000  1
146:   1.0000  0.0000  0.0000  0.0000  1
147:   1.0000  0.0000  0.0000  0.0000  1
148:   1.0000  0.0000  0.0000  0.0000  1
149:   1.0000  0.0000  0.0000  0.0000  1
150:   1.0000  0.0000  0.0000  0.0000  1
151:   1.0000  0.0000  0.0000  0.0000  1
152:   1.0000  0.0000  0.0000  0.0000  1
153:   1.0000  0.0000  0.0000  0.0000  1
154:   1.0000  0.0000  0.0000  0.0000  1
155:   1.0000  0.0000  0.0000  0.0000  1
156:   1.0000  0.0000  0.0000  0.0000  1
157:   1.0000  0.0000  0.0000  0.0000  1
158:   1.0000  0.0000  0.0000  0.0000  1
159:   1.0000  0.0000  0.0000  0.0000  1
160:   1.0000  0.0000  0.0000  0.0000  1
161:   1.0000  0.0000  0.0000  0.0000  1
162:   1.0000  0.0000  0.0000  0.0000  1
163:   1.0000  0.0000  0.0000  0.0000  1
164:   1.0000  0.0000  0.0000  0.0000  1
165:   1.0000  0.0000  0.0000  0.0000  1
166:   1.0000  0.0000  0.0000  0.0000  1
167:   1.0000  0.0000  0.0000  0.0000  1
168:   1.0000  0.0000  0.0000  0.0000  1
169:   1.0000  0.0000  0.0000  0.0000  1
170:   1.0000  0.0000  0.0000  0.0000  1
171:   1.0000  0.0000  0.0000  0.0000  1
172:   1.0000  0.0000  0.0000  0.0000  1
173:   1.0000  0.0000  0.0000  0.0000  1
174:   1.0000  0.0000  0.0000  0.0000  1
175:   1.0000  0.0000  0.0000  0.0000  1
176:   1.0000  0.0000  0.0000  0.0000  1
177:   1.0000  0.0000  0.0000  0.0000  1
178:   1.0000  0.0000  0.0000  0.0000  1
179:   1.0000  0.0000  0.0000  0.0000  1
180:   1.0000  0.0000  0.0000  0.0000  1
181:   1.0000  0.0000  0.0000  0.0000  1
182:   1.0000  0.0000  0.0000  0.0000  1
183:   1.0000  0.0000  0.0000  0.0000  1
184:   0.0000  0.0000  1.0000  0.0000  1
185:   0.0000  0.0000  1.0000  0.0000  1
186:   0.0000  0.0000  1.0000  0.0000  1
187:   0.0000  0.0000  1.0000  0.0000  1
188:   0.0000  0.0000  1.0000  0.0000  1
189:   0.0000  0.0000  1.0000  0.0000  1
190:   0.0000  0.0000  1.0000  0.0000  1
191:   0.0000  0.0000  1.0000  0.0000  1
192:   0.0000  0.0000  1.0000  0.0000  1
193:   0.0000  0.0000  1.0000  0.0000  1
194:   0.0000  0.0000  1.0000  0.0000  1
195:   0.0000  0.0000  1.0000  0.0000  1
196:   0.0000  0.0000  1.0000  0.0000  1
197:   0.0000  0.0000  1.0000  0.0000  1
198:   0.0000  0.0000  1.0000  0.0000  1
199:   0.0000  0.0000  1.0000  0.0000  1
200:   0.0000  0.0000  1.0000  0.0000  1
201:   0.0000  0.0000  1.0000  0.0000  1
202:   0.0000  0.0000  1.0000  0.0000  1
203:   0.0722  0.7690  0.0110  0.1479  1
204:   0.0755  0.7704  0.0062  0.1480  1
205:   0.0701  0.7718  0.0114  0.1467  1
206:   0.0935  0.7449  0.0151  0.1465  1
207:   0.8173  0.0009  0.0892  0.0926  1
208:   0.8182  0.0183  0.0835  0.0800  1
209:   0.8146  0.0020  0.0848  0.0986  1
210:   0.8211  0.0010  0.0936  0.0843  1
211:   0.7979  0.0247  0.0830  0.0944  1
212:   0.8016  0.0105  0.0810  0.1068  1
213:   0.7360  0.0438  0.0764  0.1437  1
214:   0.8104  0.0237  0.0797  0.0862  1
215:   0.8190  0.0147  0.0867  0.0796  1
216:   0.8177  0.0039  0.0611  0.1173  1
217:   0.8114  0.0008  0.0918  0.0959  1
218:   0.8368  0.0198  0.0663  0.0771  1
219:   0.8105  0.0179  0.0735  0.0981  1
220:   0.8401  0.0004  0.0739  0.0855  1
221:   0.8365  0.0005  0.0715  0.0915  1
222:   0.8153  0.0177  0.0901  0.0769  1
223:   0.8325  0.0119  0.0694  0.0861  1
224:   0.8020  0.0115  0.0968  0.0896  1
225:   0.8236  0.0169  0.0877  0.0719  1
226:   0.8182  0.0011  0.0887  0.0919  1
227:   0.8166  0.0158  0.0800  0.0876  1
228:   0.8467  0.0149  0.0763  0.0622  1
229:   0.8353  0.0135  0.0750  0.0762  1
230:   0.8110  0.0216  0.0816  0.0857  1
231:   0.8083  0.0157  0.0963  0.0797  1
232:   0.8288  0.0061  0.0978  0.0673  1
233:   0.8157  0.0134  0.0934  0.0776  1
234:   0.8065  0.0131  0.0920  0.0884  1
235:   0.8390  0.0010  0.0971  0.0629  1
236:   0.8657  0.0138  0.0586  0.0619  1
237:   0.8179  0.0101  0.0886  0.0834  1
238:   1.0000  0.0000  0.0000  0.0000  1
239:   1.0000  0.0000  0.0000  0.0000  1
240:   1.0000  0.0000  0.0000  0.0000  1
241:   1.0000  0.0000  0.0000  0.0000  1
242:   0.0000  0.0000  0.0000  1.0000  1
243:   0.0000  0.0000  0.0000  1.0000  1
244:   0.0000  0.0000  0.0000  1.0000  1
245:   0.0000  0.0000  0.0000  1.0000  1
246:   0.0000  0.0000  0.0000  1.0000  1
247:   0.0000  0.0000  0.0000  1.0000  1
248:   0.0000  0.0000  0.0000  1.0000  1
249:   0.0000  0.0000  0.0000  1.0000  1
250:   0.0000  0.0000  0.0000  1.0000  1
251:   0.0000  0.0000  0.0000  1.0000  1
252:   0.0000  0.0000  0.0000  1.0000  1
253:   0.0000  0.0000  0.0000  1.0000  1
254:   0.0000  0.0000  0.0000  1.0000  1
255:   0.0000  0.0000  0.0000  1.0000  1
256:   0.0000  0.0000  0.0000  1.0000  1
257:   0.0000  0.0000  0.0000  1.0000  1
258:   0.0000  0.0000  0.0000  1.0000  1
259:   0.0000  0.0000  0.0000  1.0000  1
260:   0.0000  0.0000  0.0000  1.0000  1
261:   0.0000  0.0000  0.0000  1.0000  1
262:   0.0000  0.0000  0.0000  1.0000  1
263:   0.0000  0.0000  0.0000  1.0000  1
264:   0.0000  0.0000  0.0000  1.0000  1
265:   0.0000  0.0000  0.0000  1.0000  1
266:   0.0000  0.0000  0.0000  1.0000  1
267:   0.0000  0.0000  0.0000  1.0000  1
268:   0.0000  0.0000  0.0000  1.0000  1
269:   0.0000  0.0000  0.0000  1.0000  1
270:   0.0000  0.0000  0.0000  1.0000  1
271:   0.0000  0.0000  0.0000  1.0000  1
272:   0.0000  0.0000  0.0000  1.0000  1
273:   0.0000  0.0000  0.0000  1.0000  1
274:   0.0000  0.0000  0.0000  1.0000  1
275:   0.0000  0.0000  0.0000  1.0000  1
276:   0.0000  0.0000  0.0000  1.0000  1
277:   0.0000  0.0000  0.0000  1.0000  1
278:   0.0000  0.0000  0.0000  1.0000  1
279:   0.0000  0.0000  0.0000  1.0000  1
280:   0.0000  0.0000  0.0000  1.0000  1
281:   0.0000  0.0000  0.0000  1.0000  1
