  1:   0.0000  0.0000  0.0000  0.0000  0.0000  1.0000  1
  2:   0.0000  0.0000  0.0000  0.0000  0.0000  1.0000  1
  3:   0.0000  0.0000  0.0000  0.0000  0.0000  1.0000  1
  4:   0.0000  0.0000  0.0000  0.0000  0.0000  1.0000  1
  5:   0.0000  0.0000  0.0000  0.0000  0.0000  1.0000  1
  6:   0.0000  0.0000  0.0000  0.0000  0.0000  1.0000  1
  7:   0.0000  0.0000  0.0000  0.0000  0.0000  1.0000  1
  8:   0.0000  0.0000  0.0000  0.0039  0.0000  0.9961  1
  9:   0.0000  0.0000  0.0000  0.0000  0.0000  1.0000  1
 10:   0.0000  0.0000  0.0000  0.0000  0.0000  1.0000  1
 11:   0.0000  0.0000  0.0000  0.0000  0.0000  1.0000  1
 12:   0.0000  0.0000  0.0000  0.0000  0.0000  1.0000  1
 13:   0.0000  0.0000  0.0000  0.0000  0.0000  1.0000  1
 14:   0.0000  0.0000  0.0000  0.0000  0.0000  1.0000  1
 15:   0.0000  0.0000  0.0000  0.0000  0.0000  1.0000  1
 16:   0.0000  0.0000  0.0000  0.0000  0.0000  1.0000  1
 17:   0.0000  0.0000  0.0000  0.0000  0.0000  1.0000  1
 18:   0.0000  0.0000  0.0000  0.0000  0.0000  1.0000  1
 19:   0.0000  0.0000  0.0000  0.0000  0.0000  1.0000  1
 20:   0.0000  0.0000  0.0000  0.0000  0.0000  1.0000  1
 21:   0.0000  0.0000  0.0000  0.0000  0.0000  1.0000  1
 22:   0.0000  0.0000  0.0000  0.0000  0.0000  1.0000  1
 23:   0.0000  0.0000  0.0000  0.0000  0.0000  1.0000  1
 24:   0.0000  0.0000  0.0000  0.0000  0.0000  1.0000  1
 25:   0.0000  0.0000  0.0000  0.0000  0.0000  1.0000  1
 26:   0.0000  0.0000  0.0000  0.0000  0.0000  1.0000  1
 27:   0.0000  0.0000  0.0000  0.0000  0.0000  1.0000  1
 28:   0.0000  0.0000  0.0000  0.0000  0.0000  1.0000  1
 29:   0.0000  0.0000  0.0000  0.0000  0.0000  1.0000  1
 30:   0.0000  0.0000  0.0000  0.0000  0.0000  1.0000  1
 31:   0.0000  0.0000  0.0000  0.0000  0.0000  1.0000  1
 32:   0.0000  0.0000  0.0000  0.0000  0.0000  1.0000  1
 33:   0.0000  0.0000  0.0000  0.0000  0.0000  1.0000  1
 34:   0.0001  0.0000  0.0000  0.0006  0.0000  0.9992  1
 35:   0.0000  0.0000  0.0000  0.0000  0.0000  1.0000  1
 36:   0.0000  0.0000  0.0000  0.0000  0.0000  1.0000  1
 37:   0.0000  0.0000  0.0000  0.0000  0.0000  1.0000  1
 38:   0.0000  0.0000  0.0000  0.0000  0.0000  1.0000  1
 39:   0.0000  0.0000  0.0000  0.0000  0.0000  1.0000  1
 40:   0.0000  0.0000  0.0000  0.0000  0.0000  1.0000  1
 41:   0.0000  0.0000  0.0000  0.0000  0.0000  1.0000  1
 42:   0.0072  0.0001  0.0116  0.0002  0.0180  0.9629  1
 43:   0.0000  0.0000  0.0000  0.0000  0.0000  1.0000  1
 44:   0.0000  0.0000  0.0000  0.0000  0.0000  1.0000  1
 45:   0.0000  0.0000  0.0000  0.0000  0.0000  1.0000  1
 46:   0.0000  0.0000  0.0000  0.0000  0.0000  1.0000  1
 47:   0.0000  0.0000  0.0000  0.0000  0.0000  1.0000  1
 48:   0.0000  0.0000  0.0000  0.0000  0.0000  1.0000  1
 49:   0.0000  0.0000  0.0000  0.0000  0.0000  1.0000  1
 50:   0.0000  0.0000  0.0000  0.0000  0.0000  1.0000  1
 51:   0.0003  0.0000  0.0223  0.0075  0.0004  0.9695  1
 52:   0.0000  0.0000  0.3211  0.0000  0.6789  0.0000  1
 53:   0.0000  0.0000  0.3446  0.0000  0.6554  0.0000  1
 54:   0.0000  0.0000  0.3698  0.0000  0.6302  0.0000  1
 55:   0.0000  0.0000  0.3647  0.0000  0.6353  0.0000  1
 56:   0.0000  0.0000  0.3337  0.0000  0.6663  0.0000  1
 57:   0.0000  1.0000  0.0000  0.0000  0.0000  0.0000  1
 58:   0.0000  1.0000  0.0000  0.0000  0.0000  0.0000  1
 59:   0.0000  1.0000  0.0000  0.0000  0.0000  0.0000  1
 60:   0.0000  1.0000  0.0000  0.0000  0.0000  0.0000  1
 61:   0.0000  1.0000  0.0000  0.0000  0.0000  0.0000  1
 62:   0.0000  1.0000  0.0000  0.0000  0.0000  0.0000  1
 63:   0.0000  1.0000  0.0000  0.0000  0.0000  0.0000  1
 64:   0.0000  1.0000  0.0000  0.0000  0.0000  0.0000  1
 65:   0.0000  1.0000  0.0000  0.0000  0.0000  0.0000  1
 66:   0.0000  1.0000  0.0000  0.0000  0.0000  0.0000  1
 67:   0.0000  1.0000  0.0000  0.0000  0.0000  0.0000  1
 68:   0.0000  1.0000  0.0000  0.0000  0.0000  0.0000  1
 69:   0.0000  1.0000  0.0000  0.0000  0.0000  0.0000  1
 70:   0.0000  1.0000  0.0000  0.0000  0.0000  0.0000  1
 71:   0.0000  1.0000  0.0000  0.0000  0.0000  0.0000  1
 72:   0.0000  1.0000  0.0000  0.0000  0.0000  0.0000  1
 73:   0.0000  1.0000  0.0000  0.0000  0.0000  0.0000  1
 74:   0.0000  1.0000  0.0000  0.0000  0.0000  0.0000  1
 75:   0.0000  1.0000  0.0000  0.0000  0.0000  0.0000  1
 76:   0.0000  1.0000  0.0000  0.0000  0.0000  0.0000  1
 77:   0.0000  1.0000  0.0000  0.0000  0.0000  0.0000  1
 78:   0.0000  1.0000  0.0000  0.0000  0.0000  0.0000  1
 79:   0.0000  1.0000  0.0000  0.0000  0.0000  0.0000  1
 80:   0.0000  1.0000  0.0000  0.0000  0.0000  0.0000  1
 81:   1.0000  0.0000  0.0000  0.0000  0.0000  0.0000  1
 82:   1.0000  0.0000  0.0000  0.0000  0.0000  0.0000  1
 83:   1.0000  0.0000  0.0000  0.0000  0.0000  0.0000  1
 84:   1.0000  0.0000  0.0000  0.0000  0.0000  0.0000  1
 85:   1.0000  0.0000  0.0000  0.0000  0.0000  0.0000  1
 86:   0.9962  0.0000  0.0000  0.0000  0.0038  0.0000  1
 87:   1.0000  0.0000  0.0000  0.0000  0.0000  0.0000  1
 88:   1.0000  0.0000  0.0000  0.0000  0.0000  0.0000  1
 89:   1.0000  0.0000  0.0000  0.0000  0.0000  0.0000  1
 90:   1.0000  0.0000  0.0000  0.0000  0.0000  0.0000  1
 92:   0.9998  0.0000  0.0000  0.0000  0.0002  0.0000  1
 93:   1.0000  0.0000  0.0000  0.0000  0.0000  0.0000  1
 94:   0.0000  0.0000  0.0000  0.0000  1.0000  0.0000  1
 95:   0.0000  0.0000  0.8582  0.0000  0.1418  0.0000  1
 96:   0.0000  0.0000  0.0000  0.0000  1.0000  0.0000  1
 97:   0.0000  0.0000  0.8436  0.0000  0.1564  0.0000  1
 98:   0.0000  0.0000  0.8131  0.0000  0.1869  0.0000  1
 99:   0.0000  0.0000  0.0000  0.0000  1.0000  0.0000  1
100:   0.0000  0.0000  0.0000  0.0000  1.0000  0.0000  1
101:   0.0000  0.0000  0.8185  0.0000  0.1815  0.0000  1
102:   0.0000  0.0000  0.0000  0.0000  1.0000  0.0000  1
103:   0.0000  0.0000  0.0000  0.0000  1.0000  0.0000  1
104:   0.0000  0.0000  0.0000  0.0000  1.0000  0.0000  1
105:   0.0000  0.0000  0.0000  0.0000  1.0000  0.0000  1
106:   0.0000  0.0000  0.0000  0.0000  1.0000  0.0000  1
107:   0.0000  0.0000  0.0000  0.0000  1.0000  0.0000  1
108:   0.0000  0.0000  0.0000  0.0000  1.0000  0.0000  1
109:   0.0082  0.0000  0.8298  0.0006  0.1337  0.0277  1
110:   0.0000  0.0000  0.0000  0.0000  1.0000  0.0000  1
111:   0.0000  0.0000  0.0000  0.0000  1.0000  0.0000  1
112:   0.0000  0.0000  1.0000  0.0000  0.0000  0.0000  1
113:   0.0000  0.0000  1.0000  0.0000  0.0000  0.0000  1
114:   0.0000  0.0000  1.0000  0.0000  0.0000  0.0000  1
115:   0.0000  0.0000  1.0000  0.0000  0.0000  0.0000  1
116:   0.0000  0.0000  1.0000  0.0000  0.0000  0.0000  1
117:   0.0000  0.0000  1.0000  0.0000  0.0000  0.0000  1
118:   0.0000  0.0000  1.0000  0.0000  0.0000  0.0000  1
119:   0.0000  0.0000  1.0000  0.0000  0.0000  0.0000  1
120:   0.0000  0.0000  1.0000  0.0000  0.0000  0.0000  1
121:   0.0000  0.0000  1.0000  0.0000  0.0000  0.0000  1
122:   0.0000  0.0000  1.0000  0.0000  0.0000  0.0000  1
123:   0.0000  0.0000  1.0000  0.0000  0.0000  0.0000  1
124:   0.0000  0.0000  1.0000  0.0000  0.0000  0.0000  1
125:   0.0000  0.0000  1.0000  0.0000  0.0000  0.0000  1
126:   0.0000  0.0000  1.0000  0.0000  0.0000  0.0000  1
127:   0.0000  0.0000  1.0000  0.0000  0.0000  0.0000  1
128:   0.0000  0.0000  1.0000  0.0000  0.0000  0.0000  1
129:   0.0000  0.0000  1.0000  0.0000  0.0000  0.0000  1
130:   0.0000  0.0000  1.0000  0.0000  0.0000  0.0000  1
131:   0.0000  0.0000  1.0000  0.0000  0.0000  0.0000  1
132:   0.0000  0.0000  1.0000  0.0000  0.0000  0.0000  1
133:   0.0000  0.0000  1.0000  0.0000  0.0000  0.0000  1
134:   0.0001  0.0000  0.9723  0.0000  0.0274  0.0002  1
135:   0.0051  0.0001  0.9577  0.0002  0.0104  0.0265  1
136:   0.0182  0.0001  0.8571  0.0011  0.0371  0.0863  1
137:   0.0000  0.0000  1.0000  0.0000  0.0000  0.0000  1
138:   0.0000  0.0000  1.0000  0.0000  0.0000  0.0000  1
139:   0.0000  0.0000  1.0000  0.0000  0.0000  0.0000  1
140:   0.0000  0.0000  1.0000  0.0000  0.0000  0.0000  1
141:   0.0000  0.0000  1.0000  0.0000  0.0000  0.0000  1
142:   0.0000  0.0000  1.0000  0.0000  0.0000  0.0000  1
143:   0.0000  0.0000  1.0000  0.0000  0.0000  0.0000  1
144:   0.0000  0.0000  1.0000  0.0000  0.0000  0.0000  1
145:   0.0000  0.0000  1.0000  0.0000  0.0000  0.0000  1
146:   0.0000  0.0000  1.0000  0.0000  0.0000  0.0000  1
147:   0.0000  0.0000  1.0000  0.0000  0.0000  0.0000  1
148:   0.0000  0.0000  1.0000  0.0000  0.0000  0.0000  1
149:   0.0000  0.0000  1.0000  0.0000  0.0000  0.0000  1
150:   0.0000  0.0000  1.0000  0.0000  0.0000  0.0000  1
151:   0.0000  0.0000  1.0000  0.0000  0.0000  0.0000  1
152:   0.0000  0.0000  1.0000  0.0000  0.0000  0.0000  1
153:   0.0000  0.0000  1.0000  0.0000  0.0000  0.0000  1
154:   0.0000  0.0000  1.0000  0.0000  0.0000  0.0000  1
155:   0.0000  0.0000  1.0000  0.0000  0.0000  0.0000  1
156:   0.0000  0.0000  0.9998  0.0000  0.0002  0.0000  1
157:   0.0000  0.0000  1.0000  0.0000  0.0000  0.0000  1
158:   0.0000  0.0000  1.0000  0.0000  0.0000  0.0000  1
159:   0.0000  0.0000  1.0000  0.0000  0.0000  0.0000  1
160:   0.0000  0.0000  1.0000  0.0000  0.0000  0.0000  1
161:   0.0000  0.0000  1.0000  0.0000  0.0000  0.0000  1
162:   0.0000  0.0000  1.0000  0.0000  0.0000  0.0000  1
163:   0.0000  0.0000  1.0000  0.0000  0.0000  0.0000  1
164:   0.0000  0.0000  1.0000  0.0000  0.0000  0.0000  1
165:   0.0000  0.0000  1.0000  0.0000  0.0000  0.0000  1
166:   0.0000  0.0000  1.0000  0.0000  0.0000  0.0000  1
167:   0.0000  0.0000  1.0000  0.0000  0.0000  0.0000  1
168:   0.0000  0.0000  1.0000  0.0000  0.0000  0.0000  1
169:   0.0000  0.0000  0.9998  0.0000  0.0002  0.0000  1
170:   0.0000  0.0000  1.0000  0.0000  0.0000  0.0000  1
171:   0.0000  0.0000  0.9691  0.0000  0.0309  0.0000  1
172:   0.0000  0.0000  1.0000  0.0000  0.0000  0.0000  1
173:   0.0000  0.0000  1.0000  0.0000  0.0000  0.0000  1
174:   0.0000  0.0000  1.0000  0.0000  0.0000  0.0000  1
175:   0.0000  0.0000  1.0000  0.0000  0.0000  0.0000  1
176:   0.0000  0.0000  0.9998  0.0000  0.0002  0.0000  1
177:   0.0000  0.0000  1.0000  0.0000  0.0000  0.0000  1
178:   0.0000  0.0000  1.0000  0.0000  0.0000  0.0000  1
179:   0.0000  0.0000  1.0000  0.0000  0.0000  0.0000  1
180:   0.0000  0.0000  1.0000  0.0000  0.0000  0.0000  1
181:   0.0000  0.0000  1.0000  0.0000  0.0000  0.0000  1
182:   0.0000  0.0000  1.0000  0.0000  0.0000  0.0000  1
183:   0.0000  0.0000  1.0000  0.0000  0.0000  0.0000  1
184:   0.0000  0.0000  0.0000  1.0000  0.0000  0.0000  1
185:   0.0000  0.0000  0.0000  1.0000  0.0000  0.0000  1
186:   0.0000  0.0000  0.0000  1.0000  0.0000  0.0000  1
187:   0.0000  0.0000  0.0000  1.0000  0.0000  0.0000  1
188:   0.0000  0.0000  0.0000  1.0000  0.0000  0.0000  1
189:   0.0000  0.0000  0.0000  1.0000  0.0000  0.0000  1
190:   0.0000  0.0000  0.0000  1.0000  0.0000  0.0000  1
191:   0.0000  0.0000  0.0000  1.0000  0.0000  0.0000  1
192:   0.0000  0.0000  0.0000  1.0000  0.0000  0.0000  1
193:   0.0000  0.0000  0.0000  1.0000  0.0000  0.0000  1
194:   0.0000  0.0000  0.0000  1.0000  0.0000  0.0000  1
195:   0.0000  0.0000  0.0000  1.0000  0.0000  0.0000  1
196:   0.0000  0.0000  0.0000  1.0000  0.0000  0.0000  1
197:   0.0000  0.0000  0.0000  1.0000  0.0000  0.0000  1
198:   0.0000  0.0000  0.0000  1.0000  0.0000  0.0000  1
199:   0.0000  0.0000  0.0000  1.0000  0.0000  0.0000  1
200:   0.0000  0.0000  0.0000  1.0000  0.0000  0.0000  1
201:   0.0000  0.0000  0.0000  1.0000  0.0000  0.0000  1
202:   0.0000  0.0000  0.0000  1.0000  0.0000  0.0000  1
203:   0.4148  0.5852  0.0000  0.0000  0.0000  0.0000  1
204:   0.4018  0.5982  0.0000  0.0000  0.0000  0.0000  1
205:   0.4056  0.5944  0.0000  0.0000  0.0000  0.0000  1
206:   0.4333  0.5667  0.0000  0.0000  0.0000  0.0000  1
207:   0.0000  0.0000  0.0000  0.0000  1.0000  0.0000  1
208:   0.0000  0.0000  0.0000  0.0000  1.0000  0.0000  1
209:   0.0000  0.0000  0.0000  0.0000  1.0000  0.0000  1
210:   0.0000  0.0000  0.0000  0.0000  1.0000  0.0000  1
211:   0.0000  0.0000  0.0000  0.0000  1.0000  0.0000  1
212:   0.0000  0.0000  0.0000  0.0000  1.0000  0.0000  1
213:   0.0006  0.0197  0.0005  0.0004  0.9776  0.0011  1
214:   0.0000  0.0000  0.0000  0.0000  1.0000  0.0000  1
215:   0.0000  0.0000  0.0000  0.0000  1.0000  0.0000  1
216:   0.0001  0.0000  0.0009  0.0000  0.9989  0.0001  1
217:   0.0000  0.0000  0.0000  0.0000  1.0000  0.0000  1
218:   0.0000  0.0000  0.0000  0.0000  1.0000  0.0000  1
219:   0.0000  0.0000  0.0000  0.0000  1.0000  0.0000  1
220:   0.0000  0.0000  0.0000  0.0000  1.0000  0.0000  1
221:   0.0000  0.0000  0.0003  0.0000  0.9997  0.0000  1
222:   0.0000  0.0000  0.0000  0.0000  1.0000  0.0000  1
223:   0.0000  0.0000  0.0000  0.0000  1.0000  0.0000  1
224:   0.0000  0.0000  0.0002  0.0000  0.9998  0.0000  1
225:   0.0000  0.0000  0.0000  0.0000  1.0000  0.0000  1
226:   0.0000  0.0000  0.0000  0.0000  1.0000  0.0000  1
227:   0.0000  0.0000  0.0001  0.0000  0.9999  0.0000  1
228:   0.0000  0.0000  0.0000  0.0000  1.0000  0.0000  1
229:   0.0000  0.0000  0.0004  0.0000  0.9996  0.0000  1
230:   0.0000  0.0000  0.0000  0.0000  1.0000  0.0000  1
231:   0.0000  0.0000  0.0000  0.0000  1.0000  0.0000  1
232:   0.0000  0.0000  0.0000  0.0000  1.0000  0.0000  1
233:   0.0000  0.0000  0.0000  0.0000  1.0000  0.0000  1
234:   0.0000  0.0000  0.0000  0.0000  1.0000  0.0000  1
235:   0.0000  0.0000  0.0000  0.0000  1.0000  0.0000  1
236:   0.0000  0.0000  0.1573  0.0000  0.8427  0.0000  1
237:   0.0000  0.0000  0.0000  0.0000  1.0000  0.0000  1
238:   0.0000  0.0000  1.0000  0.0000  0.0000  0.0000  1
239:   0.0000  0.0000  1.0000  0.0000  0.0000  0.0000  1
240:   0.0000  0.0000  1.0000  0.0000  0.0000  0.0000  1
241:   0.0000  0.0000  1.0000  0.0000  0.0000  0.0000  1
242:   0.0000  0.0000  0.0000  0.0000  0.0000  1.0000  1
243:   0.0000  0.0000  0.0000  0.0000  0.0000  1.0000  1
244:   0.0000  0.0000  0.0000  0.0000  0.0000  1.0000  1
245:   0.0000  0.0000  0.0000  0.0000  0.0000  1.0000  1
246:   0.0000  0.0000  0.0000  0.0000  0.0000  1.0000  1
247:   0.0000  0.0000  0.0000  0.0000  0.0000  1.0000  1
248:   0.0000  0.0000  0.0000  0.0000  0.0000  1.0000  1
249:   0.0000  0.0000  0.0000  0.0000  0.0000  1.0000  1
250:   0.0000  0.0000  0.0000  0.0000  0.0000  1.0000  1
251:   0.0000  0.0000  0.0000  0.0000  0.0000  1.0000  1
252:   0.0000  0.0000  0.0000  0.0000  0.0000  1.0000  1
253:   0.0000  0.0000  0.0000  0.0000  0.0000  1.0000  1
254:   0.0000  0.0000  0.0000  0.0000  0.0000  1.0000  1
255:   0.0000  0.0000  0.0000  0.0000  0.0000  1.0000  1
256:   0.0000  0.0000  0.0000  0.0000  0.0000  1.0000  1
257:   0.0000  0.0000  0.0000  0.0000  0.0000  1.0000  1
258:   0.0000  0.0000  0.0000  0.0000  0.0000  1.0000  1
259:   0.0000  0.0000  0.0000  0.0000  0.0000  1.0000  1
260:   0.0000  0.0000  0.0000  0.0000  0.0000  1.0000  1
261:   0.0000  0.0000  0.0000  0.0000  0.0000  1.0000  1
262:   0.0000  0.0000  0.0000  0.0000  0.0000  1.0000  1
263:   0.0000  0.0000  0.0000  0.0000  0.0000  1.0000  1
264:   0.0000  0.0000  0.0000  0.0000  0.0000  1.0000  1
265:   0.0000  0.0000  0.0000  0.0000  0.0000  1.0000  1
266:   0.0000  0.0000  0.0000  0.0000  0.0000  1.0000  1
267:   0.0000  0.0000  0.0000  0.0000  0.0000  1.0000  1
268:   0.0000  0.0000  0.0000  0.0000  0.0000  1.0000  1
269:   0.0000  0.0000  0.0000  0.0000  0.0000  1.0000  1
270:   0.0000  0.0000  0.0000  0.0000  0.0000  1.0000  1
271:   0.0000  0.0000  0.0000  0.0000  0.0000  1.0000  1
272:   0.0000  0.0000  0.0000  0.0000  0.0000  1.0000  1
273:   0.0000  0.0000  0.0000  0.0000  0.0000  1.0000  1
274:   0.0000  0.0000  0.0000  0.0000  0.0000  1.0000  1
275:   0.0000  0.0000  0.0000  0.0000  0.0000  1.0000  1
276:   0.0000  0.0000  0.0000  0.0000  0.0000  1.0000  1
277:   0.0000  0.0000  0.0000  0.0000  0.0000  1.0000  1
278:   0.0000  0.0000  0.0000  0.0000  0.0000  1.0000  1
279:   0.0000  0.0000  0.0000  0.0000  0.0000  1.0000  1
280:   0.0000  0.0000  0.0000  0.0000  0.0000  1.0000  1
281:   0.0000  0.0000  0.0000  0.0000  0.0000  1.0000  1
