71 191844 1649306.12765722
71 19185 1240382.24261756
71 1919 1010505.69072191
71 200 698860.22148723
71 199 684194.582675304
71 198 689110.551993754
71 197 674230.863339752
71 196 728184.376220566
71 195 689283.244314628
71 194 676274.085647355
71 193 680169.812831878
71 192 696273.523910612
71 191 684227.161918351
71 190 718830.119589736
71 189 662050.425006488
71 188 703778.242724211
71 187 681725.357261142
71 186 702777.955124506
71 185 656162.404519185
71 184 660707.864365848
71 183 674408.093237964
71 182 657924.467994038
71 181 649704.659565997
71 180 652595.743091942
71 179 670613.116302397
71 178 668920.459469548
71 177 710438.128167812
71 176 694103.036145983
71 175 678127.766661475
71 174 673317.51763143
71 173 704319.249901922
71 172 693740.171231398
71 171 643512.682255507
71 170 647395.007292163
71 169 644844.848706346
71 168 671826.652303549
71 167 673661.54776626
71 166 642380.405805951
71 165 672735.665657856
71 164 617854.66339946
71 163 633999.189783496
71 162 639661.840764835
71 161 685204.861149367
71 160 637508.966459836
71 159 669331.93756603
71 158 636455.544119833
71 157 618514.865101633
71 156 604342.80186052
71 155 624749.890567423
71 154 626697.278664873
71 153 636336.343922055
71 152 695154.807324257
71 151 608403.354043577
71 150 689087.056666927
71 149 677587.398836871
71 148 657839.085674589
71 147 644061.031666344
71 146 615336.199506734
71 145 628317.067911126
71 144 652198.300659866
71 143 641561.729884563
71 142 618403.282903777
71 141 624215.952454813
71 140 614787.847662465
71 139 617685.31201565
71 138 637792.871392937
71 137 606231.833638082
71 136 644864.246614262
71 135 622609.601139264
71 134 596427.01808267
71 133 631037.177345694
71 132 614419.018749758
71 131 609275.316628763
71 130 616471.553366821
71 129 687174.713318665
71 128 611685.319921083
71 127 597815.915039604
71 126 632744.033503832
71 125 601129.133675317
71 124 577539.958788302
71 123 618632.695251085
71 122 633754.261841916
71 121 601147.564797084
71 120 591630.455057854
71 119 645241.466366148
71 118 639318.34307515
71 117 601546.195211356
71 116 580178.815624345
71 115 590975.626516444
71 114 597745.20374533
71 113 628567.268854527
71 112 596571.393941681
71 111 599560.266884909
71 110 593259.597965513
71 109 596715.053665308
71 108 625501.231484947
71 107 605934.57842004
71 106 615452.388482541
71 105 601312.595669222
71 104 630987.191885874
71 103 579587.591924213
71 102 609264.047722496
71 101 589357.03174459
71 100 573885.722517147
71 99 565549.70982704
71 98 615190.990035988
71 97 560492.762897679
71 96 584454.89790112
71 95 594136.670349331
71 94 578307.244650748
71 93 553187.204680808
71 92 583560.513045824
71 91 591600.56981507
71 90 597270.937203355
71 89 592610.715611559
71 88 572726.280931658
71 87 574650.500096266
71 86 561894.310056174
71 85 537302.668429731
71 84 581391.227973364
71 83 591645.300941815
71 82 548591.345626611
71 81 563615.885768104
71 80 558236.701848735
71 79 615302.92552439
71 78 577255.245109106
71 77 580356.865693188
71 76 586908.112233561
71 75 560760.313209484
71 74 575872.870481929
71 73 555203.623627787
71 72 544642.151777996
71 71 565214.989715929
71 70 562258.786397068
71 69 543291.594892162
71 68 522365.194361673
71 67 547418.778707232
71 66 515898.427198107
71 65 525834.597027441
71 64 552910.404286918
71 63 536374.224959296
71 62 541301.437824511
71 61 550741.928989489
71 60 612541.122293236
71 59 534941.666551796
71 58 545767.847573897
71 57 529812.812144679
71 56 521637.245090496
71 55 551031.920281015
71 54 556088.34124845
71 53 551182.485523591
71 52 589958.000381442
71 51 584101.972704233
71 50 522229.43683238
71 49 523725.393220376
71 48 509201.832142882
71 47 523214.98439584
71 46 507923.913558742
71 45 512389.255087798
71 44 549870.369494333
71 43 509719.294989208
71 42 493654.141571826
71 41 532575.188773128
71 40 523767.076834454
71 39 550399.556971637
71 38 487950.688348059
71 37 552087.749651726
71 36 543732.537901941
71 35 553297.301327988
71 34 503356.374838408
71 33 489978.929822033
71 32 522436.135939522
71 31 491119.983636301
71 30 527982.781709656
71 29 557802.730622743
71 28 498864.591223585
71 27 507332.585812188
71 26 518529.158326503
71 25 530309.498366656
71 24 590024.274192826
71 23 526188.025537184
71 22 565836.653836955
71 21 509955.480227486
71 20 525589.492275988
71 19 518797.835952871
71 18 501865.321928963
71 17 514353.638111744
71 16 553936.17836279
71 15 575435.835548621
71 14 508158.696147305
71 13 579369.159537569
71 12 521873.209538875
71 11 540866.177507288
71 10 539418.04413787
71 9 504168.195592692
71 8 498727.044817102
71 7 607718.683171934
71 6 621939.000989395
71 5 739710.335084917
71 4 796262.80397922
71 3 961743.336988072
71 2 886484.951233823
71 1 1218310.98376208
