7 191844 1540844.56523084
7 19185 1320000.33384482
7 1919 1011397.61687508
7 200 712973.471560877
7 199 661689.548725335
7 198 672597.79851352
7 197 662262.969030987
7 196 749173.711650091
7 195 669663.208233426
7 194 664239.920752832
7 193 706470.738709004
7 192 678895.650059661
7 191 696118.594972798
7 190 671780.983080102
7 189 655538.488377938
7 188 705049.812401002
7 187 707272.721960682
7 186 663382.546399748
7 185 692772.471557475
7 184 669299.251042683
7 183 657255.378744535
7 182 668744.245490193
7 181 685645.37891768
7 180 680682.685569656
7 179 680338.433150199
7 178 685776.124077566
7 177 652822.222074018
7 176 649643.889381569
7 175 690343.849297583
7 174 686759.139220838
7 173 651065.939278381
7 172 675422.903518631
7 171 635485.538579173
7 170 652121.878739973
7 169 669180.775773875
7 168 652385.66817725
7 167 662803.967030896
7 166 654872.466053429
7 165 698555.983802713
7 164 694581.75679189
7 163 644474.338223625
7 162 658637.616908267
7 161 676303.788492929
7 160 664817.613261807
7 159 651830.592353718
7 158 644053.475358275
7 157 635695.645784223
7 156 658129.956778917
7 155 629301.576512685
7 154 639797.537278434
7 153 634307.403385672
7 152 622971.61862268
7 151 661507.242473524
7 150 631898.725610821
7 149 659279.046949963
7 148 642478.355479819
7 147 650918.270710212
7 146 623437.717930753
7 145 686191.942826295
7 144 664223.954265528
7 143 655527.748695692
7 142 620887.318066703
7 141 622512.879266792
7 140 630975.988900649
7 139 628671.332124174
7 138 610190.698789211
7 137 645931.988511552
7 136 628388.102095233
7 135 668813.132906822
7 134 637244.444542314
7 133 637698.526320645
7 132 622384.309089692
7 131 624055.021529594
7 130 614389.784878765
7 129 636381.162831853
7 128 620536.866053759
7 127 606334.788461546
7 126 629163.031919762
7 125 605456.59199737
7 124 652169.38073299
7 123 614684.759257026
7 122 612883.110263971
7 121 624588.57709086
7 120 576523.065180823
7 119 587881.028689375
7 118 602286.643775722
7 117 615109.568952832
7 116 620139.816789711
7 115 604979.472435402
7 114 604405.942263971
7 113 650624.700533048
7 112 587505.205037074
7 111 624514.323421703
7 110 604317.596875385
7 109 593891.023587138
7 108 615800.412008001
7 107 647725.201956588
7 106 589048.867283763
7 105 593509.524525183
7 104 594776.19098738
7 103 611323.139943885
7 102 585435.619616446
7 101 599400.530890614
7 100 621586.291657205
7 99 607783.012998618
7 98 595056.646510238
7 97 581271.520080127
7 96 584092.898042478
7 95 589954.93239252
7 94 576559.772497209
7 93 579268.478175532
7 92 621686.781180381
7 91 571118.3753762
7 90 582370.70937697
7 89 578097.537092845
7 88 582931.757715631
7 87 566828.912723816
7 86 568951.428691697
7 85 578892.932739101
7 84 550812.13429458
7 83 568853.706178367
7 82 553974.420906246
7 81 545106.729968801
7 80 543362.851723823
7 79 567190.811352494
7 78 539640.233967174
7 77 567262.907738422
7 76 591242.380816875
7 75 567224.404748725
7 74 578364.218897706
7 73 542966.408896763
7 72 550342.126164895
7 71 540646.140688387
7 70 575663.584455746
7 69 549275.781046952
7 68 550038.093688748
7 67 575319.062165842
7 66 572663.737576859
7 65 600329.092745751
7 64 567280.859369359
7 63 558763.390129903
7 62 586742.858452272
7 61 577858.150749881
7 60 532099.650037423
7 59 545632.004089823
7 58 539677.770790734
7 57 538551.091659478
7 56 535620.997286917
7 55 559034.43605447
7 54 570698.806227339
7 53 561012.495633233
7 52 547198.158192201
7 51 549614.612438903
7 50 559164.232217739
7 49 536928.918684754
7 48 579975.82217476
7 47 556487.950225075
7 46 562031.041720987
7 45 583205.135725011
7 44 572106.573466549
7 43 574291.808486461
7 42 604615.681949476
7 41 558027.428397051
7 40 586042.89546058
7 39 585299.925041511
7 38 534455.460073521
7 37 531279.445262819
7 36 523271.547015733
7 35 535147.701311266
7 34 583747.869516012
7 33 508263.318920892
7 32 572655.253016151
7 31 551397.232198129
7 30 527494.693345381
7 29 569447.468108316
7 28 554586.94354011
7 27 580309.767049661
7 26 546322.807113255
7 25 585880.446290274
7 24 531506.724932601
7 23 543295.326737335
7 22 532378.399314197
7 21 522788.396428332
7 20 572922.72085733
7 19 542259.340590619
7 18 667452.057422418
7 17 528148.726290948
7 16 561174.109178451
7 15 564513.888537423
7 14 671349.271928264
7 13 617066.91509261
7 12 625612.534716661
7 11 645182.682572923
7 10 605217.208923363
7 9 630837.998192238
7 8 665529.872480518
7 7 677359.119121508
7 6 749677.779458375
7 5 818363.733285662
7 4 936605.334021351
7 3 1020549.87085892
7 2 1136667.20888293
7 1 1235125.74371578
