13 191844 1811383.90993171
13 19185 1275073.04714186
13 1919 959957.658174532
13 200 689212.933746827
13 199 663782.717822096
13 198 681628.028216281
13 197 659579.253215511
13 196 699882.499231521
13 195 664843.258350501
13 194 715734.08409895
13 193 681372.821138656
13 192 675619.206373013
13 191 691025.126611578
13 190 673465.103991305
13 189 670438.077757704
13 188 666291.737870391
13 187 649776.034605974
13 186 682359.314104675
13 185 654446.551553509
13 184 684318.68694869
13 183 674436.812874875
13 182 667639.606474626
13 181 660738.045619152
13 180 658274.586092219
13 179 656232.808168488
13 178 634600.561004627
13 177 659476.518059312
13 176 679374.140702685
13 175 668001.04655066
13 174 643328.141242422
13 173 666012.981190852
13 172 644397.584325219
13 171 671974.143627449
13 170 667996.686960267
13 169 646434.419655781
13 168 650059.941578099
13 167 668791.84040551
13 166 695606.967464419
13 165 656770.37398916
13 164 647017.736029567
13 163 605702.309479887
13 162 639832.647717496
13 161 679488.311821131
13 160 663022.22204414
13 159 657010.438536257
13 158 637072.730028116
13 157 685708.339106791
13 156 641363.566638849
13 155 630740.069028114
13 154 669101.105268927
13 153 675892.039033197
13 152 636776.687958747
13 151 661865.868449866
13 150 623545.049446413
13 149 640331.358233023
13 148 655503.818726149
13 147 628813.224040789
13 146 714120.932846417
13 145 600632.329489941
13 144 653509.594361777
13 143 636009.634295386
13 142 634256.896518087
13 141 633832.012687266
13 140 647716.09565738
13 139 639359.377608273
13 138 617746.537084424
13 137 613057.960140873
13 136 651583.877465723
13 135 600821.94779064
13 134 618720.877161516
13 133 605317.833003136
13 132 623068.542310741
13 131 598369.030953042
13 130 632992.720509406
13 129 705575.214085992
13 128 632204.737019824
13 127 643488.149500803
13 126 595190.810148524
13 125 591489.769988017
13 124 625703.549962325
13 123 608831.625882703
13 122 599665.058424699
13 121 597438.721385743
13 120 590774.857846604
13 119 635121.339307716
13 118 601229.59974061
13 117 614013.752948337
13 116 626486.191457658
13 115 662702.709851787
13 114 600544.542002965
13 113 604567.732015172
13 112 649945.705663807
13 111 626357.553535548
13 110 579683.547105458
13 109 599791.556332429
13 108 619486.254370211
13 107 607553.172934885
13 106 611165.703216466
13 105 604842.21585277
13 104 601715.321367677
13 103 594274.275179257
13 102 571133.172877286
13 101 638570.761311389
13 100 614167.206971183
13 99 615373.034400776
13 98 602990.831246472
13 97 581967.855213381
13 96 599386.149714493
13 95 637381.748591908
13 94 583041.355442927
13 93 593292.163468194
13 92 589305.012715958
13 91 579293.124007892
13 90 607466.023966658
13 89 596825.847692269
13 88 571538.207323151
13 87 574595.970239106
13 86 578422.901703072
13 85 622294.602501428
13 84 627350.618007926
13 83 615643.775211581
13 82 564820.625651489
13 81 577931.205333615
13 80 599614.165700599
13 79 623192.903429685
13 78 587683.70172295
13 77 626881.642018565
13 76 545737.523685182
13 75 600300.805568152
13 74 587212.061919118
13 73 595739.721047395
13 72 583620.052861369
13 71 570323.195198831
13 70 584275.213753941
13 69 551882.952252107
13 68 582027.028690959
13 67 537808.615466736
13 66 538129.749828859
13 65 561404.15113843
13 64 538576.15012866
13 63 559815.928600441
13 62 561530.197044021
13 61 574034.273778343
13 60 590646.856208777
13 59 602342.387938621
13 58 568937.159103542
13 57 618359.146446891
13 56 573109.202442643
13 55 547080.135477609
13 54 549288.063465761
13 53 510041.77522976
13 52 564379.68684754
13 51 531253.595730264
13 50 531785.729255991
13 49 582311.50483401
13 48 513629.848213463
13 47 580472.305107405
13 46 600087.074961507
13 45 572309.928099367
13 44 599773.515605478
13 43 582825.087415408
13 42 554287.758757756
13 41 528630.412768036
13 40 571229.498407863
13 39 568520.292431658
13 38 589097.600425182
13 37 583208.865067406
13 36 586956.287431073
13 35 548951.073449365
13 34 562027.454463882
13 33 564949.356029329
13 32 533411.108260563
13 31 544867.158024299
13 30 549814.45038756
13 29 524112.041946692
13 28 556559.881081813
13 27 585195.176158178
13 26 554483.408498031
13 25 577887.423582126
13 24 547008.771946446
13 23 517134.304429818
13 22 516636.826951133
13 21 593752.201944147
13 20 564959.921536211
13 19 531345.143909519
13 18 539901.21445407
13 17 533474.929176442
13 16 549120.44753788
13 15 522032.404220935
13 14 550561.598264068
13 13 528146.431583853
13 12 548288.575856569
13 11 604701.586663011
13 10 591479.277321924
13 9 611152.515346792
13 8 549973.570105563
13 7 594220.801412248
13 6 639631.811990992
13 5 717715.527290874
13 4 710593.986801377
13 3 764607.580685403
13 2 1071749.53013896
13 1 1222262.10104231
