84 191844 1581587.89281321
84 19185 1387201.63952366
84 1919 1020152.72839176
84 200 702429.006086848
84 199 754801.275982108
84 198 744623.597392956
84 197 738294.794422776
84 196 742327.2306217
84 195 695774.780588191
84 194 735035.594387112
84 193 678466.428522901
84 192 716152.210766911
84 191 680180.081064822
84 190 720602.622263905
84 189 681369.502681971
84 188 713600.728871931
84 187 682687.46610617
84 186 725041.819137824
84 185 705124.91821877
84 184 699869.108956132
84 183 693491.305214255
84 182 700689.658824363
84 181 691223.224614447
84 180 706684.12258612
84 179 689274.9973975
84 178 717802.889002682
84 177 645790.617683611
84 176 704986.572879769
84 175 678704.484171153
84 174 676958.038117646
84 173 682469.047884789
84 172 696192.674060193
84 171 709310.291940014
84 170 685147.835132643
84 169 694428.291188702
84 168 746772.472938811
84 167 727413.208882933
84 166 685400.064449113
84 165 731839.578488527
84 164 652996.271936125
84 163 664287.702791687
84 162 648571.578522714
84 161 646776.322908266
84 160 672447.942984337
84 159 658956.486558613
84 158 671975.251610919
84 157 670859.430046632
84 156 648744.394593518
84 155 676617.601660105
84 154 706692.555431893
84 153 709101.350302839
84 152 659514.43840059
84 151 694896.21822437
84 150 675954.241050881
84 149 637241.887475724
84 148 662350.292726807
84 147 641948.861726951
84 146 706594.926400425
84 145 661781.995396311
84 144 656740.246557454
84 143 683262.231627504
84 142 640282.29853776
84 141 649483.144233419
84 140 682953.932103506
84 139 653807.258308216
84 138 670550.455544441
84 137 672985.92289358
84 136 675186.568219882
84 135 653292.790454296
84 134 635523.715103751
84 133 645381.790770482
84 132 640310.407598565
84 131 641631.706187357
84 130 666006.337688494
84 129 701954.941958424
84 128 655355.100140619
84 127 676918.747116933
84 126 645350.66300807
84 125 648072.580893368
84 124 643147.522398579
84 123 660682.370308973
84 122 658590.39364286
84 121 650327.684054039
84 120 672808.724606273
84 119 642821.428277503
84 118 701525.72186447
84 117 658406.500104324
84 116 671043.300914587
84 115 603541.965144022
84 114 641375.321577036
84 113 669300.479251226
84 112 647053.332394752
84 111 625070.226083596
84 110 628029.205128455
84 109 651277.570000225
84 108 659005.2110432
84 107 604496.326996975
84 106 642829.673426673
84 105 627361.166139664
84 104 602741.863469414
84 103 604158.661304139
84 102 612565.641124153
84 101 687252.818731214
84 100 612964.995295422
84 99 625856.619047102
84 98 621103.904997002
84 97 602936.715071641
84 96 612293.488641557
84 95 625052.8456719
84 94 625003.800973337
84 93 626817.377742879
84 92 602865.769199463
84 91 622412.683045809
84 90 601140.771776398
84 89 614301.37269066
84 88 627149.984388717
84 87 623830.583099277
84 86 613799.467012136
84 85 596778.179768429
84 84 614098.827609388
84 83 584019.477500005
84 82 577412.575711123
84 81 597116.042675451
84 80 568310.702033627
84 79 601556.524362985
84 78 584414.399519093
84 77 639913.791312179
84 76 577278.417212548
84 75 595681.01762274
84 74 584593.578058241
84 73 591437.991943185
84 72 581759.654707396
84 71 579624.755580558
84 70 626089.066492375
84 69 646082.180356956
84 68 596371.961033743
84 67 598068.106414068
84 66 575362.381221011
84 65 572312.818253585
84 64 623415.582367442
84 63 606182.321446609
84 62 583079.432747495
84 61 586277.573348046
84 60 580335.607592932
84 59 558657.6013592
84 58 560416.287414813
84 57 615112.409418199
84 56 600371.816516662
84 55 604174.39068647
84 54 550548.788806052
84 53 547994.037745562
84 52 601279.851624606
84 51 565389.883936849
84 50 573846.128397639
84 49 555040.376978702
84 48 604527.897688902
84 47 569258.455547258
84 46 554281.01073512
84 45 605402.884086932
84 44 542673.050366621
84 43 583532.811889178
84 42 601671.767466028
84 41 599408.819147708
84 40 578345.000261262
84 39 567064.952259358
84 38 578443.836598172
84 37 587422.11266532
84 36 574332.03441299
84 35 544442.271146221
84 34 554865.987570292
84 33 578125.38404621
84 32 569247.156383665
84 31 633483.356593031
84 30 562189.664203814
84 29 581765.951405801
84 28 581138.753614553
84 27 630946.400780362
84 26 624298.724901778
84 25 604553.705028512
84 24 636720.284493227
84 23 614699.008166949
84 22 616502.372643373
84 21 550498.864105219
84 20 578329.438386605
84 19 573245.891703398
84 18 563574.135270997
84 17 567400.985354063
84 16 587400.061361871
84 15 574291.120296717
84 14 544199.190708205
84 13 585972.651343139
84 12 556967.989570199
84 11 523503.631647125
84 10 547982.898854359
84 9 653715.866205253
84 8 632872.441649699
84 7 675128.265468568
84 6 709220.2502357
84 5 780225.52033403
84 4 901707.335173238
84 3 952784.681247618
84 2 1119373.24343475
84 1 1199071.74511754
