81 191844 1579930.6056815
81 19185 1279283.54699688
81 1919 984549.420671342
81 200 689355.439964589
81 199 673043.234249658
81 198 697911.579550507
81 197 662965.971494035
81 196 645286.300006004
81 195 681561.554793873
81 194 630740.716285352
81 193 682081.719883471
81 192 647520.298958339
81 191 650348.46741802
81 190 653961.907221142
81 189 654301.699325311
81 188 669791.746270284
81 187 635667.402446093
81 186 690274.118162875
81 185 671078.257428589
81 184 647568.523417432
81 183 636573.864838441
81 182 668913.578196524
81 181 674093.603004705
81 180 640243.767483384
81 179 649519.305978111
81 178 703452.849828812
81 177 653878.192069469
81 176 630409.441582365
81 175 672339.119384738
81 174 653129.707360415
81 173 622733.803064592
81 172 636747.109457476
81 171 628292.674412589
81 170 649402.8923365
81 169 664411.255780653
81 168 608564.111489773
81 167 642621.548462826
81 166 633899.23383956
81 165 667407.322349342
81 164 629845.174081155
81 163 668921.97255922
81 162 636934.176480388
81 161 639633.350718004
81 160 642039.69150416
81 159 625167.142306251
81 158 632776.261068819
81 157 644504.174124389
81 156 616996.159178102
81 155 666617.499967216
81 154 631804.878677243
81 153 641844.302233775
81 152 621219.589599556
81 151 629495.907686302
81 150 607990.161526512
81 149 614891.65490943
81 148 615047.521851604
81 147 643467.909974878
81 146 637781.501499372
81 145 643451.692404901
81 144 655298.355112419
81 143 616352.186063131
81 142 657649.18457442
81 141 600537.83023502
81 140 594995.756397974
81 139 593502.257791216
81 138 591979.591176417
81 137 594799.977325807
81 136 604522.849853384
81 135 610544.929693978
81 134 582584.096295657
81 133 618954.477173322
81 132 608177.941386646
81 131 570130.657696816
81 130 613544.608438881
81 129 656524.36256946
81 128 586979.931877187
81 127 629137.768010502
81 126 604682.854579031
81 125 581934.028809694
81 124 611093.877007211
81 123 630856.731345205
81 122 618663.462259616
81 121 609398.968787976
81 120 579628.278085698
81 119 578601.863192541
81 118 633999.880869462
81 117 610573.370426645
81 116 597752.254939709
81 115 575394.030210368
81 114 580959.144609022
81 113 599974.735997108
81 112 609775.072445703
81 111 555850.916346991
81 110 614313.062156007
81 109 566459.428171276
81 108 558224.753964568
81 107 638490.23773281
81 106 663569.353865344
81 105 620929.52655271
81 104 573798.941671607
81 103 600247.8475686
81 102 600932.179160462
81 101 568013.018311628
81 100 575767.564277844
81 99 573777.325338408
81 98 570595.420851753
81 97 613769.382538939
81 96 573986.190177674
81 95 590713.320675941
81 94 591853.532788669
81 93 555724.890481701
81 92 557769.461947912
81 91 548699.313294459
81 90 526241.329599483
81 89 555175.061015245
81 88 581211.717233938
81 87 545097.584813733
81 86 542653.089155405
81 85 569726.684246679
81 84 526730.731337715
81 83 563953.740515318
81 82 540132.6671707
81 81 563648.71003372
81 80 547516.206968438
81 79 550469.780684647
81 78 537907.18376389
81 77 552214.243344401
81 76 600864.720042163
81 75 527744.952285589
81 74 574069.002460691
81 73 589155.929390966
81 72 563345.551847214
81 71 523442.164463196
81 70 541044.103774566
81 69 530554.661806694
81 68 579679.859814671
81 67 553816.422367568
81 66 552125.581439877
81 65 506497.996392844
81 64 539369.60857275
81 63 551559.706683217
81 62 622444.645437936
81 61 522129.301824961
81 60 563829.451725353
81 59 522867.943791033
81 58 529074.804587272
81 57 501222.550914519
81 56 512447.711998374
81 55 504606.914400755
81 54 535270.508842985
81 53 537275.162712018
81 52 543273.43769974
81 51 526555.783903408
81 50 515362.919013832
81 49 545223.53513851
81 48 545656.882945154
81 47 519323.781640269
81 46 523776.770151739
81 45 503565.229146257
81 44 527459.735854698
81 43 527372.117257222
81 42 490614.000707251
81 41 496765.144481771
81 40 498485.357398751
81 39 524680.890259473
81 38 486047.066440559
81 37 472841.90537158
81 36 489364.306136609
81 35 481786.115997689
81 34 482423.128042585
81 33 520191.174227541
81 32 501469.612970951
81 31 461756.544485372
81 30 465930.834505771
81 29 468771.616282608
81 28 457857.069048664
81 27 489980.67221232
81 26 472879.06919918
81 25 476834.1525361
81 24 492712.831816803
81 23 490040.216340454
81 22 522472.139274751
81 21 460535.506806509
81 20 464458.318416354
81 19 482235.127954758
81 18 472079.508886967
81 17 471140.290974751
81 16 558935.808447001
81 15 516717.578894876
81 14 560738.73983468
81 13 505190.620425957
81 12 539035.013099452
81 11 595278.872655071
81 10 530651.758637634
81 9 572228.799596572
81 8 551893.434553224
81 7 550095.719384737
81 6 598351.154816885
81 5 706067.621784711
81 4 684401.892176776
81 3 776926.71529614
81 2 990756.458237859
81 1 1184482.17971305
