28 191844 1570270.57426654
28 19185 1349991.73971594
28 1919 1033836.79267034
28 200 697735.062604625
28 199 686772.954179223
28 198 656335.080417047
28 197 667320.639021274
28 196 682566.432468112
28 195 698310.145371558
28 194 690724.40780094
28 193 673406.107291924
28 192 672091.188157153
28 191 688704.13192447
28 190 683149.544411959
28 189 674056.783822832
28 188 684801.126602713
28 187 681112.634081509
28 186 714751.223905205
28 185 664749.914697288
28 184 669497.557239246
28 183 671701.768998956
28 182 738693.530193445
28 181 667044.136967994
28 180 684628.548473046
28 179 724539.877695196
28 178 676187.396025954
28 177 663101.399155816
28 176 683402.528044053
28 175 651020.772304664
28 174 658461.48611695
28 173 663814.172880072
28 172 661090.955805161
28 171 637460.021629115
28 170 655032.69616857
28 169 648627.979886038
28 168 700937.632978116
28 167 660200.362938603
28 166 647883.8861848
28 165 628747.486827413
28 164 656011.698051268
28 163 643151.130857628
28 162 676964.836176387
28 161 658431.905912355
28 160 657660.588454928
28 159 656984.139244262
28 158 651464.984277889
28 157 620116.971454846
28 156 642911.055963249
28 155 627879.043098082
28 154 635899.071307196
28 153 658493.915170145
28 152 631885.534863831
28 151 681050.229481561
28 150 641523.939292603
28 149 630527.159063452
28 148 642776.613367485
28 147 661205.977450846
28 146 621973.087762031
28 145 657450.846708795
28 144 667329.773235552
28 143 714347.939581751
28 142 641414.997311832
28 141 656221.129189154
28 140 633728.160192882
28 139 631595.073206243
28 138 628830.579879733
28 137 597783.556533554
28 136 670706.928973736
28 135 640498.17298393
28 134 618275.183739462
28 133 630501.417929777
28 132 627119.571433232
28 131 619075.605388539
28 130 641276.976233254
28 129 588737.139226018
28 128 662223.57645465
28 127 640198.712394676
28 126 614177.006725685
28 125 682972.776654163
28 124 593458.17504197
28 123 624492.5860742
28 122 598528.785892944
28 121 636788.465860484
28 120 603017.02715271
28 119 600566.564364349
28 118 632109.070789867
28 117 575553.557224741
28 116 637276.947751727
28 115 617027.714091577
28 114 598437.074514576
28 113 591420.208902451
28 112 595666.251844159
28 111 564361.793566461
28 110 575839.665689358
28 109 592200.945205085
28 108 643238.475534653
28 107 574328.578425506
28 106 570529.276954593
28 105 617838.808020431
28 104 608713.952969445
28 103 590635.089128925
28 102 605289.413904666
28 101 559163.137116215
28 100 617576.403512543
28 99 574075.63742931
28 98 552773.079286818
28 97 586354.331811993
28 96 584960.599926166
28 95 582827.351766866
28 94 572768.963488988
28 93 566903.757335672
28 92 659807.652286465
28 91 574526.293072051
28 90 568560.884070861
28 89 627337.66121207
28 88 606175.210813495
28 87 569780.244605063
28 86 573662.748472325
28 85 554684.338492255
28 84 563618.556874527
28 83 605304.643043256
28 82 563974.346007961
28 81 598298.863353364
28 80 537846.800609065
28 79 534100.538360788
28 78 563377.295714309
28 77 549017.689815374
28 76 588487.148812127
28 75 553290.175839657
28 74 550464.522085792
28 73 546927.220089887
28 72 559246.909802721
28 71 527998.111189493
28 70 527639.513522095
28 69 519072.375260449
28 68 519765.267698348
28 67 523649.391558144
28 66 520671.465190836
28 65 535264.213350639
28 64 547624.618120145
28 63 567676.99702032
28 62 521043.031901799
28 61 594592.635469154
28 60 586625.297661448
28 59 553157.710512268
28 58 577048.142311621
28 57 523980.12510986
28 56 528092.866966148
28 55 576086.656428718
28 54 533926.926627703
28 53 521580.623151133
28 52 542571.553100849
28 51 524003.003948762
28 50 521846.629313207
28 49 499853.264105264
28 48 558591.032182675
28 47 500572.398539857
28 46 545632.025209785
28 45 527915.403623538
28 44 532575.248191248
28 43 494115.597476464
28 42 487617.949422268
28 41 543346.117717892
28 40 511343.411495849
28 39 581578.996407216
28 38 486345.929463571
28 37 575596.091452248
28 36 497129.840059439
28 35 491203.002681034
28 34 507767.298961133
28 33 503422.110441459
28 32 470284.051058167
28 31 486010.504401086
28 30 511191.265716937
28 29 473880.814888651
28 28 549222.461825927
28 27 513506.393511033
28 26 480036.235219876
28 25 510172.607548902
28 24 478773.334350773
28 23 467956.809304898
28 22 465192.514092874
28 21 487821.510734349
28 20 493836.541277444
28 19 468381.739927908
28 18 446337.632612669
28 17 498661.430498393
28 16 496584.691222207
28 15 526705.891593085
28 14 510825.245348696
28 13 540142.861181029
28 12 480240.228985831
28 11 555571.711432766
28 10 580915.13628143
28 9 498980.660730621
28 8 545091.88886983
28 7 576145.280055283
28 6 625434.628343633
28 5 784209.429712455
28 4 760305.600909829
28 3 1155040.14483246
28 2 1169493.2846563
28 1 1422252.57510867
