cgrowth 10 [NAM,HAW,GUA] False 3 [0.01,0.01,0.1,0.1,0.1,0.1,0.1,0.1] [0.5,0.5,1,1,2,2,1,1] [1e-05,1e-05,1e-04,1e-04,0.001,0.001,0,0] [150,15,15] fmin
cgrowth 10 [NAM,HAW,GUA] False 3 [0.01,0.01,0.1,0.1,0.1,0.1,0.1,0.1] [0.5,0.5,1,1,2,2,1,1] [1e-05,1e-05,1e-04,1e-04,0.001,0.001,0,0] [150,15,15] fmin
cgrowth 10 [NAM,HAW,GUA] False 3 [0.01,0.01,0.1,0.1,0.1,0.1,0.1,0.1] [0.5,0.5,1,1,2,2,1,1] [1e-05,1e-05,1e-04,1e-04,0.001,0.001,0,0] [150,15,15] fmin
cgrowth 10 [NAM,HAW,GUA] False 3 [0.01,0.01,0.1,0.1,0.1,0.1,0.1,0.1] [0.5,0.5,1,1,2,2,1,1] [1e-05,1e-05,1e-04,1e-04,0.001,0.001,0,0] [150,15,15] fmin
cgrowth 10 [NAM,HAW,GUA] False 3 [0.01,0.01,0.1,0.1,0.1,0.1,0.1,0.1] [0.5,0.5,1,1,2,2,1,1] [1e-05,1e-05,1e-04,1e-04,0.001,0.001,0,0] [150,15,15] fmin
cgrowth 10 [NAM,HAW,GUA] False 3 [0.01,0.01,0.1,0.1,0.1,0.1,0.1,0.1] [0.5,0.5,1,1,2,2,1,1] [1e-05,1e-05,1e-04,1e-04,0.001,0.001,0,0] [150,15,15] fmin
cgrowth 10 [NAM,HAW,GUA] False 3 [0.01,0.01,0.1,0.1,0.1,0.1,0.1,0.1] [0.5,0.5,1,1,2,2,1,1] [1e-05,1e-05,1e-04,1e-04,0.001,0.001,0,0] [150,15,15] fmin
cgrowth 10 [NAM,HAW,GUA] False 3 [0.01,0.01,0.1,0.1,0.1,0.1,0.1,0.1] [0.5,0.5,1,1,2,2,1,1] [1e-05,1e-05,1e-04,1e-04,0.001,0.001,0,0] [150,15,15] fmin
cgrowth 10 [NAM,HAW,GUA] False 3 [0.01,0.01,0.1,0.1,0.1,0.1,0.1,0.1] [0.5,0.5,1,1,2,2,1,1] [1e-05,1e-05,1e-04,1e-04,0.001,0.001,0,0] [150,15,15] fmin
cgrowth 10 [NAM,HAW,GUA] False 3 [0.01,0.01,0.1,0.1,0.1,0.1,0.1,0.1] [0.5,0.5,1,1,2,2,1,1] [1e-05,1e-05,1e-04,1e-04,0.001,0.001,0,0] [150,15,15] fmin
cgrowth 10 [NAM,GUA,HAW] False 3 [0.01,0.01,0.1,0.1,0.1,0.1,0.1,0.1] [0.5,0.5,1,1,2,2,1,1] [1e-05,1e-05,1e-04,1e-04,0.001,0.001,0,0] [150,15,15] fmin
cgrowth 10 [NAM,GUA,HAW] False 3 [0.01,0.01,0.1,0.1,0.1,0.1,0.1,0.1] [0.5,0.5,1,1,2,2,1,1] [1e-05,1e-05,1e-04,1e-04,0.001,0.001,0,0] [150,15,15] fmin
cgrowth 10 [NAM,GUA,HAW] False 3 [0.01,0.01,0.1,0.1,0.1,0.1,0.1,0.1] [0.5,0.5,1,1,2,2,1,1] [1e-05,1e-05,1e-04,1e-04,0.001,0.001,0,0] [150,15,15] fmin
cgrowth 10 [NAM,GUA,HAW] False 3 [0.01,0.01,0.1,0.1,0.1,0.1,0.1,0.1] [0.5,0.5,1,1,2,2,1,1] [1e-05,1e-05,1e-04,1e-04,0.001,0.001,0,0] [150,15,15] fmin
cgrowth 10 [NAM,GUA,HAW] False 3 [0.01,0.01,0.1,0.1,0.1,0.1,0.1,0.1] [0.5,0.5,1,1,2,2,1,1] [1e-05,1e-05,1e-04,1e-04,0.001,0.001,0,0] [150,15,15] fmin
cgrowth 10 [NAM,GUA,HAW] False 3 [0.01,0.01,0.1,0.1,0.1,0.1,0.1,0.1] [0.5,0.5,1,1,2,2,1,1] [1e-05,1e-05,1e-04,1e-04,0.001,0.001,0,0] [150,15,15] fmin
cgrowth 10 [NAM,GUA,HAW] False 3 [0.01,0.01,0.1,0.1,0.1,0.1,0.1,0.1] [0.5,0.5,1,1,2,2,1,1] [1e-05,1e-05,1e-04,1e-04,0.001,0.001,0,0] [150,15,15] fmin
cgrowth 10 [NAM,GUA,HAW] False 3 [0.01,0.01,0.1,0.1,0.1,0.1,0.1,0.1] [0.5,0.5,1,1,2,2,1,1] [1e-05,1e-05,1e-04,1e-04,0.001,0.001,0,0] [150,15,15] fmin
cgrowth 10 [NAM,GUA,HAW] False 3 [0.01,0.01,0.1,0.1,0.1,0.1,0.1,0.1] [0.5,0.5,1,1,2,2,1,1] [1e-05,1e-05,1e-04,1e-04,0.001,0.001,0,0] [150,15,15] fmin
cgrowth 10 [NAM,GUA,HAW] False 3 [0.01,0.01,0.1,0.1,0.1,0.1,0.1,0.1] [0.5,0.5,1,1,2,2,1,1] [1e-05,1e-05,1e-04,1e-04,0.001,0.001,0,0] [150,15,15] fmin
lgrowth_both 10 [NAM,HAW,GUA] False 3 [0.01,0.01,0.1,0.1,0.1,0.1,0.1,0.1,1,1] [0.5,0.5,1,1,2,2,1,1,4,4] [1e-05,1e-05,1e-04,1e-04,0.001,0.001,0,0,0.01,0.01] [150,15,15] fmin
lgrowth_both 10 [NAM,HAW,GUA] False 3 [0.01,0.01,0.1,0.1,0.1,0.1,0.1,0.1,1,1] [0.5,0.5,1,1,2,2,1,1,4,4] [1e-05,1e-05,1e-04,1e-04,0.001,0.001,0,0,0.01,0.01] [150,15,15] fmin
lgrowth_both 10 [NAM,HAW,GUA] False 3 [0.01,0.01,0.1,0.1,0.1,0.1,0.1,0.1,1,1] [0.5,0.5,1,1,2,2,1,1,4,4] [1e-05,1e-05,1e-04,1e-04,0.001,0.001,0,0,0.01,0.01] [150,15,15] fmin
lgrowth_both 10 [NAM,HAW,GUA] False 3 [0.01,0.01,0.1,0.1,0.1,0.1,0.1,0.1,1,1] [0.5,0.5,1,1,2,2,1,1,4,4] [1e-05,1e-05,1e-04,1e-04,0.001,0.001,0,0,0.01,0.01] [150,15,15] fmin
lgrowth_both 10 [NAM,HAW,GUA] False 3 [0.01,0.01,0.1,0.1,0.1,0.1,0.1,0.1,1,1] [0.5,0.5,1,1,2,2,1,1,4,4] [1e-05,1e-05,1e-04,1e-04,0.001,0.001,0,0,0.01,0.01] [150,15,15] fmin
lgrowth_both 10 [NAM,HAW,GUA] False 3 [0.01,0.01,0.1,0.1,0.1,0.1,0.1,0.1,1,1] [0.5,0.5,1,1,2,2,1,1,4,4] [1e-05,1e-05,1e-04,1e-04,0.001,0.001,0,0,0.01,0.01] [150,15,15] fmin
lgrowth_both 10 [NAM,HAW,GUA] False 3 [0.01,0.01,0.1,0.1,0.1,0.1,0.1,0.1,1,1] [0.5,0.5,1,1,2,2,1,1,4,4] [1e-05,1e-05,1e-04,1e-04,0.001,0.001,0,0,0.01,0.01] [150,15,15] fmin
lgrowth_both 10 [NAM,HAW,GUA] False 3 [0.01,0.01,0.1,0.1,0.1,0.1,0.1,0.1,1,1] [0.5,0.5,1,1,2,2,1,1,4,4] [1e-05,1e-05,1e-04,1e-04,0.001,0.001,0,0,0.01,0.01] [150,15,15] fmin
lgrowth_both 10 [NAM,HAW,GUA] False 3 [0.01,0.01,0.1,0.1,0.1,0.1,0.1,0.1,1,1] [0.5,0.5,1,1,2,2,1,1,4,4] [1e-05,1e-05,1e-04,1e-04,0.001,0.001,0,0,0.01,0.01] [150,15,15] fmin
lgrowth_both 10 [NAM,HAW,GUA] False 3 [0.01,0.01,0.1,0.1,0.1,0.1,0.1,0.1,1,1] [0.5,0.5,1,1,2,2,1,1,4,4] [1e-05,1e-05,1e-04,1e-04,0.001,0.001,0,0,0.01,0.01] [150,15,15] fmin
lgrowth_both 10 [NAM,GUA,HAW] False 3 [0.01,0.01,0.1,0.1,0.1,0.1,0.1,0.1,1,1] [0.5,0.5,1,1,2,2,1,1,4,4] [1e-05,1e-05,1e-04,1e-04,0.001,0.001,0,0,0.01,0.01] [150,15,15] fmin
lgrowth_both 10 [NAM,GUA,HAW] False 3 [0.01,0.01,0.1,0.1,0.1,0.1,0.1,0.1,1,1] [0.5,0.5,1,1,2,2,1,1,4,4] [1e-05,1e-05,1e-04,1e-04,0.001,0.001,0,0,0.01,0.01] [150,15,15] fmin
lgrowth_both 10 [NAM,GUA,HAW] False 3 [0.01,0.01,0.1,0.1,0.1,0.1,0.1,0.1,1,1] [0.5,0.5,1,1,2,2,1,1,4,4] [1e-05,1e-05,1e-04,1e-04,0.001,0.001,0,0,0.01,0.01] [150,15,15] fmin
lgrowth_both 10 [NAM,GUA,HAW] False 3 [0.01,0.01,0.1,0.1,0.1,0.1,0.1,0.1,1,1] [0.5,0.5,1,1,2,2,1,1,4,4] [1e-05,1e-05,1e-04,1e-04,0.001,0.001,0,0,0.01,0.01] [150,15,15] fmin
lgrowth_both 10 [NAM,GUA,HAW] False 3 [0.01,0.01,0.1,0.1,0.1,0.1,0.1,0.1,1,1] [0.5,0.5,1,1,2,2,1,1,4,4] [1e-05,1e-05,1e-04,1e-04,0.001,0.001,0,0,0.01,0.01] [150,15,15] fmin
lgrowth_both 10 [NAM,GUA,HAW] False 3 [0.01,0.01,0.1,0.1,0.1,0.1,0.1,0.1,1,1] [0.5,0.5,1,1,2,2,1,1,4,4] [1e-05,1e-05,1e-04,1e-04,0.001,0.001,0,0,0.01,0.01] [150,15,15] fmin
lgrowth_both 10 [NAM,GUA,HAW] False 3 [0.01,0.01,0.1,0.1,0.1,0.1,0.1,0.1,1,1] [0.5,0.5,1,1,2,2,1,1,4,4] [1e-05,1e-05,1e-04,1e-04,0.001,0.001,0,0,0.01,0.01] [150,15,15] fmin
lgrowth_both 10 [NAM,GUA,HAW] False 3 [0.01,0.01,0.1,0.1,0.1,0.1,0.1,0.1,1,1] [0.5,0.5,1,1,2,2,1,1,4,4] [1e-05,1e-05,1e-04,1e-04,0.001,0.001,0,0,0.01,0.01] [150,15,15] fmin
lgrowth_both 10 [NAM,GUA,HAW] False 3 [0.01,0.01,0.1,0.1,0.1,0.1,0.1,0.1,1,1] [0.5,0.5,1,1,2,2,1,1,4,4] [1e-05,1e-05,1e-04,1e-04,0.001,0.001,0,0,0.01,0.01] [150,15,15] fmin
lgrowth_both 10 [NAM,GUA,HAW] False 3 [0.01,0.01,0.1,0.1,0.1,0.1,0.1,0.1,1,1] [0.5,0.5,1,1,2,2,1,1,4,4] [1e-05,1e-05,1e-04,1e-04,0.001,0.001,0,0,0.01,0.01] [150,15,15] fmin
lgrowth_p3 10 [NAM,HAW,GUA] False 3 [0.01,0.01,0.1,0.1,0.1,0.1,0.1,0.1,1] [0.5,0.5,1,1,2,2,1,1,4] [1e-05,1e-05,1e-04,1e-04,0.001,0.001,0,0,0.01] [150,15,15] fmin
lgrowth_p3 10 [NAM,HAW,GUA] False 3 [0.01,0.01,0.1,0.1,0.1,0.1,0.1,0.1,1] [0.5,0.5,1,1,2,2,1,1,4] [1e-05,1e-05,1e-04,1e-04,0.001,0.001,0,0,0.01] [150,15,15] fmin
lgrowth_p3 10 [NAM,HAW,GUA] False 3 [0.01,0.01,0.1,0.1,0.1,0.1,0.1,0.1,1] [0.5,0.5,1,1,2,2,1,1,4] [1e-05,1e-05,1e-04,1e-04,0.001,0.001,0,0,0.01] [150,15,15] fmin
lgrowth_p3 10 [NAM,HAW,GUA] False 3 [0.01,0.01,0.1,0.1,0.1,0.1,0.1,0.1,1] [0.5,0.5,1,1,2,2,1,1,4] [1e-05,1e-05,1e-04,1e-04,0.001,0.001,0,0,0.01] [150,15,15] fmin
lgrowth_p3 10 [NAM,HAW,GUA] False 3 [0.01,0.01,0.1,0.1,0.1,0.1,0.1,0.1,1] [0.5,0.5,1,1,2,2,1,1,4] [1e-05,1e-05,1e-04,1e-04,0.001,0.001,0,0,0.01] [150,15,15] fmin
lgrowth_p3 10 [NAM,HAW,GUA] False 3 [0.01,0.01,0.1,0.1,0.1,0.1,0.1,0.1,1] [0.5,0.5,1,1,2,2,1,1,4] [1e-05,1e-05,1e-04,1e-04,0.001,0.001,0,0,0.01] [150,15,15] fmin
lgrowth_p3 10 [NAM,HAW,GUA] False 3 [0.01,0.01,0.1,0.1,0.1,0.1,0.1,0.1,1] [0.5,0.5,1,1,2,2,1,1,4] [1e-05,1e-05,1e-04,1e-04,0.001,0.001,0,0,0.01] [150,15,15] fmin
lgrowth_p3 10 [NAM,HAW,GUA] False 3 [0.01,0.01,0.1,0.1,0.1,0.1,0.1,0.1,1] [0.5,0.5,1,1,2,2,1,1,4] [1e-05,1e-05,1e-04,1e-04,0.001,0.001,0,0,0.01] [150,15,15] fmin
lgrowth_p3 10 [NAM,HAW,GUA] False 3 [0.01,0.01,0.1,0.1,0.1,0.1,0.1,0.1,1] [0.5,0.5,1,1,2,2,1,1,4] [1e-05,1e-05,1e-04,1e-04,0.001,0.001,0,0,0.01] [150,15,15] fmin
lgrowth_p3 10 [NAM,HAW,GUA] False 3 [0.01,0.01,0.1,0.1,0.1,0.1,0.1,0.1,1] [0.5,0.5,1,1,2,2,1,1,4] [1e-05,1e-05,1e-04,1e-04,0.001,0.001,0,0,0.01] [150,15,15] fmin
lgrowth_p3 10 [NAM,GUA,HAW] False 3 [0.01,0.01,0.1,0.1,0.1,0.1,0.1,0.1,1] [0.5,0.5,1,1,2,2,1,1,4] [1e-05,1e-05,1e-04,1e-04,0.001,0.001,0,0,0.01] [150,15,15] fmin
lgrowth_p3 10 [NAM,GUA,HAW] False 3 [0.01,0.01,0.1,0.1,0.1,0.1,0.1,0.1,1] [0.5,0.5,1,1,2,2,1,1,4] [1e-05,1e-05,1e-04,1e-04,0.001,0.001,0,0,0.01] [150,15,15] fmin
lgrowth_p3 10 [NAM,GUA,HAW] False 3 [0.01,0.01,0.1,0.1,0.1,0.1,0.1,0.1,1] [0.5,0.5,1,1,2,2,1,1,4] [1e-05,1e-05,1e-04,1e-04,0.001,0.001,0,0,0.01] [150,15,15] fmin
lgrowth_p3 10 [NAM,GUA,HAW] False 3 [0.01,0.01,0.1,0.1,0.1,0.1,0.1,0.1,1] [0.5,0.5,1,1,2,2,1,1,4] [1e-05,1e-05,1e-04,1e-04,0.001,0.001,0,0,0.01] [150,15,15] fmin
lgrowth_p3 10 [NAM,GUA,HAW] False 3 [0.01,0.01,0.1,0.1,0.1,0.1,0.1,0.1,1] [0.5,0.5,1,1,2,2,1,1,4] [1e-05,1e-05,1e-04,1e-04,0.001,0.001,0,0,0.01] [150,15,15] fmin
lgrowth_p3 10 [NAM,GUA,HAW] False 3 [0.01,0.01,0.1,0.1,0.1,0.1,0.1,0.1,1] [0.5,0.5,1,1,2,2,1,1,4] [1e-05,1e-05,1e-04,1e-04,0.001,0.001,0,0,0.01] [150,15,15] fmin
lgrowth_p3 10 [NAM,GUA,HAW] False 3 [0.01,0.01,0.1,0.1,0.1,0.1,0.1,0.1,1] [0.5,0.5,1,1,2,2,1,1,4] [1e-05,1e-05,1e-04,1e-04,0.001,0.001,0,0,0.01] [150,15,15] fmin
lgrowth_p3 10 [NAM,GUA,HAW] False 3 [0.01,0.01,0.1,0.1,0.1,0.1,0.1,0.1,1] [0.5,0.5,1,1,2,2,1,1,4] [1e-05,1e-05,1e-04,1e-04,0.001,0.001,0,0,0.01] [150,15,15] fmin
lgrowth_p3 10 [NAM,GUA,HAW] False 3 [0.01,0.01,0.1,0.1,0.1,0.1,0.1,0.1,1] [0.5,0.5,1,1,2,2,1,1,4] [1e-05,1e-05,1e-04,1e-04,0.001,0.001,0,0,0.01] [150,15,15] fmin
lgrowth_p3 10 [NAM,GUA,HAW] False 3 [0.01,0.01,0.1,0.1,0.1,0.1,0.1,0.1,1] [0.5,0.5,1,1,2,2,1,1,4] [1e-05,1e-05,1e-04,1e-04,0.001,0.001,0,0,0.01] [150,15,15] fmin
lgrowth_p2 10 [NAM,HAW,GUA] False 3 [0.01,0.01,0.1,0.1,0.1,0.1,0.1,0.1,1] [0.5,0.5,1,1,2,2,1,1,4] [1e-05,1e-05,1e-04,1e-04,0.001,0.001,0,0,0.01] [150,15,15] fmin
lgrowth_p2 10 [NAM,HAW,GUA] False 3 [0.01,0.01,0.1,0.1,0.1,0.1,0.1,0.1,1] [0.5,0.5,1,1,2,2,1,1,4] [1e-05,1e-05,1e-04,1e-04,0.001,0.001,0,0,0.01] [150,15,15] fmin
lgrowth_p2 10 [NAM,HAW,GUA] False 3 [0.01,0.01,0.1,0.1,0.1,0.1,0.1,0.1,1] [0.5,0.5,1,1,2,2,1,1,4] [1e-05,1e-05,1e-04,1e-04,0.001,0.001,0,0,0.01] [150,15,15] fmin
lgrowth_p2 10 [NAM,HAW,GUA] False 3 [0.01,0.01,0.1,0.1,0.1,0.1,0.1,0.1,1] [0.5,0.5,1,1,2,2,1,1,4] [1e-05,1e-05,1e-04,1e-04,0.001,0.001,0,0,0.01] [150,15,15] fmin
lgrowth_p2 10 [NAM,HAW,GUA] False 3 [0.01,0.01,0.1,0.1,0.1,0.1,0.1,0.1,1] [0.5,0.5,1,1,2,2,1,1,4] [1e-05,1e-05,1e-04,1e-04,0.001,0.001,0,0,0.01] [150,15,15] fmin
lgrowth_p2 10 [NAM,HAW,GUA] False 3 [0.01,0.01,0.1,0.1,0.1,0.1,0.1,0.1,1] [0.5,0.5,1,1,2,2,1,1,4] [1e-05,1e-05,1e-04,1e-04,0.001,0.001,0,0,0.01] [150,15,15] fmin
lgrowth_p2 10 [NAM,HAW,GUA] False 3 [0.01,0.01,0.1,0.1,0.1,0.1,0.1,0.1,1] [0.5,0.5,1,1,2,2,1,1,4] [1e-05,1e-05,1e-04,1e-04,0.001,0.001,0,0,0.01] [150,15,15] fmin
lgrowth_p2 10 [NAM,HAW,GUA] False 3 [0.01,0.01,0.1,0.1,0.1,0.1,0.1,0.1,1] [0.5,0.5,1,1,2,2,1,1,4] [1e-05,1e-05,1e-04,1e-04,0.001,0.001,0,0,0.01] [150,15,15] fmin
lgrowth_p2 10 [NAM,HAW,GUA] False 3 [0.01,0.01,0.1,0.1,0.1,0.1,0.1,0.1,1] [0.5,0.5,1,1,2,2,1,1,4] [1e-05,1e-05,1e-04,1e-04,0.001,0.001,0,0,0.01] [150,15,15] fmin
lgrowth_p2 10 [NAM,HAW,GUA] False 3 [0.01,0.01,0.1,0.1,0.1,0.1,0.1,0.1,1] [0.5,0.5,1,1,2,2,1,1,4] [1e-05,1e-05,1e-04,1e-04,0.001,0.001,0,0,0.01] [150,15,15] fmin
lgrowth_p2 10 [NAM,GUA,HAW] False 3 [0.01,0.01,0.1,0.1,0.1,0.1,0.1,0.1,1] [0.5,0.5,1,1,2,2,1,1,4] [1e-05,1e-05,1e-04,1e-04,0.001,0.001,0,0,0.01] [150,15,15] fmin
lgrowth_p2 10 [NAM,GUA,HAW] False 3 [0.01,0.01,0.1,0.1,0.1,0.1,0.1,0.1,1] [0.5,0.5,1,1,2,2,1,1,4] [1e-05,1e-05,1e-04,1e-04,0.001,0.001,0,0,0.01] [150,15,15] fmin
lgrowth_p2 10 [NAM,GUA,HAW] False 3 [0.01,0.01,0.1,0.1,0.1,0.1,0.1,0.1,1] [0.5,0.5,1,1,2,2,1,1,4] [1e-05,1e-05,1e-04,1e-04,0.001,0.001,0,0,0.01] [150,15,15] fmin
lgrowth_p2 10 [NAM,GUA,HAW] False 3 [0.01,0.01,0.1,0.1,0.1,0.1,0.1,0.1,1] [0.5,0.5,1,1,2,2,1,1,4] [1e-05,1e-05,1e-04,1e-04,0.001,0.001,0,0,0.01] [150,15,15] fmin
lgrowth_p2 10 [NAM,GUA,HAW] False 3 [0.01,0.01,0.1,0.1,0.1,0.1,0.1,0.1,1] [0.5,0.5,1,1,2,2,1,1,4] [1e-05,1e-05,1e-04,1e-04,0.001,0.001,0,0,0.01] [150,15,15] fmin
lgrowth_p2 10 [NAM,GUA,HAW] False 3 [0.01,0.01,0.1,0.1,0.1,0.1,0.1,0.1,1] [0.5,0.5,1,1,2,2,1,1,4] [1e-05,1e-05,1e-04,1e-04,0.001,0.001,0,0,0.01] [150,15,15] fmin
lgrowth_p2 10 [NAM,GUA,HAW] False 3 [0.01,0.01,0.1,0.1,0.1,0.1,0.1,0.1,1] [0.5,0.5,1,1,2,2,1,1,4] [1e-05,1e-05,1e-04,1e-04,0.001,0.001,0,0,0.01] [150,15,15] fmin
lgrowth_p2 10 [NAM,GUA,HAW] False 3 [0.01,0.01,0.1,0.1,0.1,0.1,0.1,0.1,1] [0.5,0.5,1,1,2,2,1,1,4] [1e-05,1e-05,1e-04,1e-04,0.001,0.001,0,0,0.01] [150,15,15] fmin
lgrowth_p2 10 [NAM,GUA,HAW] False 3 [0.01,0.01,0.1,0.1,0.1,0.1,0.1,0.1,1] [0.5,0.5,1,1,2,2,1,1,4] [1e-05,1e-05,1e-04,1e-04,0.001,0.001,0,0,0.01] [150,15,15] fmin
lgrowth_p2 10 [NAM,GUA,HAW] False 3 [0.01,0.01,0.1,0.1,0.1,0.1,0.1,0.1,1] [0.5,0.5,1,1,2,2,1,1,4] [1e-05,1e-05,1e-04,1e-04,0.001,0.001,0,0,0.01] [150,15,15] fmin
lgb_p1tb_2f 10 [NAM,HAW,GUA] False 3 [0.01,0.01,0.1,0.1,0.1,0.1,0.1,0.1,1,1] [0.5,0.5,1,1,2,2,1,1,4,4] [1e-05,1e-05,1e-04,1e-04,0.001,0.001,0,0,0.01,0.01] [150,15,15] fmin
lgb_p1tb_2f 10 [NAM,HAW,GUA] False 3 [0.01,0.01,0.1,0.1,0.1,0.1,0.1,0.1,1,1] [0.5,0.5,1,1,2,2,1,1,4,4] [1e-05,1e-05,1e-04,1e-04,0.001,0.001,0,0,0.01,0.01] [150,15,15] fmin
lgb_p1tb_2f 10 [NAM,HAW,GUA] False 3 [0.01,0.01,0.1,0.1,0.1,0.1,0.1,0.1,1,1] [0.5,0.5,1,1,2,2,1,1,4,4] [1e-05,1e-05,1e-04,1e-04,0.001,0.001,0,0,0.01,0.01] [150,15,15] fmin
lgb_p1tb_2f 10 [NAM,HAW,GUA] False 3 [0.01,0.01,0.1,0.1,0.1,0.1,0.1,0.1,1,1] [0.5,0.5,1,1,2,2,1,1,4,4] [1e-05,1e-05,1e-04,1e-04,0.001,0.001,0,0,0.01,0.01] [150,15,15] fmin
lgb_p1tb_2f 10 [NAM,HAW,GUA] False 3 [0.01,0.01,0.1,0.1,0.1,0.1,0.1,0.1,1,1] [0.5,0.5,1,1,2,2,1,1,4,4] [1e-05,1e-05,1e-04,1e-04,0.001,0.001,0,0,0.01,0.01] [150,15,15] fmin
lgb_p1tb_2f 10 [NAM,HAW,GUA] False 3 [0.01,0.01,0.1,0.1,0.1,0.1,0.1,0.1,1,1] [0.5,0.5,1,1,2,2,1,1,4,4] [1e-05,1e-05,1e-04,1e-04,0.001,0.001,0,0,0.01,0.01] [150,15,15] fmin
lgb_p1tb_2f 10 [NAM,HAW,GUA] False 3 [0.01,0.01,0.1,0.1,0.1,0.1,0.1,0.1,1,1] [0.5,0.5,1,1,2,2,1,1,4,4] [1e-05,1e-05,1e-04,1e-04,0.001,0.001,0,0,0.01,0.01] [150,15,15] fmin
lgb_p1tb_2f 10 [NAM,HAW,GUA] False 3 [0.01,0.01,0.1,0.1,0.1,0.1,0.1,0.1,1,1] [0.5,0.5,1,1,2,2,1,1,4,4] [1e-05,1e-05,1e-04,1e-04,0.001,0.001,0,0,0.01,0.01] [150,15,15] fmin
lgb_p1tb_2f 10 [NAM,HAW,GUA] False 3 [0.01,0.01,0.1,0.1,0.1,0.1,0.1,0.1,1,1] [0.5,0.5,1,1,2,2,1,1,4,4] [1e-05,1e-05,1e-04,1e-04,0.001,0.001,0,0,0.01,0.01] [150,15,15] fmin
lgb_p1tb_2f 10 [NAM,HAW,GUA] False 3 [0.01,0.01,0.1,0.1,0.1,0.1,0.1,0.1,1,1] [0.5,0.5,1,1,2,2,1,1,4,4] [1e-05,1e-05,1e-04,1e-04,0.001,0.001,0,0,0.01,0.01] [150,15,15] fmin
cgrowth 10 [NAM,HAW,ROT] False 3 [0.01,0.01,0.1,0.1,0.1,0.1,0.1,0.1] [0.5,0.5,1,1,2,2,1,1] [1e-05,1e-05,1e-04,1e-04,0.001,0.001,0,0] [150,15,15] fmin
cgrowth 10 [NAM,HAW,ROT] False 3 [0.01,0.01,0.1,0.1,0.1,0.1,0.1,0.1] [0.5,0.5,1,1,2,2,1,1] [1e-05,1e-05,1e-04,1e-04,0.001,0.001,0,0] [150,15,15] fmin
cgrowth 10 [NAM,HAW,ROT] False 3 [0.01,0.01,0.1,0.1,0.1,0.1,0.1,0.1] [0.5,0.5,1,1,2,2,1,1] [1e-05,1e-05,1e-04,1e-04,0.001,0.001,0,0] [150,15,15] fmin
cgrowth 10 [NAM,HAW,ROT] False 3 [0.01,0.01,0.1,0.1,0.1,0.1,0.1,0.1] [0.5,0.5,1,1,2,2,1,1] [1e-05,1e-05,1e-04,1e-04,0.001,0.001,0,0] [150,15,15] fmin
cgrowth 10 [NAM,HAW,ROT] False 3 [0.01,0.01,0.1,0.1,0.1,0.1,0.1,0.1] [0.5,0.5,1,1,2,2,1,1] [1e-05,1e-05,1e-04,1e-04,0.001,0.001,0,0] [150,15,15] fmin
cgrowth 10 [NAM,HAW,ROT] False 3 [0.01,0.01,0.1,0.1,0.1,0.1,0.1,0.1] [0.5,0.5,1,1,2,2,1,1] [1e-05,1e-05,1e-04,1e-04,0.001,0.001,0,0] [150,15,15] fmin
cgrowth 10 [NAM,HAW,ROT] False 3 [0.01,0.01,0.1,0.1,0.1,0.1,0.1,0.1] [0.5,0.5,1,1,2,2,1,1] [1e-05,1e-05,1e-04,1e-04,0.001,0.001,0,0] [150,15,15] fmin
cgrowth 10 [NAM,HAW,ROT] False 3 [0.01,0.01,0.1,0.1,0.1,0.1,0.1,0.1] [0.5,0.5,1,1,2,2,1,1] [1e-05,1e-05,1e-04,1e-04,0.001,0.001,0,0] [150,15,15] fmin
cgrowth 10 [NAM,HAW,ROT] False 3 [0.01,0.01,0.1,0.1,0.1,0.1,0.1,0.1] [0.5,0.5,1,1,2,2,1,1] [1e-05,1e-05,1e-04,1e-04,0.001,0.001,0,0] [150,15,15] fmin
cgrowth 10 [NAM,HAW,ROT] False 3 [0.01,0.01,0.1,0.1,0.1,0.1,0.1,0.1] [0.5,0.5,1,1,2,2,1,1] [1e-05,1e-05,1e-04,1e-04,0.001,0.001,0,0] [150,15,15] fmin
cgrowth 10 [NAM,ROT,HAW] False 3 [0.01,0.01,0.1,0.1,0.1,0.1,0.1,0.1] [0.5,0.5,1,1,2,2,1,1] [1e-05,1e-05,1e-04,1e-04,0.001,0.001,0,0] [150,15,15] fmin
cgrowth 10 [NAM,ROT,HAW] False 3 [0.01,0.01,0.1,0.1,0.1,0.1,0.1,0.1] [0.5,0.5,1,1,2,2,1,1] [1e-05,1e-05,1e-04,1e-04,0.001,0.001,0,0] [150,15,15] fmin
cgrowth 10 [NAM,ROT,HAW] False 3 [0.01,0.01,0.1,0.1,0.1,0.1,0.1,0.1] [0.5,0.5,1,1,2,2,1,1] [1e-05,1e-05,1e-04,1e-04,0.001,0.001,0,0] [150,15,15] fmin
cgrowth 10 [NAM,ROT,HAW] False 3 [0.01,0.01,0.1,0.1,0.1,0.1,0.1,0.1] [0.5,0.5,1,1,2,2,1,1] [1e-05,1e-05,1e-04,1e-04,0.001,0.001,0,0] [150,15,15] fmin
cgrowth 10 [NAM,ROT,HAW] False 3 [0.01,0.01,0.1,0.1,0.1,0.1,0.1,0.1] [0.5,0.5,1,1,2,2,1,1] [1e-05,1e-05,1e-04,1e-04,0.001,0.001,0,0] [150,15,15] fmin
cgrowth 10 [NAM,ROT,HAW] False 3 [0.01,0.01,0.1,0.1,0.1,0.1,0.1,0.1] [0.5,0.5,1,1,2,2,1,1] [1e-05,1e-05,1e-04,1e-04,0.001,0.001,0,0] [150,15,15] fmin
cgrowth 10 [NAM,ROT,HAW] False 3 [0.01,0.01,0.1,0.1,0.1,0.1,0.1,0.1] [0.5,0.5,1,1,2,2,1,1] [1e-05,1e-05,1e-04,1e-04,0.001,0.001,0,0] [150,15,15] fmin
cgrowth 10 [NAM,ROT,HAW] False 3 [0.01,0.01,0.1,0.1,0.1,0.1,0.1,0.1] [0.5,0.5,1,1,2,2,1,1] [1e-05,1e-05,1e-04,1e-04,0.001,0.001,0,0] [150,15,15] fmin
cgrowth 10 [NAM,ROT,HAW] False 3 [0.01,0.01,0.1,0.1,0.1,0.1,0.1,0.1] [0.5,0.5,1,1,2,2,1,1] [1e-05,1e-05,1e-04,1e-04,0.001,0.001,0,0] [150,15,15] fmin
cgrowth 10 [NAM,ROT,HAW] False 3 [0.01,0.01,0.1,0.1,0.1,0.1,0.1,0.1] [0.5,0.5,1,1,2,2,1,1] [1e-05,1e-05,1e-04,1e-04,0.001,0.001,0,0] [150,15,15] fmin
lgrowth_both 10 [NAM,HAW,ROT] False 3 [0.01,0.01,0.1,0.1,0.1,0.1,0.1,0.1,1,1] [0.5,0.5,1,1,2,2,1,1,4,4] [1e-05,1e-05,1e-04,1e-04,0.001,0.001,0,0,0.01,0.01] [150,15,15] fmin
lgrowth_both 10 [NAM,HAW,ROT] False 3 [0.01,0.01,0.1,0.1,0.1,0.1,0.1,0.1,1,1] [0.5,0.5,1,1,2,2,1,1,4,4] [1e-05,1e-05,1e-04,1e-04,0.001,0.001,0,0,0.01,0.01] [150,15,15] fmin
lgrowth_both 10 [NAM,HAW,ROT] False 3 [0.01,0.01,0.1,0.1,0.1,0.1,0.1,0.1,1,1] [0.5,0.5,1,1,2,2,1,1,4,4] [1e-05,1e-05,1e-04,1e-04,0.001,0.001,0,0,0.01,0.01] [150,15,15] fmin
lgrowth_both 10 [NAM,HAW,ROT] False 3 [0.01,0.01,0.1,0.1,0.1,0.1,0.1,0.1,1,1] [0.5,0.5,1,1,2,2,1,1,4,4] [1e-05,1e-05,1e-04,1e-04,0.001,0.001,0,0,0.01,0.01] [150,15,15] fmin
lgrowth_both 10 [NAM,HAW,ROT] False 3 [0.01,0.01,0.1,0.1,0.1,0.1,0.1,0.1,1,1] [0.5,0.5,1,1,2,2,1,1,4,4] [1e-05,1e-05,1e-04,1e-04,0.001,0.001,0,0,0.01,0.01] [150,15,15] fmin
lgrowth_both 10 [NAM,HAW,ROT] False 3 [0.01,0.01,0.1,0.1,0.1,0.1,0.1,0.1,1,1] [0.5,0.5,1,1,2,2,1,1,4,4] [1e-05,1e-05,1e-04,1e-04,0.001,0.001,0,0,0.01,0.01] [150,15,15] fmin
lgrowth_both 10 [NAM,HAW,ROT] False 3 [0.01,0.01,0.1,0.1,0.1,0.1,0.1,0.1,1,1] [0.5,0.5,1,1,2,2,1,1,4,4] [1e-05,1e-05,1e-04,1e-04,0.001,0.001,0,0,0.01,0.01] [150,15,15] fmin
lgrowth_both 10 [NAM,HAW,ROT] False 3 [0.01,0.01,0.1,0.1,0.1,0.1,0.1,0.1,1,1] [0.5,0.5,1,1,2,2,1,1,4,4] [1e-05,1e-05,1e-04,1e-04,0.001,0.001,0,0,0.01,0.01] [150,15,15] fmin
lgrowth_both 10 [NAM,HAW,ROT] False 3 [0.01,0.01,0.1,0.1,0.1,0.1,0.1,0.1,1,1] [0.5,0.5,1,1,2,2,1,1,4,4] [1e-05,1e-05,1e-04,1e-04,0.001,0.001,0,0,0.01,0.01] [150,15,15] fmin
lgrowth_both 10 [NAM,HAW,ROT] False 3 [0.01,0.01,0.1,0.1,0.1,0.1,0.1,0.1,1,1] [0.5,0.5,1,1,2,2,1,1,4,4] [1e-05,1e-05,1e-04,1e-04,0.001,0.001,0,0,0.01,0.01] [150,15,15] fmin
lgrowth_both 10 [NAM,ROT,HAW] False 3 [0.01,0.01,0.1,0.1,0.1,0.1,0.1,0.1,1,1] [0.5,0.5,1,1,2,2,1,1,4,4] [1e-05,1e-05,1e-04,1e-04,0.001,0.001,0,0,0.01,0.01] [150,15,15] fmin
lgrowth_both 10 [NAM,ROT,HAW] False 3 [0.01,0.01,0.1,0.1,0.1,0.1,0.1,0.1,1,1] [0.5,0.5,1,1,2,2,1,1,4,4] [1e-05,1e-05,1e-04,1e-04,0.001,0.001,0,0,0.01,0.01] [150,15,15] fmin
lgrowth_both 10 [NAM,ROT,HAW] False 3 [0.01,0.01,0.1,0.1,0.1,0.1,0.1,0.1,1,1] [0.5,0.5,1,1,2,2,1,1,4,4] [1e-05,1e-05,1e-04,1e-04,0.001,0.001,0,0,0.01,0.01] [150,15,15] fmin
lgrowth_both 10 [NAM,ROT,HAW] False 3 [0.01,0.01,0.1,0.1,0.1,0.1,0.1,0.1,1,1] [0.5,0.5,1,1,2,2,1,1,4,4] [1e-05,1e-05,1e-04,1e-04,0.001,0.001,0,0,0.01,0.01] [150,15,15] fmin
lgrowth_both 10 [NAM,ROT,HAW] False 3 [0.01,0.01,0.1,0.1,0.1,0.1,0.1,0.1,1,1] [0.5,0.5,1,1,2,2,1,1,4,4] [1e-05,1e-05,1e-04,1e-04,0.001,0.001,0,0,0.01,0.01] [150,15,15] fmin
lgrowth_both 10 [NAM,ROT,HAW] False 3 [0.01,0.01,0.1,0.1,0.1,0.1,0.1,0.1,1,1] [0.5,0.5,1,1,2,2,1,1,4,4] [1e-05,1e-05,1e-04,1e-04,0.001,0.001,0,0,0.01,0.01] [150,15,15] fmin
lgrowth_both 10 [NAM,ROT,HAW] False 3 [0.01,0.01,0.1,0.1,0.1,0.1,0.1,0.1,1,1] [0.5,0.5,1,1,2,2,1,1,4,4] [1e-05,1e-05,1e-04,1e-04,0.001,0.001,0,0,0.01,0.01] [150,15,15] fmin
lgrowth_both 10 [NAM,ROT,HAW] False 3 [0.01,0.01,0.1,0.1,0.1,0.1,0.1,0.1,1,1] [0.5,0.5,1,1,2,2,1,1,4,4] [1e-05,1e-05,1e-04,1e-04,0.001,0.001,0,0,0.01,0.01] [150,15,15] fmin
lgrowth_both 10 [NAM,ROT,HAW] False 3 [0.01,0.01,0.1,0.1,0.1,0.1,0.1,0.1,1,1] [0.5,0.5,1,1,2,2,1,1,4,4] [1e-05,1e-05,1e-04,1e-04,0.001,0.001,0,0,0.01,0.01] [150,15,15] fmin
lgrowth_both 10 [NAM,ROT,HAW] False 3 [0.01,0.01,0.1,0.1,0.1,0.1,0.1,0.1,1,1] [0.5,0.5,1,1,2,2,1,1,4,4] [1e-05,1e-05,1e-04,1e-04,0.001,0.001,0,0,0.01,0.01] [150,15,15] fmin
lgrowth_p3 10 [NAM,HAW,ROT] False 3 [0.01,0.01,0.1,0.1,0.1,0.1,0.1,0.1,1] [0.5,0.5,1,1,2,2,1,1,4] [1e-05,1e-05,1e-04,1e-04,0.001,0.001,0,0,0.01] [150,15,15] fmin
lgrowth_p3 10 [NAM,HAW,ROT] False 3 [0.01,0.01,0.1,0.1,0.1,0.1,0.1,0.1,1] [0.5,0.5,1,1,2,2,1,1,4] [1e-05,1e-05,1e-04,1e-04,0.001,0.001,0,0,0.01] [150,15,15] fmin
lgrowth_p3 10 [NAM,HAW,ROT] False 3 [0.01,0.01,0.1,0.1,0.1,0.1,0.1,0.1,1] [0.5,0.5,1,1,2,2,1,1,4] [1e-05,1e-05,1e-04,1e-04,0.001,0.001,0,0,0.01] [150,15,15] fmin
lgrowth_p3 10 [NAM,HAW,ROT] False 3 [0.01,0.01,0.1,0.1,0.1,0.1,0.1,0.1,1] [0.5,0.5,1,1,2,2,1,1,4] [1e-05,1e-05,1e-04,1e-04,0.001,0.001,0,0,0.01] [150,15,15] fmin
lgrowth_p3 10 [NAM,HAW,ROT] False 3 [0.01,0.01,0.1,0.1,0.1,0.1,0.1,0.1,1] [0.5,0.5,1,1,2,2,1,1,4] [1e-05,1e-05,1e-04,1e-04,0.001,0.001,0,0,0.01] [150,15,15] fmin
lgrowth_p3 10 [NAM,HAW,ROT] False 3 [0.01,0.01,0.1,0.1,0.1,0.1,0.1,0.1,1] [0.5,0.5,1,1,2,2,1,1,4] [1e-05,1e-05,1e-04,1e-04,0.001,0.001,0,0,0.01] [150,15,15] fmin
lgrowth_p3 10 [NAM,HAW,ROT] False 3 [0.01,0.01,0.1,0.1,0.1,0.1,0.1,0.1,1] [0.5,0.5,1,1,2,2,1,1,4] [1e-05,1e-05,1e-04,1e-04,0.001,0.001,0,0,0.01] [150,15,15] fmin
lgrowth_p3 10 [NAM,HAW,ROT] False 3 [0.01,0.01,0.1,0.1,0.1,0.1,0.1,0.1,1] [0.5,0.5,1,1,2,2,1,1,4] [1e-05,1e-05,1e-04,1e-04,0.001,0.001,0,0,0.01] [150,15,15] fmin
lgrowth_p3 10 [NAM,HAW,ROT] False 3 [0.01,0.01,0.1,0.1,0.1,0.1,0.1,0.1,1] [0.5,0.5,1,1,2,2,1,1,4] [1e-05,1e-05,1e-04,1e-04,0.001,0.001,0,0,0.01] [150,15,15] fmin
lgrowth_p3 10 [NAM,HAW,ROT] False 3 [0.01,0.01,0.1,0.1,0.1,0.1,0.1,0.1,1] [0.5,0.5,1,1,2,2,1,1,4] [1e-05,1e-05,1e-04,1e-04,0.001,0.001,0,0,0.01] [150,15,15] fmin
lgrowth_p3 10 [NAM,ROT,HAW] False 3 [0.01,0.01,0.1,0.1,0.1,0.1,0.1,0.1,1] [0.5,0.5,1,1,2,2,1,1,4] [1e-05,1e-05,1e-04,1e-04,0.001,0.001,0,0,0.01] [150,15,15] fmin
lgrowth_p3 10 [NAM,ROT,HAW] False 3 [0.01,0.01,0.1,0.1,0.1,0.1,0.1,0.1,1] [0.5,0.5,1,1,2,2,1,1,4] [1e-05,1e-05,1e-04,1e-04,0.001,0.001,0,0,0.01] [150,15,15] fmin
lgrowth_p3 10 [NAM,ROT,HAW] False 3 [0.01,0.01,0.1,0.1,0.1,0.1,0.1,0.1,1] [0.5,0.5,1,1,2,2,1,1,4] [1e-05,1e-05,1e-04,1e-04,0.001,0.001,0,0,0.01] [150,15,15] fmin
lgrowth_p3 10 [NAM,ROT,HAW] False 3 [0.01,0.01,0.1,0.1,0.1,0.1,0.1,0.1,1] [0.5,0.5,1,1,2,2,1,1,4] [1e-05,1e-05,1e-04,1e-04,0.001,0.001,0,0,0.01] [150,15,15] fmin
lgrowth_p3 10 [NAM,ROT,HAW] False 3 [0.01,0.01,0.1,0.1,0.1,0.1,0.1,0.1,1] [0.5,0.5,1,1,2,2,1,1,4] [1e-05,1e-05,1e-04,1e-04,0.001,0.001,0,0,0.01] [150,15,15] fmin
lgrowth_p3 10 [NAM,ROT,HAW] False 3 [0.01,0.01,0.1,0.1,0.1,0.1,0.1,0.1,1] [0.5,0.5,1,1,2,2,1,1,4] [1e-05,1e-05,1e-04,1e-04,0.001,0.001,0,0,0.01] [150,15,15] fmin
lgrowth_p3 10 [NAM,ROT,HAW] False 3 [0.01,0.01,0.1,0.1,0.1,0.1,0.1,0.1,1] [0.5,0.5,1,1,2,2,1,1,4] [1e-05,1e-05,1e-04,1e-04,0.001,0.001,0,0,0.01] [150,15,15] fmin
lgrowth_p3 10 [NAM,ROT,HAW] False 3 [0.01,0.01,0.1,0.1,0.1,0.1,0.1,0.1,1] [0.5,0.5,1,1,2,2,1,1,4] [1e-05,1e-05,1e-04,1e-04,0.001,0.001,0,0,0.01] [150,15,15] fmin
lgrowth_p3 10 [NAM,ROT,HAW] False 3 [0.01,0.01,0.1,0.1,0.1,0.1,0.1,0.1,1] [0.5,0.5,1,1,2,2,1,1,4] [1e-05,1e-05,1e-04,1e-04,0.001,0.001,0,0,0.01] [150,15,15] fmin
lgrowth_p3 10 [NAM,ROT,HAW] False 3 [0.01,0.01,0.1,0.1,0.1,0.1,0.1,0.1,1] [0.5,0.5,1,1,2,2,1,1,4] [1e-05,1e-05,1e-04,1e-04,0.001,0.001,0,0,0.01] [150,15,15] fmin
lgrowth_p2 10 [NAM,HAW,ROT] False 3 [0.01,0.01,0.1,0.1,0.1,0.1,0.1,0.1,1] [0.5,0.5,1,1,2,2,1,1,4] [1e-05,1e-05,1e-04,1e-04,0.001,0.001,0,0,0.01] [150,15,15] fmin
lgrowth_p2 10 [NAM,HAW,ROT] False 3 [0.01,0.01,0.1,0.1,0.1,0.1,0.1,0.1,1] [0.5,0.5,1,1,2,2,1,1,4] [1e-05,1e-05,1e-04,1e-04,0.001,0.001,0,0,0.01] [150,15,15] fmin
lgrowth_p2 10 [NAM,HAW,ROT] False 3 [0.01,0.01,0.1,0.1,0.1,0.1,0.1,0.1,1] [0.5,0.5,1,1,2,2,1,1,4] [1e-05,1e-05,1e-04,1e-04,0.001,0.001,0,0,0.01] [150,15,15] fmin
lgrowth_p2 10 [NAM,HAW,ROT] False 3 [0.01,0.01,0.1,0.1,0.1,0.1,0.1,0.1,1] [0.5,0.5,1,1,2,2,1,1,4] [1e-05,1e-05,1e-04,1e-04,0.001,0.001,0,0,0.01] [150,15,15] fmin
lgrowth_p2 10 [NAM,HAW,ROT] False 3 [0.01,0.01,0.1,0.1,0.1,0.1,0.1,0.1,1] [0.5,0.5,1,1,2,2,1,1,4] [1e-05,1e-05,1e-04,1e-04,0.001,0.001,0,0,0.01] [150,15,15] fmin
lgrowth_p2 10 [NAM,HAW,ROT] False 3 [0.01,0.01,0.1,0.1,0.1,0.1,0.1,0.1,1] [0.5,0.5,1,1,2,2,1,1,4] [1e-05,1e-05,1e-04,1e-04,0.001,0.001,0,0,0.01] [150,15,15] fmin
lgrowth_p2 10 [NAM,HAW,ROT] False 3 [0.01,0.01,0.1,0.1,0.1,0.1,0.1,0.1,1] [0.5,0.5,1,1,2,2,1,1,4] [1e-05,1e-05,1e-04,1e-04,0.001,0.001,0,0,0.01] [150,15,15] fmin
lgrowth_p2 10 [NAM,HAW,ROT] False 3 [0.01,0.01,0.1,0.1,0.1,0.1,0.1,0.1,1] [0.5,0.5,1,1,2,2,1,1,4] [1e-05,1e-05,1e-04,1e-04,0.001,0.001,0,0,0.01] [150,15,15] fmin
lgrowth_p2 10 [NAM,HAW,ROT] False 3 [0.01,0.01,0.1,0.1,0.1,0.1,0.1,0.1,1] [0.5,0.5,1,1,2,2,1,1,4] [1e-05,1e-05,1e-04,1e-04,0.001,0.001,0,0,0.01] [150,15,15] fmin
lgrowth_p2 10 [NAM,HAW,ROT] False 3 [0.01,0.01,0.1,0.1,0.1,0.1,0.1,0.1,1] [0.5,0.5,1,1,2,2,1,1,4] [1e-05,1e-05,1e-04,1e-04,0.001,0.001,0,0,0.01] [150,15,15] fmin
lgrowth_p2 10 [NAM,ROT,HAW] False 3 [0.01,0.01,0.1,0.1,0.1,0.1,0.1,0.1,1] [0.5,0.5,1,1,2,2,1,1,4] [1e-05,1e-05,1e-04,1e-04,0.001,0.001,0,0,0.01] [150,15,15] fmin
lgrowth_p2 10 [NAM,ROT,HAW] False 3 [0.01,0.01,0.1,0.1,0.1,0.1,0.1,0.1,1] [0.5,0.5,1,1,2,2,1,1,4] [1e-05,1e-05,1e-04,1e-04,0.001,0.001,0,0,0.01] [150,15,15] fmin
lgrowth_p2 10 [NAM,ROT,HAW] False 3 [0.01,0.01,0.1,0.1,0.1,0.1,0.1,0.1,1] [0.5,0.5,1,1,2,2,1,1,4] [1e-05,1e-05,1e-04,1e-04,0.001,0.001,0,0,0.01] [150,15,15] fmin
lgrowth_p2 10 [NAM,ROT,HAW] False 3 [0.01,0.01,0.1,0.1,0.1,0.1,0.1,0.1,1] [0.5,0.5,1,1,2,2,1,1,4] [1e-05,1e-05,1e-04,1e-04,0.001,0.001,0,0,0.01] [150,15,15] fmin
lgrowth_p2 10 [NAM,ROT,HAW] False 3 [0.01,0.01,0.1,0.1,0.1,0.1,0.1,0.1,1] [0.5,0.5,1,1,2,2,1,1,4] [1e-05,1e-05,1e-04,1e-04,0.001,0.001,0,0,0.01] [150,15,15] fmin
lgrowth_p2 10 [NAM,ROT,HAW] False 3 [0.01,0.01,0.1,0.1,0.1,0.1,0.1,0.1,1] [0.5,0.5,1,1,2,2,1,1,4] [1e-05,1e-05,1e-04,1e-04,0.001,0.001,0,0,0.01] [150,15,15] fmin
lgrowth_p2 10 [NAM,ROT,HAW] False 3 [0.01,0.01,0.1,0.1,0.1,0.1,0.1,0.1,1] [0.5,0.5,1,1,2,2,1,1,4] [1e-05,1e-05,1e-04,1e-04,0.001,0.001,0,0,0.01] [150,15,15] fmin
lgrowth_p2 10 [NAM,ROT,HAW] False 3 [0.01,0.01,0.1,0.1,0.1,0.1,0.1,0.1,1] [0.5,0.5,1,1,2,2,1,1,4] [1e-05,1e-05,1e-04,1e-04,0.001,0.001,0,0,0.01] [150,15,15] fmin
lgrowth_p2 10 [NAM,ROT,HAW] False 3 [0.01,0.01,0.1,0.1,0.1,0.1,0.1,0.1,1] [0.5,0.5,1,1,2,2,1,1,4] [1e-05,1e-05,1e-04,1e-04,0.001,0.001,0,0,0.01] [150,15,15] fmin
lgrowth_p2 10 [NAM,ROT,HAW] False 3 [0.01,0.01,0.1,0.1,0.1,0.1,0.1,0.1,1] [0.5,0.5,1,1,2,2,1,1,4] [1e-05,1e-05,1e-04,1e-04,0.001,0.001,0,0,0.01] [150,15,15] fmin
lgb_p1tb_2f 10 [NAM,HAW,ROT] False 3 [0.01,0.01,0.1,0.1,0.1,0.1,0.1,0.1,1,1] [0.5,0.5,1,1,2,2,1,1,4,4] [1e-05,1e-05,1e-04,1e-04,0.001,0.001,0,0,0.01,0.01] [150,15,15] fmin
lgb_p1tb_2f 10 [NAM,HAW,ROT] False 3 [0.01,0.01,0.1,0.1,0.1,0.1,0.1,0.1,1,1] [0.5,0.5,1,1,2,2,1,1,4,4] [1e-05,1e-05,1e-04,1e-04,0.001,0.001,0,0,0.01,0.01] [150,15,15] fmin
lgb_p1tb_2f 10 [NAM,HAW,ROT] False 3 [0.01,0.01,0.1,0.1,0.1,0.1,0.1,0.1,1,1] [0.5,0.5,1,1,2,2,1,1,4,4] [1e-05,1e-05,1e-04,1e-04,0.001,0.001,0,0,0.01,0.01] [150,15,15] fmin
lgb_p1tb_2f 10 [NAM,HAW,ROT] False 3 [0.01,0.01,0.1,0.1,0.1,0.1,0.1,0.1,1,1] [0.5,0.5,1,1,2,2,1,1,4,4] [1e-05,1e-05,1e-04,1e-04,0.001,0.001,0,0,0.01,0.01] [150,15,15] fmin
lgb_p1tb_2f 10 [NAM,HAW,ROT] False 3 [0.01,0.01,0.1,0.1,0.1,0.1,0.1,0.1,1,1] [0.5,0.5,1,1,2,2,1,1,4,4] [1e-05,1e-05,1e-04,1e-04,0.001,0.001,0,0,0.01,0.01] [150,15,15] fmin
lgb_p1tb_2f 10 [NAM,HAW,ROT] False 3 [0.01,0.01,0.1,0.1,0.1,0.1,0.1,0.1,1,1] [0.5,0.5,1,1,2,2,1,1,4,4] [1e-05,1e-05,1e-04,1e-04,0.001,0.001,0,0,0.01,0.01] [150,15,15] fmin
lgb_p1tb_2f 10 [NAM,HAW,ROT] False 3 [0.01,0.01,0.1,0.1,0.1,0.1,0.1,0.1,1,1] [0.5,0.5,1,1,2,2,1,1,4,4] [1e-05,1e-05,1e-04,1e-04,0.001,0.001,0,0,0.01,0.01] [150,15,15] fmin
lgb_p1tb_2f 10 [NAM,HAW,ROT] False 3 [0.01,0.01,0.1,0.1,0.1,0.1,0.1,0.1,1,1] [0.5,0.5,1,1,2,2,1,1,4,4] [1e-05,1e-05,1e-04,1e-04,0.001,0.001,0,0,0.01,0.01] [150,15,15] fmin
lgb_p1tb_2f 10 [NAM,HAW,ROT] False 3 [0.01,0.01,0.1,0.1,0.1,0.1,0.1,0.1,1,1] [0.5,0.5,1,1,2,2,1,1,4,4] [1e-05,1e-05,1e-04,1e-04,0.001,0.001,0,0,0.01,0.01] [150,15,15] fmin
lgb_p1tb_2f 10 [NAM,HAW,ROT] False 3 [0.01,0.01,0.1,0.1,0.1,0.1,0.1,0.1,1,1] [0.5,0.5,1,1,2,2,1,1,4,4] [1e-05,1e-05,1e-04,1e-04,0.001,0.001,0,0,0.01,0.01] [150,15,15] fmin
p2_cgrowth 10 [HAW,GUA] False 3 [0.01,0.01,0.1,0.1,0.1,0.1,0.1,0.1] [0.5,0.5,1,1,4,4,5,5] [1e-06,1e-06,1e-05,1e-05,0.001,0.001,0,0] [15,15] fmin
p2_cgrowth 10 [HAW,GUA] False 3 [0.01,0.01,0.1,0.1,0.1,0.1,0.1,0.1] [0.5,0.5,1,1,4,4,5,5] [1e-06,1e-06,1e-05,1e-05,0.001,0.001,0,0] [15,15] fmin
p2_cgrowth 10 [HAW,GUA] False 3 [0.01,0.01,0.1,0.1,0.1,0.1,0.1,0.1] [0.5,0.5,1,1,4,4,5,5] [1e-06,1e-06,1e-05,1e-05,0.001,0.001,0,0] [15,15] fmin
p2_cgrowth 10 [HAW,GUA] False 3 [0.01,0.01,0.1,0.1,0.1,0.1,0.1,0.1] [0.5,0.5,1,1,4,4,5,5] [1e-06,1e-06,1e-05,1e-05,0.001,0.001,0,0] [15,15] fmin
p2_cgrowth 10 [HAW,GUA] False 3 [0.01,0.01,0.1,0.1,0.1,0.1,0.1,0.1] [0.5,0.5,1,1,4,4,5,5] [1e-06,1e-06,1e-05,1e-05,0.001,0.001,0,0] [15,15] fmin
p2_cgrowth 10 [HAW,GUA] False 3 [0.01,0.01,0.1,0.1,0.1,0.1,0.1,0.1] [0.5,0.5,1,1,4,4,5,5] [1e-06,1e-06,1e-05,1e-05,0.001,0.001,0,0] [15,15] fmin
p2_cgrowth 10 [HAW,GUA] False 3 [0.01,0.01,0.1,0.1,0.1,0.1,0.1,0.1] [0.5,0.5,1,1,4,4,5,5] [1e-06,1e-06,1e-05,1e-05,0.001,0.001,0,0] [15,15] fmin
p2_cgrowth 10 [HAW,GUA] False 3 [0.01,0.01,0.1,0.1,0.1,0.1,0.1,0.1] [0.5,0.5,1,1,4,4,5,5] [1e-06,1e-06,1e-05,1e-05,0.001,0.001,0,0] [15,15] fmin
p2_cgrowth 10 [HAW,GUA] False 3 [0.01,0.01,0.1,0.1,0.1,0.1,0.1,0.1] [0.5,0.5,1,1,4,4,5,5] [1e-06,1e-06,1e-05,1e-05,0.001,0.001,0,0] [15,15] fmin
p2_cgrowth 10 [HAW,GUA] False 3 [0.01,0.01,0.1,0.1,0.1,0.1,0.1,0.1] [0.5,0.5,1,1,4,4,5,5] [1e-06,1e-06,1e-05,1e-05,0.001,0.001,0,0] [15,15] fmin
p2_cgrowth 10 [GUA,HAW] False 3 [0.01,0.01,0.1,0.1,0.1,0.1,0.1,0.1] [0.5,0.5,1,1,4,4,5,5] [1e-06,1e-06,1e-05,1e-05,0.001,0.001,0,0] [15,15] fmin
p2_cgrowth 10 [GUA,HAW] False 3 [0.01,0.01,0.1,0.1,0.1,0.1,0.1,0.1] [0.5,0.5,1,1,4,4,5,5] [1e-06,1e-06,1e-05,1e-05,0.001,0.001,0,0] [15,15] fmin
p2_cgrowth 10 [GUA,HAW] False 3 [0.01,0.01,0.1,0.1,0.1,0.1,0.1,0.1] [0.5,0.5,1,1,4,4,5,5] [1e-06,1e-06,1e-05,1e-05,0.001,0.001,0,0] [15,15] fmin
p2_cgrowth 10 [GUA,HAW] False 3 [0.01,0.01,0.1,0.1,0.1,0.1,0.1,0.1] [0.5,0.5,1,1,4,4,5,5] [1e-06,1e-06,1e-05,1e-05,0.001,0.001,0,0] [15,15] fmin
p2_cgrowth 10 [GUA,HAW] False 3 [0.01,0.01,0.1,0.1,0.1,0.1,0.1,0.1] [0.5,0.5,1,1,4,4,5,5] [1e-06,1e-06,1e-05,1e-05,0.001,0.001,0,0] [15,15] fmin
p2_cgrowth 10 [GUA,HAW] False 3 [0.01,0.01,0.1,0.1,0.1,0.1,0.1,0.1] [0.5,0.5,1,1,4,4,5,5] [1e-06,1e-06,1e-05,1e-05,0.001,0.001,0,0] [15,15] fmin
p2_cgrowth 10 [GUA,HAW] False 3 [0.01,0.01,0.1,0.1,0.1,0.1,0.1,0.1] [0.5,0.5,1,1,4,4,5,5] [1e-06,1e-06,1e-05,1e-05,0.001,0.001,0,0] [15,15] fmin
p2_cgrowth 10 [GUA,HAW] False 3 [0.01,0.01,0.1,0.1,0.1,0.1,0.1,0.1] [0.5,0.5,1,1,4,4,5,5] [1e-06,1e-06,1e-05,1e-05,0.001,0.001,0,0] [15,15] fmin
p2_cgrowth 10 [GUA,HAW] False 3 [0.01,0.01,0.1,0.1,0.1,0.1,0.1,0.1] [0.5,0.5,1,1,4,4,5,5] [1e-06,1e-06,1e-05,1e-05,0.001,0.001,0,0] [15,15] fmin
p2_cgrowth 10 [GUA,HAW] False 3 [0.01,0.01,0.1,0.1,0.1,0.1,0.1,0.1] [0.5,0.5,1,1,4,4,5,5] [1e-06,1e-06,1e-05,1e-05,0.001,0.001,0,0] [15,15] fmin
p2_lgrowth_both 10 [HAW,GUA] False 3 [0.01,0.01,0.1,0.1,0.1,0.1,0.1,0.1,1,1] [0.5,0.5,1,1,4,4,5,5,4,4] [1e-06,1e-06,1e-05,1e-05,0.001,0.001,0,0,0.01,0.01] [15,15] fmin
p2_lgrowth_both 10 [HAW,GUA] False 3 [0.01,0.01,0.1,0.1,0.1,0.1,0.1,0.1,1,1] [0.5,0.5,1,1,4,4,5,5,4,4] [1e-06,1e-06,1e-05,1e-05,0.001,0.001,0,0,0.01,0.01] [15,15] fmin
p2_lgrowth_both 10 [HAW,GUA] False 3 [0.01,0.01,0.1,0.1,0.1,0.1,0.1,0.1,1,1] [0.5,0.5,1,1,4,4,5,5,4,4] [1e-06,1e-06,1e-05,1e-05,0.001,0.001,0,0,0.01,0.01] [15,15] fmin
p2_lgrowth_both 10 [HAW,GUA] False 3 [0.01,0.01,0.1,0.1,0.1,0.1,0.1,0.1,1,1] [0.5,0.5,1,1,4,4,5,5,4,4] [1e-06,1e-06,1e-05,1e-05,0.001,0.001,0,0,0.01,0.01] [15,15] fmin
p2_lgrowth_both 10 [HAW,GUA] False 3 [0.01,0.01,0.1,0.1,0.1,0.1,0.1,0.1,1,1] [0.5,0.5,1,1,4,4,5,5,4,4] [1e-06,1e-06,1e-05,1e-05,0.001,0.001,0,0,0.01,0.01] [15,15] fmin
p2_lgrowth_both 10 [HAW,GUA] False 3 [0.01,0.01,0.1,0.1,0.1,0.1,0.1,0.1,1,1] [0.5,0.5,1,1,4,4,5,5,4,4] [1e-06,1e-06,1e-05,1e-05,0.001,0.001,0,0,0.01,0.01] [15,15] fmin
p2_lgrowth_both 10 [HAW,GUA] False 3 [0.01,0.01,0.1,0.1,0.1,0.1,0.1,0.1,1,1] [0.5,0.5,1,1,4,4,5,5,4,4] [1e-06,1e-06,1e-05,1e-05,0.001,0.001,0,0,0.01,0.01] [15,15] fmin
p2_lgrowth_both 10 [HAW,GUA] False 3 [0.01,0.01,0.1,0.1,0.1,0.1,0.1,0.1,1,1] [0.5,0.5,1,1,4,4,5,5,4,4] [1e-06,1e-06,1e-05,1e-05,0.001,0.001,0,0,0.01,0.01] [15,15] fmin
p2_lgrowth_both 10 [HAW,GUA] False 3 [0.01,0.01,0.1,0.1,0.1,0.1,0.1,0.1,1,1] [0.5,0.5,1,1,4,4,5,5,4,4] [1e-06,1e-06,1e-05,1e-05,0.001,0.001,0,0,0.01,0.01] [15,15] fmin
p2_lgrowth_both 10 [HAW,GUA] False 3 [0.01,0.01,0.1,0.1,0.1,0.1,0.1,0.1,1,1] [0.5,0.5,1,1,4,4,5,5,4,4] [1e-06,1e-06,1e-05,1e-05,0.001,0.001,0,0,0.01,0.01] [15,15] fmin
p2_lgrowth_both 10 [GUA,HAW] False 3 [0.01,0.01,0.1,0.1,0.1,0.1,0.1,0.1,1,1] [0.5,0.5,1,1,4,4,5,5,4,4] [1e-06,1e-06,1e-05,1e-05,0.001,0.001,0,0,0.01,0.01] [15,15] fmin
p2_lgrowth_both 10 [GUA,HAW] False 3 [0.01,0.01,0.1,0.1,0.1,0.1,0.1,0.1,1,1] [0.5,0.5,1,1,4,4,5,5,4,4] [1e-06,1e-06,1e-05,1e-05,0.001,0.001,0,0,0.01,0.01] [15,15] fmin
p2_lgrowth_both 10 [GUA,HAW] False 3 [0.01,0.01,0.1,0.1,0.1,0.1,0.1,0.1,1,1] [0.5,0.5,1,1,4,4,5,5,4,4] [1e-06,1e-06,1e-05,1e-05,0.001,0.001,0,0,0.01,0.01] [15,15] fmin
p2_lgrowth_both 10 [GUA,HAW] False 3 [0.01,0.01,0.1,0.1,0.1,0.1,0.1,0.1,1,1] [0.5,0.5,1,1,4,4,5,5,4,4] [1e-06,1e-06,1e-05,1e-05,0.001,0.001,0,0,0.01,0.01] [15,15] fmin
p2_lgrowth_both 10 [GUA,HAW] False 3 [0.01,0.01,0.1,0.1,0.1,0.1,0.1,0.1,1,1] [0.5,0.5,1,1,4,4,5,5,4,4] [1e-06,1e-06,1e-05,1e-05,0.001,0.001,0,0,0.01,0.01] [15,15] fmin
p2_lgrowth_both 10 [GUA,HAW] False 3 [0.01,0.01,0.1,0.1,0.1,0.1,0.1,0.1,1,1] [0.5,0.5,1,1,4,4,5,5,4,4] [1e-06,1e-06,1e-05,1e-05,0.001,0.001,0,0,0.01,0.01] [15,15] fmin
p2_lgrowth_both 10 [GUA,HAW] False 3 [0.01,0.01,0.1,0.1,0.1,0.1,0.1,0.1,1,1] [0.5,0.5,1,1,4,4,5,5,4,4] [1e-06,1e-06,1e-05,1e-05,0.001,0.001,0,0,0.01,0.01] [15,15] fmin
p2_lgrowth_both 10 [GUA,HAW] False 3 [0.01,0.01,0.1,0.1,0.1,0.1,0.1,0.1,1,1] [0.5,0.5,1,1,4,4,5,5,4,4] [1e-06,1e-06,1e-05,1e-05,0.001,0.001,0,0,0.01,0.01] [15,15] fmin
p2_lgrowth_both 10 [GUA,HAW] False 3 [0.01,0.01,0.1,0.1,0.1,0.1,0.1,0.1,1,1] [0.5,0.5,1,1,4,4,5,5,4,4] [1e-06,1e-06,1e-05,1e-05,0.001,0.001,0,0,0.01,0.01] [15,15] fmin
p2_lgrowth_both 10 [GUA,HAW] False 3 [0.01,0.01,0.1,0.1,0.1,0.1,0.1,0.1,1,1] [0.5,0.5,1,1,4,4,5,5,4,4] [1e-06,1e-06,1e-05,1e-05,0.001,0.001,0,0,0.01,0.01] [15,15] fmin
p2_lgrowth_1 10 [HAW,GUA] False 3 [0.01,0.01,0.1,0.1,0.1,0.1,0.1,0.1,1] [0.5,0.5,1,1,4,4,5,5,4] [1e-06,1e-06,1e-05,1e-05,0.001,0.001,0,0,0.01] [15,15] fmin
p2_lgrowth_1 10 [HAW,GUA] False 3 [0.01,0.01,0.1,0.1,0.1,0.1,0.1,0.1,1] [0.5,0.5,1,1,4,4,5,5,4] [1e-06,1e-06,1e-05,1e-05,0.001,0.001,0,0,0.01] [15,15] fmin
p2_lgrowth_1 10 [HAW,GUA] False 3 [0.01,0.01,0.1,0.1,0.1,0.1,0.1,0.1,1] [0.5,0.5,1,1,4,4,5,5,4] [1e-06,1e-06,1e-05,1e-05,0.001,0.001,0,0,0.01] [15,15] fmin
p2_lgrowth_1 10 [HAW,GUA] False 3 [0.01,0.01,0.1,0.1,0.1,0.1,0.1,0.1,1] [0.5,0.5,1,1,4,4,5,5,4] [1e-06,1e-06,1e-05,1e-05,0.001,0.001,0,0,0.01] [15,15] fmin
p2_lgrowth_1 10 [HAW,GUA] False 3 [0.01,0.01,0.1,0.1,0.1,0.1,0.1,0.1,1] [0.5,0.5,1,1,4,4,5,5,4] [1e-06,1e-06,1e-05,1e-05,0.001,0.001,0,0,0.01] [15,15] fmin
p2_lgrowth_1 10 [HAW,GUA] False 3 [0.01,0.01,0.1,0.1,0.1,0.1,0.1,0.1,1] [0.5,0.5,1,1,4,4,5,5,4] [1e-06,1e-06,1e-05,1e-05,0.001,0.001,0,0,0.01] [15,15] fmin
p2_lgrowth_1 10 [HAW,GUA] False 3 [0.01,0.01,0.1,0.1,0.1,0.1,0.1,0.1,1] [0.5,0.5,1,1,4,4,5,5,4] [1e-06,1e-06,1e-05,1e-05,0.001,0.001,0,0,0.01] [15,15] fmin
p2_lgrowth_1 10 [HAW,GUA] False 3 [0.01,0.01,0.1,0.1,0.1,0.1,0.1,0.1,1] [0.5,0.5,1,1,4,4,5,5,4] [1e-06,1e-06,1e-05,1e-05,0.001,0.001,0,0,0.01] [15,15] fmin
p2_lgrowth_1 10 [HAW,GUA] False 3 [0.01,0.01,0.1,0.1,0.1,0.1,0.1,0.1,1] [0.5,0.5,1,1,4,4,5,5,4] [1e-06,1e-06,1e-05,1e-05,0.001,0.001,0,0,0.01] [15,15] fmin
p2_lgrowth_1 10 [HAW,GUA] False 3 [0.01,0.01,0.1,0.1,0.1,0.1,0.1,0.1,1] [0.5,0.5,1,1,4,4,5,5,4] [1e-06,1e-06,1e-05,1e-05,0.001,0.001,0,0,0.01] [15,15] fmin
p2_lgrowth_1 10 [GUA,HAW] False 3 [0.01,0.01,0.1,0.1,0.1,0.1,0.1,0.1,1] [0.5,0.5,1,1,4,4,5,5,4] [1e-06,1e-06,1e-05,1e-05,0.001,0.001,0,0,0.01] [15,15] fmin
p2_lgrowth_1 10 [GUA,HAW] False 3 [0.01,0.01,0.1,0.1,0.1,0.1,0.1,0.1,1] [0.5,0.5,1,1,4,4,5,5,4] [1e-06,1e-06,1e-05,1e-05,0.001,0.001,0,0,0.01] [15,15] fmin
p2_lgrowth_1 10 [GUA,HAW] False 3 [0.01,0.01,0.1,0.1,0.1,0.1,0.1,0.1,1] [0.5,0.5,1,1,4,4,5,5,4] [1e-06,1e-06,1e-05,1e-05,0.001,0.001,0,0,0.01] [15,15] fmin
p2_lgrowth_1 10 [GUA,HAW] False 3 [0.01,0.01,0.1,0.1,0.1,0.1,0.1,0.1,1] [0.5,0.5,1,1,4,4,5,5,4] [1e-06,1e-06,1e-05,1e-05,0.001,0.001,0,0,0.01] [15,15] fmin
p2_lgrowth_1 10 [GUA,HAW] False 3 [0.01,0.01,0.1,0.1,0.1,0.1,0.1,0.1,1] [0.5,0.5,1,1,4,4,5,5,4] [1e-06,1e-06,1e-05,1e-05,0.001,0.001,0,0,0.01] [15,15] fmin
p2_lgrowth_1 10 [GUA,HAW] False 3 [0.01,0.01,0.1,0.1,0.1,0.1,0.1,0.1,1] [0.5,0.5,1,1,4,4,5,5,4] [1e-06,1e-06,1e-05,1e-05,0.001,0.001,0,0,0.01] [15,15] fmin
p2_lgrowth_1 10 [GUA,HAW] False 3 [0.01,0.01,0.1,0.1,0.1,0.1,0.1,0.1,1] [0.5,0.5,1,1,4,4,5,5,4] [1e-06,1e-06,1e-05,1e-05,0.001,0.001,0,0,0.01] [15,15] fmin
p2_lgrowth_1 10 [GUA,HAW] False 3 [0.01,0.01,0.1,0.1,0.1,0.1,0.1,0.1,1] [0.5,0.5,1,1,4,4,5,5,4] [1e-06,1e-06,1e-05,1e-05,0.001,0.001,0,0,0.01] [15,15] fmin
p2_lgrowth_1 10 [GUA,HAW] False 3 [0.01,0.01,0.1,0.1,0.1,0.1,0.1,0.1,1] [0.5,0.5,1,1,4,4,5,5,4] [1e-06,1e-06,1e-05,1e-05,0.001,0.001,0,0,0.01] [15,15] fmin
p2_lgrowth_1 10 [GUA,HAW] False 3 [0.01,0.01,0.1,0.1,0.1,0.1,0.1,0.1,1] [0.5,0.5,1,1,4,4,5,5,4] [1e-06,1e-06,1e-05,1e-05,0.001,0.001,0,0,0.01] [15,15] fmin
p2_lgrowth_2 10 [HAW,GUA] False 3 [0.01,0.01,0.1,0.1,0.1,0.1,0.1,0.1,1] [0.5,0.5,1,1,4,4,5,5,4] [1e-06,1e-06,1e-05,1e-05,0.001,0.001,0,0,0.01] [15,15] fmin
p2_lgrowth_2 10 [HAW,GUA] False 3 [0.01,0.01,0.1,0.1,0.1,0.1,0.1,0.1,1] [0.5,0.5,1,1,4,4,5,5,4] [1e-06,1e-06,1e-05,1e-05,0.001,0.001,0,0,0.01] [15,15] fmin
p2_lgrowth_2 10 [HAW,GUA] False 3 [0.01,0.01,0.1,0.1,0.1,0.1,0.1,0.1,1] [0.5,0.5,1,1,4,4,5,5,4] [1e-06,1e-06,1e-05,1e-05,0.001,0.001,0,0,0.01] [15,15] fmin
p2_lgrowth_2 10 [HAW,GUA] False 3 [0.01,0.01,0.1,0.1,0.1,0.1,0.1,0.1,1] [0.5,0.5,1,1,4,4,5,5,4] [1e-06,1e-06,1e-05,1e-05,0.001,0.001,0,0,0.01] [15,15] fmin
p2_lgrowth_2 10 [HAW,GUA] False 3 [0.01,0.01,0.1,0.1,0.1,0.1,0.1,0.1,1] [0.5,0.5,1,1,4,4,5,5,4] [1e-06,1e-06,1e-05,1e-05,0.001,0.001,0,0,0.01] [15,15] fmin
p2_lgrowth_2 10 [HAW,GUA] False 3 [0.01,0.01,0.1,0.1,0.1,0.1,0.1,0.1,1] [0.5,0.5,1,1,4,4,5,5,4] [1e-06,1e-06,1e-05,1e-05,0.001,0.001,0,0,0.01] [15,15] fmin
p2_lgrowth_2 10 [HAW,GUA] False 3 [0.01,0.01,0.1,0.1,0.1,0.1,0.1,0.1,1] [0.5,0.5,1,1,4,4,5,5,4] [1e-06,1e-06,1e-05,1e-05,0.001,0.001,0,0,0.01] [15,15] fmin
p2_lgrowth_2 10 [HAW,GUA] False 3 [0.01,0.01,0.1,0.1,0.1,0.1,0.1,0.1,1] [0.5,0.5,1,1,4,4,5,5,4] [1e-06,1e-06,1e-05,1e-05,0.001,0.001,0,0,0.01] [15,15] fmin
p2_lgrowth_2 10 [HAW,GUA] False 3 [0.01,0.01,0.1,0.1,0.1,0.1,0.1,0.1,1] [0.5,0.5,1,1,4,4,5,5,4] [1e-06,1e-06,1e-05,1e-05,0.001,0.001,0,0,0.01] [15,15] fmin
p2_lgrowth_2 10 [HAW,GUA] False 3 [0.01,0.01,0.1,0.1,0.1,0.1,0.1,0.1,1] [0.5,0.5,1,1,4,4,5,5,4] [1e-06,1e-06,1e-05,1e-05,0.001,0.001,0,0,0.01] [15,15] fmin
p2_lgrowth_2 10 [GUA,HAW] False 3 [0.01,0.01,0.1,0.1,0.1,0.1,0.1,0.1,1] [0.5,0.5,1,1,4,4,5,5,4] [1e-06,1e-06,1e-05,1e-05,0.001,0.001,0,0,0.01] [15,15] fmin
p2_lgrowth_2 10 [GUA,HAW] False 3 [0.01,0.01,0.1,0.1,0.1,0.1,0.1,0.1,1] [0.5,0.5,1,1,4,4,5,5,4] [1e-06,1e-06,1e-05,1e-05,0.001,0.001,0,0,0.01] [15,15] fmin
p2_lgrowth_2 10 [GUA,HAW] False 3 [0.01,0.01,0.1,0.1,0.1,0.1,0.1,0.1,1] [0.5,0.5,1,1,4,4,5,5,4] [1e-06,1e-06,1e-05,1e-05,0.001,0.001,0,0,0.01] [15,15] fmin
p2_lgrowth_2 10 [GUA,HAW] False 3 [0.01,0.01,0.1,0.1,0.1,0.1,0.1,0.1,1] [0.5,0.5,1,1,4,4,5,5,4] [1e-06,1e-06,1e-05,1e-05,0.001,0.001,0,0,0.01] [15,15] fmin
p2_lgrowth_2 10 [GUA,HAW] False 3 [0.01,0.01,0.1,0.1,0.1,0.1,0.1,0.1,1] [0.5,0.5,1,1,4,4,5,5,4] [1e-06,1e-06,1e-05,1e-05,0.001,0.001,0,0,0.01] [15,15] fmin
p2_lgrowth_2 10 [GUA,HAW] False 3 [0.01,0.01,0.1,0.1,0.1,0.1,0.1,0.1,1] [0.5,0.5,1,1,4,4,5,5,4] [1e-06,1e-06,1e-05,1e-05,0.001,0.001,0,0,0.01] [15,15] fmin
p2_lgrowth_2 10 [GUA,HAW] False 3 [0.01,0.01,0.1,0.1,0.1,0.1,0.1,0.1,1] [0.5,0.5,1,1,4,4,5,5,4] [1e-06,1e-06,1e-05,1e-05,0.001,0.001,0,0,0.01] [15,15] fmin
p2_lgrowth_2 10 [GUA,HAW] False 3 [0.01,0.01,0.1,0.1,0.1,0.1,0.1,0.1,1] [0.5,0.5,1,1,4,4,5,5,4] [1e-06,1e-06,1e-05,1e-05,0.001,0.001,0,0,0.01] [15,15] fmin
p2_lgrowth_2 10 [GUA,HAW] False 3 [0.01,0.01,0.1,0.1,0.1,0.1,0.1,0.1,1] [0.5,0.5,1,1,4,4,5,5,4] [1e-06,1e-06,1e-05,1e-05,0.001,0.001,0,0,0.01] [15,15] fmin
p2_lgrowth_2 10 [GUA,HAW] False 3 [0.01,0.01,0.1,0.1,0.1,0.1,0.1,0.1,1] [0.5,0.5,1,1,4,4,5,5,4] [1e-06,1e-06,1e-05,1e-05,0.001,0.001,0,0,0.01] [15,15] fmin
p2_cgrowth 10 [HAW,ROT] False 3 [0.01,0.01,0.1,0.1,0.1,0.1,0.1,0.1] [0.5,0.5,1,1,4,4,5,5] [1e-06,1e-06,1e-05,1e-05,0.001,0.001,0,0] [15,15] fmin
p2_cgrowth 10 [HAW,ROT] False 3 [0.01,0.01,0.1,0.1,0.1,0.1,0.1,0.1] [0.5,0.5,1,1,4,4,5,5] [1e-06,1e-06,1e-05,1e-05,0.001,0.001,0,0] [15,15] fmin
p2_cgrowth 10 [HAW,ROT] False 3 [0.01,0.01,0.1,0.1,0.1,0.1,0.1,0.1] [0.5,0.5,1,1,4,4,5,5] [1e-06,1e-06,1e-05,1e-05,0.001,0.001,0,0] [15,15] fmin
p2_cgrowth 10 [HAW,ROT] False 3 [0.01,0.01,0.1,0.1,0.1,0.1,0.1,0.1] [0.5,0.5,1,1,4,4,5,5] [1e-06,1e-06,1e-05,1e-05,0.001,0.001,0,0] [15,15] fmin
p2_cgrowth 10 [HAW,ROT] False 3 [0.01,0.01,0.1,0.1,0.1,0.1,0.1,0.1] [0.5,0.5,1,1,4,4,5,5] [1e-06,1e-06,1e-05,1e-05,0.001,0.001,0,0] [15,15] fmin
p2_cgrowth 10 [HAW,ROT] False 3 [0.01,0.01,0.1,0.1,0.1,0.1,0.1,0.1] [0.5,0.5,1,1,4,4,5,5] [1e-06,1e-06,1e-05,1e-05,0.001,0.001,0,0] [15,15] fmin
p2_cgrowth 10 [HAW,ROT] False 3 [0.01,0.01,0.1,0.1,0.1,0.1,0.1,0.1] [0.5,0.5,1,1,4,4,5,5] [1e-06,1e-06,1e-05,1e-05,0.001,0.001,0,0] [15,15] fmin
p2_cgrowth 10 [HAW,ROT] False 3 [0.01,0.01,0.1,0.1,0.1,0.1,0.1,0.1] [0.5,0.5,1,1,4,4,5,5] [1e-06,1e-06,1e-05,1e-05,0.001,0.001,0,0] [15,15] fmin
p2_cgrowth 10 [HAW,ROT] False 3 [0.01,0.01,0.1,0.1,0.1,0.1,0.1,0.1] [0.5,0.5,1,1,4,4,5,5] [1e-06,1e-06,1e-05,1e-05,0.001,0.001,0,0] [15,15] fmin
p2_cgrowth 10 [HAW,ROT] False 3 [0.01,0.01,0.1,0.1,0.1,0.1,0.1,0.1] [0.5,0.5,1,1,4,4,5,5] [1e-06,1e-06,1e-05,1e-05,0.001,0.001,0,0] [15,15] fmin
p2_cgrowth 10 [ROT,HAW] False 3 [0.01,0.01,0.1,0.1,0.1,0.1,0.1,0.1] [0.5,0.5,1,1,4,4,5,5] [1e-06,1e-06,1e-05,1e-05,0.001,0.001,0,0] [15,15] fmin
p2_cgrowth 10 [ROT,HAW] False 3 [0.01,0.01,0.1,0.1,0.1,0.1,0.1,0.1] [0.5,0.5,1,1,4,4,5,5] [1e-06,1e-06,1e-05,1e-05,0.001,0.001,0,0] [15,15] fmin
p2_cgrowth 10 [ROT,HAW] False 3 [0.01,0.01,0.1,0.1,0.1,0.1,0.1,0.1] [0.5,0.5,1,1,4,4,5,5] [1e-06,1e-06,1e-05,1e-05,0.001,0.001,0,0] [15,15] fmin
p2_cgrowth 10 [ROT,HAW] False 3 [0.01,0.01,0.1,0.1,0.1,0.1,0.1,0.1] [0.5,0.5,1,1,4,4,5,5] [1e-06,1e-06,1e-05,1e-05,0.001,0.001,0,0] [15,15] fmin
p2_cgrowth 10 [ROT,HAW] False 3 [0.01,0.01,0.1,0.1,0.1,0.1,0.1,0.1] [0.5,0.5,1,1,4,4,5,5] [1e-06,1e-06,1e-05,1e-05,0.001,0.001,0,0] [15,15] fmin
p2_cgrowth 10 [ROT,HAW] False 3 [0.01,0.01,0.1,0.1,0.1,0.1,0.1,0.1] [0.5,0.5,1,1,4,4,5,5] [1e-06,1e-06,1e-05,1e-05,0.001,0.001,0,0] [15,15] fmin
p2_cgrowth 10 [ROT,HAW] False 3 [0.01,0.01,0.1,0.1,0.1,0.1,0.1,0.1] [0.5,0.5,1,1,4,4,5,5] [1e-06,1e-06,1e-05,1e-05,0.001,0.001,0,0] [15,15] fmin
p2_cgrowth 10 [ROT,HAW] False 3 [0.01,0.01,0.1,0.1,0.1,0.1,0.1,0.1] [0.5,0.5,1,1,4,4,5,5] [1e-06,1e-06,1e-05,1e-05,0.001,0.001,0,0] [15,15] fmin
p2_cgrowth 10 [ROT,HAW] False 3 [0.01,0.01,0.1,0.1,0.1,0.1,0.1,0.1] [0.5,0.5,1,1,4,4,5,5] [1e-06,1e-06,1e-05,1e-05,0.001,0.001,0,0] [15,15] fmin
p2_cgrowth 10 [ROT,HAW] False 3 [0.01,0.01,0.1,0.1,0.1,0.1,0.1,0.1] [0.5,0.5,1,1,4,4,5,5] [1e-06,1e-06,1e-05,1e-05,0.001,0.001,0,0] [15,15] fmin
p2_lgrowth_both 10 [HAW,ROT] False 3 [0.01,0.01,0.1,0.1,0.1,0.1,0.1,0.1,1,1] [0.5,0.5,1,1,4,4,5,5,4,4] [1e-06,1e-06,1e-05,1e-05,0.001,0.001,0,0,0.01,0.01] [15,15] fmin
p2_lgrowth_both 10 [HAW,ROT] False 3 [0.01,0.01,0.1,0.1,0.1,0.1,0.1,0.1,1,1] [0.5,0.5,1,1,4,4,5,5,4,4] [1e-06,1e-06,1e-05,1e-05,0.001,0.001,0,0,0.01,0.01] [15,15] fmin
p2_lgrowth_both 10 [HAW,ROT] False 3 [0.01,0.01,0.1,0.1,0.1,0.1,0.1,0.1,1,1] [0.5,0.5,1,1,4,4,5,5,4,4] [1e-06,1e-06,1e-05,1e-05,0.001,0.001,0,0,0.01,0.01] [15,15] fmin
p2_lgrowth_both 10 [HAW,ROT] False 3 [0.01,0.01,0.1,0.1,0.1,0.1,0.1,0.1,1,1] [0.5,0.5,1,1,4,4,5,5,4,4] [1e-06,1e-06,1e-05,1e-05,0.001,0.001,0,0,0.01,0.01] [15,15] fmin
p2_lgrowth_both 10 [HAW,ROT] False 3 [0.01,0.01,0.1,0.1,0.1,0.1,0.1,0.1,1,1] [0.5,0.5,1,1,4,4,5,5,4,4] [1e-06,1e-06,1e-05,1e-05,0.001,0.001,0,0,0.01,0.01] [15,15] fmin
p2_lgrowth_both 10 [HAW,ROT] False 3 [0.01,0.01,0.1,0.1,0.1,0.1,0.1,0.1,1,1] [0.5,0.5,1,1,4,4,5,5,4,4] [1e-06,1e-06,1e-05,1e-05,0.001,0.001,0,0,0.01,0.01] [15,15] fmin
p2_lgrowth_both 10 [HAW,ROT] False 3 [0.01,0.01,0.1,0.1,0.1,0.1,0.1,0.1,1,1] [0.5,0.5,1,1,4,4,5,5,4,4] [1e-06,1e-06,1e-05,1e-05,0.001,0.001,0,0,0.01,0.01] [15,15] fmin
p2_lgrowth_both 10 [HAW,ROT] False 3 [0.01,0.01,0.1,0.1,0.1,0.1,0.1,0.1,1,1] [0.5,0.5,1,1,4,4,5,5,4,4] [1e-06,1e-06,1e-05,1e-05,0.001,0.001,0,0,0.01,0.01] [15,15] fmin
p2_lgrowth_both 10 [HAW,ROT] False 3 [0.01,0.01,0.1,0.1,0.1,0.1,0.1,0.1,1,1] [0.5,0.5,1,1,4,4,5,5,4,4] [1e-06,1e-06,1e-05,1e-05,0.001,0.001,0,0,0.01,0.01] [15,15] fmin
p2_lgrowth_both 10 [HAW,ROT] False 3 [0.01,0.01,0.1,0.1,0.1,0.1,0.1,0.1,1,1] [0.5,0.5,1,1,4,4,5,5,4,4] [1e-06,1e-06,1e-05,1e-05,0.001,0.001,0,0,0.01,0.01] [15,15] fmin
p2_lgrowth_both 10 [ROT,HAW] False 3 [0.01,0.01,0.1,0.1,0.1,0.1,0.1,0.1,1,1] [0.5,0.5,1,1,4,4,5,5,4,4] [1e-06,1e-06,1e-05,1e-05,0.001,0.001,0,0,0.01,0.01] [15,15] fmin
p2_lgrowth_both 10 [ROT,HAW] False 3 [0.01,0.01,0.1,0.1,0.1,0.1,0.1,0.1,1,1] [0.5,0.5,1,1,4,4,5,5,4,4] [1e-06,1e-06,1e-05,1e-05,0.001,0.001,0,0,0.01,0.01] [15,15] fmin
p2_lgrowth_both 10 [ROT,HAW] False 3 [0.01,0.01,0.1,0.1,0.1,0.1,0.1,0.1,1,1] [0.5,0.5,1,1,4,4,5,5,4,4] [1e-06,1e-06,1e-05,1e-05,0.001,0.001,0,0,0.01,0.01] [15,15] fmin
p2_lgrowth_both 10 [ROT,HAW] False 3 [0.01,0.01,0.1,0.1,0.1,0.1,0.1,0.1,1,1] [0.5,0.5,1,1,4,4,5,5,4,4] [1e-06,1e-06,1e-05,1e-05,0.001,0.001,0,0,0.01,0.01] [15,15] fmin
p2_lgrowth_both 10 [ROT,HAW] False 3 [0.01,0.01,0.1,0.1,0.1,0.1,0.1,0.1,1,1] [0.5,0.5,1,1,4,4,5,5,4,4] [1e-06,1e-06,1e-05,1e-05,0.001,0.001,0,0,0.01,0.01] [15,15] fmin
p2_lgrowth_both 10 [ROT,HAW] False 3 [0.01,0.01,0.1,0.1,0.1,0.1,0.1,0.1,1,1] [0.5,0.5,1,1,4,4,5,5,4,4] [1e-06,1e-06,1e-05,1e-05,0.001,0.001,0,0,0.01,0.01] [15,15] fmin
p2_lgrowth_both 10 [ROT,HAW] False 3 [0.01,0.01,0.1,0.1,0.1,0.1,0.1,0.1,1,1] [0.5,0.5,1,1,4,4,5,5,4,4] [1e-06,1e-06,1e-05,1e-05,0.001,0.001,0,0,0.01,0.01] [15,15] fmin
p2_lgrowth_both 10 [ROT,HAW] False 3 [0.01,0.01,0.1,0.1,0.1,0.1,0.1,0.1,1,1] [0.5,0.5,1,1,4,4,5,5,4,4] [1e-06,1e-06,1e-05,1e-05,0.001,0.001,0,0,0.01,0.01] [15,15] fmin
p2_lgrowth_both 10 [ROT,HAW] False 3 [0.01,0.01,0.1,0.1,0.1,0.1,0.1,0.1,1,1] [0.5,0.5,1,1,4,4,5,5,4,4] [1e-06,1e-06,1e-05,1e-05,0.001,0.001,0,0,0.01,0.01] [15,15] fmin
p2_lgrowth_both 10 [ROT,HAW] False 3 [0.01,0.01,0.1,0.1,0.1,0.1,0.1,0.1,1,1] [0.5,0.5,1,1,4,4,5,5,4,4] [1e-06,1e-06,1e-05,1e-05,0.001,0.001,0,0,0.01,0.01] [15,15] fmin
p2_lgrowth_1 10 [HAW,ROT] False 3 [0.01,0.01,0.1,0.1,0.1,0.1,0.1,0.1,1] [0.5,0.5,1,1,4,4,5,5,4] [1e-06,1e-06,1e-05,1e-05,0.001,0.001,0,0,0.01] [15,15] fmin
p2_lgrowth_1 10 [HAW,ROT] False 3 [0.01,0.01,0.1,0.1,0.1,0.1,0.1,0.1,1] [0.5,0.5,1,1,4,4,5,5,4] [1e-06,1e-06,1e-05,1e-05,0.001,0.001,0,0,0.01] [15,15] fmin
p2_lgrowth_1 10 [HAW,ROT] False 3 [0.01,0.01,0.1,0.1,0.1,0.1,0.1,0.1,1] [0.5,0.5,1,1,4,4,5,5,4] [1e-06,1e-06,1e-05,1e-05,0.001,0.001,0,0,0.01] [15,15] fmin
p2_lgrowth_1 10 [HAW,ROT] False 3 [0.01,0.01,0.1,0.1,0.1,0.1,0.1,0.1,1] [0.5,0.5,1,1,4,4,5,5,4] [1e-06,1e-06,1e-05,1e-05,0.001,0.001,0,0,0.01] [15,15] fmin
p2_lgrowth_1 10 [HAW,ROT] False 3 [0.01,0.01,0.1,0.1,0.1,0.1,0.1,0.1,1] [0.5,0.5,1,1,4,4,5,5,4] [1e-06,1e-06,1e-05,1e-05,0.001,0.001,0,0,0.01] [15,15] fmin
p2_lgrowth_1 10 [HAW,ROT] False 3 [0.01,0.01,0.1,0.1,0.1,0.1,0.1,0.1,1] [0.5,0.5,1,1,4,4,5,5,4] [1e-06,1e-06,1e-05,1e-05,0.001,0.001,0,0,0.01] [15,15] fmin
p2_lgrowth_1 10 [HAW,ROT] False 3 [0.01,0.01,0.1,0.1,0.1,0.1,0.1,0.1,1] [0.5,0.5,1,1,4,4,5,5,4] [1e-06,1e-06,1e-05,1e-05,0.001,0.001,0,0,0.01] [15,15] fmin
p2_lgrowth_1 10 [HAW,ROT] False 3 [0.01,0.01,0.1,0.1,0.1,0.1,0.1,0.1,1] [0.5,0.5,1,1,4,4,5,5,4] [1e-06,1e-06,1e-05,1e-05,0.001,0.001,0,0,0.01] [15,15] fmin
p2_lgrowth_1 10 [HAW,ROT] False 3 [0.01,0.01,0.1,0.1,0.1,0.1,0.1,0.1,1] [0.5,0.5,1,1,4,4,5,5,4] [1e-06,1e-06,1e-05,1e-05,0.001,0.001,0,0,0.01] [15,15] fmin
p2_lgrowth_1 10 [HAW,ROT] False 3 [0.01,0.01,0.1,0.1,0.1,0.1,0.1,0.1,1] [0.5,0.5,1,1,4,4,5,5,4] [1e-06,1e-06,1e-05,1e-05,0.001,0.001,0,0,0.01] [15,15] fmin
p2_lgrowth_1 10 [ROT,HAW] False 3 [0.01,0.01,0.1,0.1,0.1,0.1,0.1,0.1,1] [0.5,0.5,1,1,4,4,5,5,4] [1e-06,1e-06,1e-05,1e-05,0.001,0.001,0,0,0.01] [15,15] fmin
p2_lgrowth_1 10 [ROT,HAW] False 3 [0.01,0.01,0.1,0.1,0.1,0.1,0.1,0.1,1] [0.5,0.5,1,1,4,4,5,5,4] [1e-06,1e-06,1e-05,1e-05,0.001,0.001,0,0,0.01] [15,15] fmin
p2_lgrowth_1 10 [ROT,HAW] False 3 [0.01,0.01,0.1,0.1,0.1,0.1,0.1,0.1,1] [0.5,0.5,1,1,4,4,5,5,4] [1e-06,1e-06,1e-05,1e-05,0.001,0.001,0,0,0.01] [15,15] fmin
p2_lgrowth_1 10 [ROT,HAW] False 3 [0.01,0.01,0.1,0.1,0.1,0.1,0.1,0.1,1] [0.5,0.5,1,1,4,4,5,5,4] [1e-06,1e-06,1e-05,1e-05,0.001,0.001,0,0,0.01] [15,15] fmin
p2_lgrowth_1 10 [ROT,HAW] False 3 [0.01,0.01,0.1,0.1,0.1,0.1,0.1,0.1,1] [0.5,0.5,1,1,4,4,5,5,4] [1e-06,1e-06,1e-05,1e-05,0.001,0.001,0,0,0.01] [15,15] fmin
p2_lgrowth_1 10 [ROT,HAW] False 3 [0.01,0.01,0.1,0.1,0.1,0.1,0.1,0.1,1] [0.5,0.5,1,1,4,4,5,5,4] [1e-06,1e-06,1e-05,1e-05,0.001,0.001,0,0,0.01] [15,15] fmin
p2_lgrowth_1 10 [ROT,HAW] False 3 [0.01,0.01,0.1,0.1,0.1,0.1,0.1,0.1,1] [0.5,0.5,1,1,4,4,5,5,4] [1e-06,1e-06,1e-05,1e-05,0.001,0.001,0,0,0.01] [15,15] fmin
p2_lgrowth_1 10 [ROT,HAW] False 3 [0.01,0.01,0.1,0.1,0.1,0.1,0.1,0.1,1] [0.5,0.5,1,1,4,4,5,5,4] [1e-06,1e-06,1e-05,1e-05,0.001,0.001,0,0,0.01] [15,15] fmin
p2_lgrowth_1 10 [ROT,HAW] False 3 [0.01,0.01,0.1,0.1,0.1,0.1,0.1,0.1,1] [0.5,0.5,1,1,4,4,5,5,4] [1e-06,1e-06,1e-05,1e-05,0.001,0.001,0,0,0.01] [15,15] fmin
p2_lgrowth_1 10 [ROT,HAW] False 3 [0.01,0.01,0.1,0.1,0.1,0.1,0.1,0.1,1] [0.5,0.5,1,1,4,4,5,5,4] [1e-06,1e-06,1e-05,1e-05,0.001,0.001,0,0,0.01] [15,15] fmin
p2_lgrowth_2 10 [HAW,ROT] False 3 [0.01,0.01,0.1,0.1,0.1,0.1,0.1,0.1,1] [0.5,0.5,1,1,4,4,5,5,4] [1e-06,1e-06,1e-05,1e-05,0.001,0.001,0,0,0.01] [15,15] fmin
p2_lgrowth_2 10 [HAW,ROT] False 3 [0.01,0.01,0.1,0.1,0.1,0.1,0.1,0.1,1] [0.5,0.5,1,1,4,4,5,5,4] [1e-06,1e-06,1e-05,1e-05,0.001,0.001,0,0,0.01] [15,15] fmin
p2_lgrowth_2 10 [HAW,ROT] False 3 [0.01,0.01,0.1,0.1,0.1,0.1,0.1,0.1,1] [0.5,0.5,1,1,4,4,5,5,4] [1e-06,1e-06,1e-05,1e-05,0.001,0.001,0,0,0.01] [15,15] fmin
p2_lgrowth_2 10 [HAW,ROT] False 3 [0.01,0.01,0.1,0.1,0.1,0.1,0.1,0.1,1] [0.5,0.5,1,1,4,4,5,5,4] [1e-06,1e-06,1e-05,1e-05,0.001,0.001,0,0,0.01] [15,15] fmin
p2_lgrowth_2 10 [HAW,ROT] False 3 [0.01,0.01,0.1,0.1,0.1,0.1,0.1,0.1,1] [0.5,0.5,1,1,4,4,5,5,4] [1e-06,1e-06,1e-05,1e-05,0.001,0.001,0,0,0.01] [15,15] fmin
p2_lgrowth_2 10 [HAW,ROT] False 3 [0.01,0.01,0.1,0.1,0.1,0.1,0.1,0.1,1] [0.5,0.5,1,1,4,4,5,5,4] [1e-06,1e-06,1e-05,1e-05,0.001,0.001,0,0,0.01] [15,15] fmin
p2_lgrowth_2 10 [HAW,ROT] False 3 [0.01,0.01,0.1,0.1,0.1,0.1,0.1,0.1,1] [0.5,0.5,1,1,4,4,5,5,4] [1e-06,1e-06,1e-05,1e-05,0.001,0.001,0,0,0.01] [15,15] fmin
p2_lgrowth_2 10 [HAW,ROT] False 3 [0.01,0.01,0.1,0.1,0.1,0.1,0.1,0.1,1] [0.5,0.5,1,1,4,4,5,5,4] [1e-06,1e-06,1e-05,1e-05,0.001,0.001,0,0,0.01] [15,15] fmin
p2_lgrowth_2 10 [HAW,ROT] False 3 [0.01,0.01,0.1,0.1,0.1,0.1,0.1,0.1,1] [0.5,0.5,1,1,4,4,5,5,4] [1e-06,1e-06,1e-05,1e-05,0.001,0.001,0,0,0.01] [15,15] fmin
p2_lgrowth_2 10 [HAW,ROT] False 3 [0.01,0.01,0.1,0.1,0.1,0.1,0.1,0.1,1] [0.5,0.5,1,1,4,4,5,5,4] [1e-06,1e-06,1e-05,1e-05,0.001,0.001,0,0,0.01] [15,15] fmin
p2_lgrowth_2 10 [ROT,HAW] False 3 [0.01,0.01,0.1,0.1,0.1,0.1,0.1,0.1,1] [0.5,0.5,1,1,4,4,5,5,4] [1e-06,1e-06,1e-05,1e-05,0.001,0.001,0,0,0.01] [15,15] fmin
p2_lgrowth_2 10 [ROT,HAW] False 3 [0.01,0.01,0.1,0.1,0.1,0.1,0.1,0.1,1] [0.5,0.5,1,1,4,4,5,5,4] [1e-06,1e-06,1e-05,1e-05,0.001,0.001,0,0,0.01] [15,15] fmin
p2_lgrowth_2 10 [ROT,HAW] False 3 [0.01,0.01,0.1,0.1,0.1,0.1,0.1,0.1,1] [0.5,0.5,1,1,4,4,5,5,4] [1e-06,1e-06,1e-05,1e-05,0.001,0.001,0,0,0.01] [15,15] fmin
p2_lgrowth_2 10 [ROT,HAW] False 3 [0.01,0.01,0.1,0.1,0.1,0.1,0.1,0.1,1] [0.5,0.5,1,1,4,4,5,5,4] [1e-06,1e-06,1e-05,1e-05,0.001,0.001,0,0,0.01] [15,15] fmin
p2_lgrowth_2 10 [ROT,HAW] False 3 [0.01,0.01,0.1,0.1,0.1,0.1,0.1,0.1,1] [0.5,0.5,1,1,4,4,5,5,4] [1e-06,1e-06,1e-05,1e-05,0.001,0.001,0,0,0.01] [15,15] fmin
p2_lgrowth_2 10 [ROT,HAW] False 3 [0.01,0.01,0.1,0.1,0.1,0.1,0.1,0.1,1] [0.5,0.5,1,1,4,4,5,5,4] [1e-06,1e-06,1e-05,1e-05,0.001,0.001,0,0,0.01] [15,15] fmin
p2_lgrowth_2 10 [ROT,HAW] False 3 [0.01,0.01,0.1,0.1,0.1,0.1,0.1,0.1,1] [0.5,0.5,1,1,4,4,5,5,4] [1e-06,1e-06,1e-05,1e-05,0.001,0.001,0,0,0.01] [15,15] fmin
p2_lgrowth_2 10 [ROT,HAW] False 3 [0.01,0.01,0.1,0.1,0.1,0.1,0.1,0.1,1] [0.5,0.5,1,1,4,4,5,5,4] [1e-06,1e-06,1e-05,1e-05,0.001,0.001,0,0,0.01] [15,15] fmin
p2_lgrowth_2 10 [ROT,HAW] False 3 [0.01,0.01,0.1,0.1,0.1,0.1,0.1,0.1,1] [0.5,0.5,1,1,4,4,5,5,4] [1e-06,1e-06,1e-05,1e-05,0.001,0.001,0,0,0.01] [15,15] fmin
p2_lgrowth_2 10 [ROT,HAW] False 3 [0.01,0.01,0.1,0.1,0.1,0.1,0.1,0.1,1] [0.5,0.5,1,1,4,4,5,5,4] [1e-06,1e-06,1e-05,1e-05,0.001,0.001,0,0,0.01] [15,15] fmin
