cgrowth 10 [NAM,HAW,GUA] True 3 [0.1,0.1,0.5,0.5,5,5,.1,.1,.1,.1] [1,1,5,5,20,20,10,10,10,10] [.001,.001,.001,.001,.01,.01,.01,.01,.01,.01] [150,15,15] fmin
cgrowth 10 [NAM,HAW,GUA] True 3 [0.1,0.1,0.5,0.5,5,5,.1,.1,.1,.1] [1,1,5,5,20,20,10,10,10,10] [.001,.001,.001,.001,.01,.01,.01,.01,.01,.01] [150,15,15] fmin
cgrowth 10 [NAM,HAW,GUA] True 3 [0.1,0.1,0.5,0.5,5,5,.1,.1,.1,.1] [1,1,5,5,20,20,10,10,10,10] [.001,.001,.001,.001,.01,.01,.01,.01,.01,.01] [150,15,15] fmin
cgrowth 10 [NAM,HAW,GUA] True 3 [0.1,0.1,0.5,0.5,5,5,.1,.1,.1,.1] [1,1,5,5,20,20,10,10,10,10] [.001,.001,.001,.001,.01,.01,.01,.01,.01,.01] [150,15,15] fmin
cgrowth 10 [NAM,HAW,GUA] True 3 [0.1,0.1,0.5,0.5,5,5,.1,.1,.1,.1] [1,1,5,5,20,20,10,10,10,10] [.001,.001,.001,.001,.01,.01,.01,.01,.01,.01] [150,15,15] fmin
cgrowth 10 [NAM,HAW,GUA] True 3 [0.1,0.1,0.5,0.5,5,5,.1,.1,.1,.1] [1,1,5,5,20,20,10,10,10,10] [.001,.001,.001,.001,.01,.01,.01,.01,.01,.01] [150,15,15] fmin
cgrowth 10 [NAM,HAW,GUA] True 3 [0.1,0.1,0.5,0.5,5,5,.1,.1,.1,.1] [1,1,5,5,20,20,10,10,10,10] [.001,.001,.001,.001,.01,.01,.01,.01,.01,.01] [150,15,15] fmin
cgrowth 10 [NAM,HAW,GUA] True 3 [0.1,0.1,0.5,0.5,5,5,.1,.1,.1,.1] [1,1,5,5,20,20,10,10,10,10] [.001,.001,.001,.001,.01,.01,.01,.01,.01,.01] [150,15,15] fmin
cgrowth 10 [NAM,HAW,GUA] True 3 [0.1,0.1,0.5,0.5,5,5,.1,.1,.1,.1] [1,1,5,5,20,20,10,10,10,10] [.001,.001,.001,.001,.01,.01,.01,.01,.01,.01] [150,15,15] fmin
cgrowth 10 [NAM,HAW,GUA] True 3 [0.1,0.1,0.5,0.5,5,5,.1,.1,.1,.1] [1,1,5,5,20,20,10,10,10,10] [.001,.001,.001,.001,.01,.01,.01,.01,.01,.01] [150,15,15] fmin
cgrowth 10 [NAM,GUA,HAW] True 3 [0.1,0.1,0.5,0.5,5,5,.1,.1,.1,.1] [1,1,5,5,20,20,10,10,10,10] [.001,.001,.001,.001,.01,.01,.01,.01,.01,.01] [150,15,15] fmin
cgrowth 10 [NAM,GUA,HAW] True 3 [0.1,0.1,0.5,0.5,5,5,.1,.1,.1,.1] [1,1,5,5,20,20,10,10,10,10] [.001,.001,.001,.001,.01,.01,.01,.01,.01,.01] [150,15,15] fmin
cgrowth 10 [NAM,GUA,HAW] True 3 [0.1,0.1,0.5,0.5,5,5,.1,.1,.1,.1] [1,1,5,5,20,20,10,10,10,10] [.001,.001,.001,.001,.01,.01,.01,.01,.01,.01] [150,15,15] fmin
cgrowth 10 [NAM,GUA,HAW] True 3 [0.1,0.1,0.5,0.5,5,5,.1,.1,.1,.1] [1,1,5,5,20,20,10,10,10,10] [.001,.001,.001,.001,.01,.01,.01,.01,.01,.01] [150,15,15] fmin
cgrowth 10 [NAM,GUA,HAW] True 3 [0.1,0.1,0.5,0.5,5,5,.1,.1,.1,.1] [1,1,5,5,20,20,10,10,10,10] [.001,.001,.001,.001,.01,.01,.01,.01,.01,.01] [150,15,15] fmin
cgrowth 10 [NAM,GUA,HAW] True 3 [0.1,0.1,0.5,0.5,5,5,.1,.1,.1,.1] [1,1,5,5,20,20,10,10,10,10] [.001,.001,.001,.001,.01,.01,.01,.01,.01,.01] [150,15,15] fmin
cgrowth 10 [NAM,GUA,HAW] True 3 [0.1,0.1,0.5,0.5,5,5,.1,.1,.1,.1] [1,1,5,5,20,20,10,10,10,10] [.001,.001,.001,.001,.01,.01,.01,.01,.01,.01] [150,15,15] fmin
cgrowth 10 [NAM,GUA,HAW] True 3 [0.1,0.1,0.5,0.5,5,5,.1,.1,.1,.1] [1,1,5,5,20,20,10,10,10,10] [.001,.001,.001,.001,.01,.01,.01,.01,.01,.01] [150,15,15] fmin
cgrowth 10 [NAM,GUA,HAW] True 3 [0.1,0.1,0.5,0.5,5,5,.1,.1,.1,.1] [1,1,5,5,20,20,10,10,10,10] [.001,.001,.001,.001,.01,.01,.01,.01,.01,.01] [150,15,15] fmin
cgrowth 10 [NAM,GUA,HAW] True 3 [0.1,0.1,0.5,0.5,5,5,.1,.1,.1,.1] [1,1,5,5,20,20,10,10,10,10] [.001,.001,.001,.001,.01,.01,.01,.01,.01,.01] [150,15,15] fmin
lgrowth_both 10 [NAM,HAW,GUA] True 3 [0.1,0.1,1,1,5,5,.1,.1,.1,.1,2,2] [1,1,10,10,20,20,10,10,10,10,4,4] [1e-3,1e-3,1e-3,1e-3,0.01,0.01,0.01,0.01,0.01,0.01,1,1] [150,15,15] fmin
lgrowth_both 10 [NAM,HAW,GUA] True 3 [0.1,0.1,1,1,5,5,.1,.1,.1,.1,2,2] [1,1,10,10,20,20,10,10,10,10,4,4] [1e-3,1e-3,1e-3,1e-3,0.01,0.01,0.01,0.01,0.01,0.01,1,1] [150,15,15] fmin
lgrowth_both 10 [NAM,HAW,GUA] True 3 [0.1,0.1,1,1,5,5,.1,.1,.1,.1,2,2] [1,1,10,10,20,20,10,10,10,10,4,4] [1e-3,1e-3,1e-3,1e-3,0.01,0.01,0.01,0.01,0.01,0.01,1,1] [150,15,15] fmin
lgrowth_both 10 [NAM,HAW,GUA] True 3 [0.1,0.1,1,1,5,5,.1,.1,.1,.1,2,2] [1,1,10,10,20,20,10,10,10,10,4,4] [1e-3,1e-3,1e-3,1e-3,0.01,0.01,0.01,0.01,0.01,0.01,1,1] [150,15,15] fmin
lgrowth_both 10 [NAM,HAW,GUA] True 3 [0.1,0.1,1,1,5,5,.1,.1,.1,.1,2,2] [1,1,10,10,20,20,10,10,10,10,4,4] [1e-3,1e-3,1e-3,1e-3,0.01,0.01,0.01,0.01,0.01,0.01,1,1] [150,15,15] fmin
lgrowth_both 10 [NAM,HAW,GUA] True 3 [0.1,0.1,1,1,5,5,.1,.1,.1,.1,2,2] [1,1,10,10,20,20,10,10,10,10,4,4] [1e-3,1e-3,1e-3,1e-3,0.01,0.01,0.01,0.01,0.01,0.01,1,1] [150,15,15] fmin
lgrowth_both 10 [NAM,HAW,GUA] True 3 [0.1,0.1,1,1,5,5,.1,.1,.1,.1,2,2] [1,1,10,10,20,20,10,10,10,10,4,4] [1e-3,1e-3,1e-3,1e-3,0.01,0.01,0.01,0.01,0.01,0.01,1,1] [150,15,15] fmin
lgrowth_both 10 [NAM,HAW,GUA] True 3 [0.1,0.1,1,1,5,5,.1,.1,.1,.1,2,2] [1,1,10,10,20,20,10,10,10,10,4,4] [1e-3,1e-3,1e-3,1e-3,0.01,0.01,0.01,0.01,0.01,0.01,1,1] [150,15,15] fmin
lgrowth_both 10 [NAM,HAW,GUA] True 3 [0.1,0.1,1,1,5,5,.1,.1,.1,.1,2,2] [1,1,10,10,20,20,10,10,10,10,4,4] [1e-3,1e-3,1e-3,1e-3,0.01,0.01,0.01,0.01,0.01,0.01,1,1] [150,15,15] fmin
lgrowth_both 10 [NAM,HAW,GUA] True 3 [0.1,0.1,1,1,5,5,.1,.1,.1,.1,2,2] [1,1,10,10,20,20,10,10,10,10,4,4] [1e-3,1e-3,1e-3,1e-3,0.01,0.01,0.01,0.01,0.01,0.01,1,1] [150,15,15] fmin
lgrowth_both 10 [NAM,GUA,HAW] True 3 [0.1,0.1,1,1,5,5,.1,.1,.1,.1,2,2] [1,1,10,10,20,20,10,10,10,10,4,4] [1e-3,1e-3,1e-3,1e-3,0.01,0.01,0.01,0.01,0.01,0.01,1,1] [150,15,15] fmin
lgrowth_both 10 [NAM,GUA,HAW] True 3 [0.1,0.1,1,1,5,5,.1,.1,.1,.1,2,2] [1,1,10,10,20,20,10,10,10,10,4,4] [1e-3,1e-3,1e-3,1e-3,0.01,0.01,0.01,0.01,0.01,0.01,1,1] [150,15,15] fmin
lgrowth_both 10 [NAM,GUA,HAW] True 3 [0.1,0.1,1,1,5,5,.1,.1,.1,.1,2,2] [1,1,10,10,20,20,10,10,10,10,4,4] [1e-3,1e-3,1e-3,1e-3,0.01,0.01,0.01,0.01,0.01,0.01,1,1] [150,15,15] fmin
lgrowth_both 10 [NAM,GUA,HAW] True 3 [0.1,0.1,1,1,5,5,.1,.1,.1,.1,2,2] [1,1,10,10,20,20,10,10,10,10,4,4] [1e-3,1e-3,1e-3,1e-3,0.01,0.01,0.01,0.01,0.01,0.01,1,1] [150,15,15] fmin
lgrowth_both 10 [NAM,GUA,HAW] True 3 [0.1,0.1,1,1,5,5,.1,.1,.1,.1,2,2] [1,1,10,10,20,20,10,10,10,10,4,4] [1e-3,1e-3,1e-3,1e-3,0.01,0.01,0.01,0.01,0.01,0.01,1,1] [150,15,15] fmin
lgrowth_both 10 [NAM,GUA,HAW] True 3 [0.1,0.1,1,1,5,5,.1,.1,.1,.1,2,2] [1,1,10,10,20,20,10,10,10,10,4,4] [1e-3,1e-3,1e-3,1e-3,0.01,0.01,0.01,0.01,0.01,0.01,1,1] [150,15,15] fmin
lgrowth_both 10 [NAM,GUA,HAW] True 3 [0.1,0.1,1,1,5,5,.1,.1,.1,.1,2,2] [1,1,10,10,20,20,10,10,10,10,4,4] [1e-3,1e-3,1e-3,1e-3,0.01,0.01,0.01,0.01,0.01,0.01,1,1] [150,15,15] fmin
lgrowth_both 10 [NAM,GUA,HAW] True 3 [0.1,0.1,1,1,5,5,.1,.1,.1,.1,2,2] [1,1,10,10,20,20,10,10,10,10,4,4] [1e-3,1e-3,1e-3,1e-3,0.01,0.01,0.01,0.01,0.01,0.01,1,1] [150,15,15] fmin
lgrowth_both 10 [NAM,GUA,HAW] True 3 [0.1,0.1,1,1,5,5,.1,.1,.1,.1,2,2] [1,1,10,10,20,20,10,10,10,10,4,4] [1e-3,1e-3,1e-3,1e-3,0.01,0.01,0.01,0.01,0.01,0.01,1,1] [150,15,15] fmin
lgrowth_both 10 [NAM,GUA,HAW] True 3 [0.1,0.1,1,1,5,5,.1,.1,.1,.1,2,2] [1,1,10,10,20,20,10,10,10,10,4,4] [1e-3,1e-3,1e-3,1e-3,0.01,0.01,0.01,0.01,0.01,0.01,1,1] [150,15,15] fmin
lgrowth_p3 10 [NAM,HAW,GUA] True 3 [0.1,0.1,0.5,1,5,5,.1,.1,.1,.1,2] [1,1,5,10,20,20,10,10,10,10,4] [1e-3,1e-3,1e-3,1e-3,0.01,0.01,0.01,0.01,0.01,0.01,1] [150,15,15] fmin
lgrowth_p3 10 [NAM,HAW,GUA] True 3 [0.1,0.1,0.5,1,5,5,.1,.1,.1,.1,2] [1,1,5,10,20,20,10,10,10,10,4] [1e-3,1e-3,1e-3,1e-3,0.01,0.01,0.01,0.01,0.01,0.01,1] [150,15,15] fmin
lgrowth_p3 10 [NAM,HAW,GUA] True 3 [0.1,0.1,0.5,1,5,5,.1,.1,.1,.1,2] [1,1,5,10,20,20,10,10,10,10,4] [1e-3,1e-3,1e-3,1e-3,0.01,0.01,0.01,0.01,0.01,0.01,1] [150,15,15] fmin
lgrowth_p3 10 [NAM,HAW,GUA] True 3 [0.1,0.1,0.5,1,5,5,.1,.1,.1,.1,2] [1,1,5,10,20,20,10,10,10,10,4] [1e-3,1e-3,1e-3,1e-3,0.01,0.01,0.01,0.01,0.01,0.01,1] [150,15,15] fmin
lgrowth_p3 10 [NAM,HAW,GUA] True 3 [0.1,0.1,0.5,1,5,5,.1,.1,.1,.1,2] [1,1,5,10,20,20,10,10,10,10,4] [1e-3,1e-3,1e-3,1e-3,0.01,0.01,0.01,0.01,0.01,0.01,1] [150,15,15] fmin
lgrowth_p3 10 [NAM,HAW,GUA] True 3 [0.1,0.1,0.5,1,5,5,.1,.1,.1,.1,2] [1,1,5,10,20,20,10,10,10,10,4] [1e-3,1e-3,1e-3,1e-3,0.01,0.01,0.01,0.01,0.01,0.01,1] [150,15,15] fmin
lgrowth_p3 10 [NAM,HAW,GUA] True 3 [0.1,0.1,0.5,1,5,5,.1,.1,.1,.1,2] [1,1,5,10,20,20,10,10,10,10,4] [1e-3,1e-3,1e-3,1e-3,0.01,0.01,0.01,0.01,0.01,0.01,1] [150,15,15] fmin
lgrowth_p3 10 [NAM,HAW,GUA] True 3 [0.1,0.1,0.5,1,5,5,.1,.1,.1,.1,2] [1,1,5,10,20,20,10,10,10,10,4] [1e-3,1e-3,1e-3,1e-3,0.01,0.01,0.01,0.01,0.01,0.01,1] [150,15,15] fmin
lgrowth_p3 10 [NAM,HAW,GUA] True 3 [0.1,0.1,0.5,1,5,5,.1,.1,.1,.1,2] [1,1,5,10,20,20,10,10,10,10,4] [1e-3,1e-3,1e-3,1e-3,0.01,0.01,0.01,0.01,0.01,0.01,1] [150,15,15] fmin
lgrowth_p3 10 [NAM,HAW,GUA] True 3 [0.1,0.1,0.5,1,5,5,.1,.1,.1,.1,2] [1,1,5,10,20,20,10,10,10,10,4] [1e-3,1e-3,1e-3,1e-3,0.01,0.01,0.01,0.01,0.01,0.01,1] [150,15,15] fmin
lgrowth_p3 10 [NAM,GUA,HAW] True 3 [0.1,0.1,0.5,1,5,5,.1,.1,.1,.1,2] [1,1,5,10,20,20,10,10,10,10,4] [1e-3,1e-3,1e-3,1e-3,0.01,0.01,0.01,0.01,0.01,0.01,1] [150,15,15] fmin
lgrowth_p3 10 [NAM,GUA,HAW] True 3 [0.1,0.1,0.5,1,5,5,.1,.1,.1,.1,2] [1,1,5,10,20,20,10,10,10,10,4] [1e-3,1e-3,1e-3,1e-3,0.01,0.01,0.01,0.01,0.01,0.01,1] [150,15,15] fmin
lgrowth_p3 10 [NAM,GUA,HAW] True 3 [0.1,0.1,0.5,1,5,5,.1,.1,.1,.1,2] [1,1,5,10,20,20,10,10,10,10,4] [1e-3,1e-3,1e-3,1e-3,0.01,0.01,0.01,0.01,0.01,0.01,1] [150,15,15] fmin
lgrowth_p3 10 [NAM,GUA,HAW] True 3 [0.1,0.1,0.5,1,5,5,.1,.1,.1,.1,2] [1,1,5,10,20,20,10,10,10,10,4] [1e-3,1e-3,1e-3,1e-3,0.01,0.01,0.01,0.01,0.01,0.01,1] [150,15,15] fmin
lgrowth_p3 10 [NAM,GUA,HAW] True 3 [0.1,0.1,0.5,1,5,5,.1,.1,.1,.1,2] [1,1,5,10,20,20,10,10,10,10,4] [1e-3,1e-3,1e-3,1e-3,0.01,0.01,0.01,0.01,0.01,0.01,1] [150,15,15] fmin
lgrowth_p3 10 [NAM,GUA,HAW] True 3 [0.1,0.1,0.5,1,5,5,.1,.1,.1,.1,2] [1,1,5,10,20,20,10,10,10,10,4] [1e-3,1e-3,1e-3,1e-3,0.01,0.01,0.01,0.01,0.01,0.01,1] [150,15,15] fmin
lgrowth_p3 10 [NAM,GUA,HAW] True 3 [0.1,0.1,0.5,1,5,5,.1,.1,.1,.1,2] [1,1,5,10,20,20,10,10,10,10,4] [1e-3,1e-3,1e-3,1e-3,0.01,0.01,0.01,0.01,0.01,0.01,1] [150,15,15] fmin
lgrowth_p3 10 [NAM,GUA,HAW] True 3 [0.1,0.1,0.5,1,5,5,.1,.1,.1,.1,2] [1,1,5,10,20,20,10,10,10,10,4] [1e-3,1e-3,1e-3,1e-3,0.01,0.01,0.01,0.01,0.01,0.01,1] [150,15,15] fmin
lgrowth_p3 10 [NAM,GUA,HAW] True 3 [0.1,0.1,0.5,1,5,5,.1,.1,.1,.1,2] [1,1,5,10,20,20,10,10,10,10,4] [1e-3,1e-3,1e-3,1e-3,0.01,0.01,0.01,0.01,0.01,0.01,1] [150,15,15] fmin
lgrowth_p3 10 [NAM,GUA,HAW] True 3 [0.1,0.1,0.5,1,5,5,.1,.1,.1,.1,2] [1,1,5,10,20,20,10,10,10,10,4] [1e-3,1e-3,1e-3,1e-3,0.01,0.01,0.01,0.01,0.01,0.01,1] [150,15,15] fmin
lgrowth_p2 10 [NAM,HAW,GUA] True 3 [0.1,0.1,0.5,1,5,5,.1,.1,.1,.1,2] [1,1,5,10,20,20,10,10,10,10,4] [1e-3,1e-3,1e-3,1e-3,0.01,0.01,0.01,0.01,0.01,0.01,1] [150,15,15] fmin
lgrowth_p2 10 [NAM,HAW,GUA] True 3 [0.1,0.1,0.5,1,5,5,.1,.1,.1,.1,2] [1,1,5,10,20,20,10,10,10,10,4] [1e-3,1e-3,1e-3,1e-3,0.01,0.01,0.01,0.01,0.01,0.01,1] [150,15,15] fmin
lgrowth_p2 10 [NAM,HAW,GUA] True 3 [0.1,0.1,0.5,1,5,5,.1,.1,.1,.1,2] [1,1,5,10,20,20,10,10,10,10,4] [1e-3,1e-3,1e-3,1e-3,0.01,0.01,0.01,0.01,0.01,0.01,1] [150,15,15] fmin
lgrowth_p2 10 [NAM,HAW,GUA] True 3 [0.1,0.1,0.5,1,5,5,.1,.1,.1,.1,2] [1,1,5,10,20,20,10,10,10,10,4] [1e-3,1e-3,1e-3,1e-3,0.01,0.01,0.01,0.01,0.01,0.01,1] [150,15,15] fmin
lgrowth_p2 10 [NAM,HAW,GUA] True 3 [0.1,0.1,0.5,1,5,5,.1,.1,.1,.1,2] [1,1,5,10,20,20,10,10,10,10,4] [1e-3,1e-3,1e-3,1e-3,0.01,0.01,0.01,0.01,0.01,0.01,1] [150,15,15] fmin
lgrowth_p2 10 [NAM,HAW,GUA] True 3 [0.1,0.1,0.5,1,5,5,.1,.1,.1,.1,2] [1,1,5,10,20,20,10,10,10,10,4] [1e-3,1e-3,1e-3,1e-3,0.01,0.01,0.01,0.01,0.01,0.01,1] [150,15,15] fmin
lgrowth_p2 10 [NAM,HAW,GUA] True 3 [0.1,0.1,0.5,1,5,5,.1,.1,.1,.1,2] [1,1,5,10,20,20,10,10,10,10,4] [1e-3,1e-3,1e-3,1e-3,0.01,0.01,0.01,0.01,0.01,0.01,1] [150,15,15] fmin
lgrowth_p2 10 [NAM,HAW,GUA] True 3 [0.1,0.1,0.5,1,5,5,.1,.1,.1,.1,2] [1,1,5,10,20,20,10,10,10,10,4] [1e-3,1e-3,1e-3,1e-3,0.01,0.01,0.01,0.01,0.01,0.01,1] [150,15,15] fmin
lgrowth_p2 10 [NAM,HAW,GUA] True 3 [0.1,0.1,0.5,1,5,5,.1,.1,.1,.1,2] [1,1,5,10,20,20,10,10,10,10,4] [1e-3,1e-3,1e-3,1e-3,0.01,0.01,0.01,0.01,0.01,0.01,1] [150,15,15] fmin
lgrowth_p2 10 [NAM,HAW,GUA] True 3 [0.1,0.1,0.5,1,5,5,.1,.1,.1,.1,2] [1,1,5,10,20,20,10,10,10,10,4] [1e-3,1e-3,1e-3,1e-3,0.01,0.01,0.01,0.01,0.01,0.01,1] [150,15,15] fmin
lgrowth_p2 10 [NAM,GUA,HAW] True 3 [0.1,0.1,0.5,1,5,5,.1,.1,.1,.1,2] [1,1,5,10,20,20,10,10,10,10,4] [1e-3,1e-3,1e-3,1e-3,0.01,0.01,0.01,0.01,0.01,0.01,1] [150,15,15] fmin
lgrowth_p2 10 [NAM,GUA,HAW] True 3 [0.1,0.1,0.5,1,5,5,.1,.1,.1,.1,2] [1,1,5,10,20,20,10,10,10,10,4] [1e-3,1e-3,1e-3,1e-3,0.01,0.01,0.01,0.01,0.01,0.01,1] [150,15,15] fmin
lgrowth_p2 10 [NAM,GUA,HAW] True 3 [0.1,0.1,0.5,1,5,5,.1,.1,.1,.1,2] [1,1,5,10,20,20,10,10,10,10,4] [1e-3,1e-3,1e-3,1e-3,0.01,0.01,0.01,0.01,0.01,0.01,1] [150,15,15] fmin
lgrowth_p2 10 [NAM,GUA,HAW] True 3 [0.1,0.1,0.5,1,5,5,.1,.1,.1,.1,2] [1,1,5,10,20,20,10,10,10,10,4] [1e-3,1e-3,1e-3,1e-3,0.01,0.01,0.01,0.01,0.01,0.01,1] [150,15,15] fmin
lgrowth_p2 10 [NAM,GUA,HAW] True 3 [0.1,0.1,0.5,1,5,5,.1,.1,.1,.1,2] [1,1,5,10,20,20,10,10,10,10,4] [1e-3,1e-3,1e-3,1e-3,0.01,0.01,0.01,0.01,0.01,0.01,1] [150,15,15] fmin
lgrowth_p2 10 [NAM,GUA,HAW] True 3 [0.1,0.1,0.5,1,5,5,.1,.1,.1,.1,2] [1,1,5,10,20,20,10,10,10,10,4] [1e-3,1e-3,1e-3,1e-3,0.01,0.01,0.01,0.01,0.01,0.01,1] [150,15,15] fmin
lgrowth_p2 10 [NAM,GUA,HAW] True 3 [0.1,0.1,0.5,1,5,5,.1,.1,.1,.1,2] [1,1,5,10,20,20,10,10,10,10,4] [1e-3,1e-3,1e-3,1e-3,0.01,0.01,0.01,0.01,0.01,0.01,1] [150,15,15] fmin
lgrowth_p2 10 [NAM,GUA,HAW] True 3 [0.1,0.1,0.5,1,5,5,.1,.1,.1,.1,2] [1,1,5,10,20,20,10,10,10,10,4] [1e-3,1e-3,1e-3,1e-3,0.01,0.01,0.01,0.01,0.01,0.01,1] [150,15,15] fmin
lgrowth_p2 10 [NAM,GUA,HAW] True 3 [0.1,0.1,0.5,1,5,5,.1,.1,.1,.1,2] [1,1,5,10,20,20,10,10,10,10,4] [1e-3,1e-3,1e-3,1e-3,0.01,0.01,0.01,0.01,0.01,0.01,1] [150,15,15] fmin
lgrowth_p2 10 [NAM,GUA,HAW] True 3 [0.1,0.1,0.5,1,5,5,.1,.1,.1,.1,2] [1,1,5,10,20,20,10,10,10,10,4] [1e-3,1e-3,1e-3,1e-3,0.01,0.01,0.01,0.01,0.01,0.01,1] [150,15,15] fmin
lgb_p1tb_2f 10 [NAM,HAW,GUA] True 3 [0.1,0.1,1,1,5,5,.1,.1,.1,.1,2,2] [1,1,10,10,20,20,10,10,10,10,4,4] [1e-3,1e-3,1e-3,1e-3,0.01,0.01,0.01,0.01,0.01,0.01,1,1] [150,15,15] fmin
lgb_p1tb_2f 10 [NAM,HAW,GUA] True 3 [0.1,0.1,1,1,5,5,.1,.1,.1,.1,2,2] [1,1,10,10,20,20,10,10,10,10,4,4] [1e-3,1e-3,1e-3,1e-3,0.01,0.01,0.01,0.01,0.01,0.01,1,1] [150,15,15] fmin
lgb_p1tb_2f 10 [NAM,HAW,GUA] True 3 [0.1,0.1,1,1,5,5,.1,.1,.1,.1,2,2] [1,1,10,10,20,20,10,10,10,10,4,4] [1e-3,1e-3,1e-3,1e-3,0.01,0.01,0.01,0.01,0.01,0.01,1,1] [150,15,15] fmin
lgb_p1tb_2f 10 [NAM,HAW,GUA] True 3 [0.1,0.1,1,1,5,5,.1,.1,.1,.1,2,2] [1,1,10,10,20,20,10,10,10,10,4,4] [1e-3,1e-3,1e-3,1e-3,0.01,0.01,0.01,0.01,0.01,0.01,1,1] [150,15,15] fmin
lgb_p1tb_2f 10 [NAM,HAW,GUA] True 3 [0.1,0.1,1,1,5,5,.1,.1,.1,.1,2,2] [1,1,10,10,20,20,10,10,10,10,4,4] [1e-3,1e-3,1e-3,1e-3,0.01,0.01,0.01,0.01,0.01,0.01,1,1] [150,15,15] fmin
lgb_p1tb_2f 10 [NAM,HAW,GUA] True 3 [0.1,0.1,1,1,5,5,.1,.1,.1,.1,2,2] [1,1,10,10,20,20,10,10,10,10,4,4] [1e-3,1e-3,1e-3,1e-3,0.01,0.01,0.01,0.01,0.01,0.01,1,1] [150,15,15] fmin
lgb_p1tb_2f 10 [NAM,HAW,GUA] True 3 [0.1,0.1,1,1,5,5,.1,.1,.1,.1,2,2] [1,1,10,10,20,20,10,10,10,10,4,4] [1e-3,1e-3,1e-3,1e-3,0.01,0.01,0.01,0.01,0.01,0.01,1,1] [150,15,15] fmin
lgb_p1tb_2f 10 [NAM,HAW,GUA] True 3 [0.1,0.1,1,1,5,5,.1,.1,.1,.1,2,2] [1,1,10,10,20,20,10,10,10,10,4,4] [1e-3,1e-3,1e-3,1e-3,0.01,0.01,0.01,0.01,0.01,0.01,1,1] [150,15,15] fmin
lgb_p1tb_2f 10 [NAM,HAW,GUA] True 3 [0.1,0.1,1,1,5,5,.1,.1,.1,.1,2,2] [1,1,10,10,20,20,10,10,10,10,4,4] [1e-3,1e-3,1e-3,1e-3,0.01,0.01,0.01,0.01,0.01,0.01,1,1] [150,15,15] fmin
lgb_p1tb_2f 10 [NAM,HAW,GUA] True 3 [0.1,0.1,1,1,5,5,.1,.1,.1,.1,2,2] [1,1,10,10,20,20,10,10,10,10,4,4] [1e-3,1e-3,1e-3,1e-3,0.01,0.01,0.01,0.01,0.01,0.01,1,1] [150,15,15] fmin
