founder_asym_hist_3epoch_exp_growth_p1 50 [NAM,HAW] False 2 [20.7248992,217.416326,24.2333584,208.2675669,14.8408767,0.7861078,7.3425965,7.0644239,1.4461633,0.3741733,0.0954773,0.145973] [100,1000,100,1000,100,40,40,20,20,20,20,0.5] [0.01,0.001,1e-06,0.001,1e-06,0,0,1e-05,1e-10,1e-10,1e-10,1e-05] [100,10] fmin
founder_asym_hist_3epoch_exp_growth_p1 50 [NAM,HAW] False 2 [20.7248992,217.416326,24.2333584,208.2675669,14.8408767,0.7861078,7.3425965,7.0644239,1.4461633,0.3741733,0.0954773,0.145973] [100,1000,100,1000,100,40,40,20,20,20,20,0.5] [0.01,0.001,1e-06,0.001,1e-06,0,0,1e-05,1e-10,1e-10,1e-10,1e-05] [100,10] fmin
founder_asym_hist_3epoch_exp_growth_p1 50 [NAM,HAW] False 2 [20.7248992,217.416326,24.2333584,208.2675669,14.8408767,0.7861078,7.3425965,7.0644239,1.4461633,0.3741733,0.0954773,0.145973] [100,1000,100,1000,100,40,40,20,20,20,20,0.5] [0.01,0.001,1e-06,0.001,1e-06,0,0,1e-05,1e-10,1e-10,1e-10,1e-05] [100,10] fmin
founder_asym_hist_3epoch_exp_growth_p1 50 [NAM,HAW] False 2 [20.7248992,217.416326,24.2333584,208.2675669,14.8408767,0.7861078,7.3425965,7.0644239,1.4461633,0.3741733,0.0954773,0.145973] [100,1000,100,1000,100,40,40,20,20,20,20,0.5] [0.01,0.001,1e-06,0.001,1e-06,0,0,1e-05,1e-10,1e-10,1e-10,1e-05] [100,10] fmin
founder_asym_hist_3epoch_exp_growth_p1 50 [NAM,HAW] False 2 [20.7248992,217.416326,24.2333584,208.2675669,14.8408767,0.7861078,7.3425965,7.0644239,1.4461633,0.3741733,0.0954773,0.145973] [100,1000,100,1000,100,40,40,20,20,20,20,0.5] [0.01,0.001,1e-06,0.001,1e-06,0,0,1e-05,1e-10,1e-10,1e-10,1e-05] [100,10] fmin
founder_asym_hist_3epoch_exp_growth_p1 50 [NAM,HAW] False 2 [20.7248992,217.416326,24.2333584,208.2675669,14.8408767,0.7861078,7.3425965,7.0644239,1.4461633,0.3741733,0.0954773,0.145973] [100,1000,100,1000,100,40,40,20,20,20,20,0.5] [0.01,0.001,1e-06,0.001,1e-06,0,0,1e-05,1e-10,1e-10,1e-10,1e-05] [100,10] fmin
founder_asym_hist_3epoch_exp_growth_p1 50 [NAM,HAW] False 2 [20.7248992,217.416326,24.2333584,208.2675669,14.8408767,0.7861078,7.3425965,7.0644239,1.4461633,0.3741733,0.0954773,0.145973] [100,1000,100,1000,100,40,40,20,20,20,20,0.5] [0.01,0.001,1e-06,0.001,1e-06,0,0,1e-05,1e-10,1e-10,1e-10,1e-05] [100,10] fmin
founder_asym_hist_3epoch_exp_growth_p1 50 [NAM,HAW] False 2 [20.7248992,217.416326,24.2333584,208.2675669,14.8408767,0.7861078,7.3425965,7.0644239,1.4461633,0.3741733,0.0954773,0.145973] [100,1000,100,1000,100,40,40,20,20,20,20,0.5] [0.01,0.001,1e-06,0.001,1e-06,0,0,1e-05,1e-10,1e-10,1e-10,1e-05] [100,10] fmin
founder_asym_hist_3epoch_exp_growth_p1 50 [NAM,HAW] False 2 [20.7248992,217.416326,24.2333584,208.2675669,14.8408767,0.7861078,7.3425965,7.0644239,1.4461633,0.3741733,0.0954773,0.145973] [100,1000,100,1000,100,40,40,20,20,20,20,0.5] [0.01,0.001,1e-06,0.001,1e-06,0,0,1e-05,1e-10,1e-10,1e-10,1e-05] [100,10] fmin
founder_asym_hist_3epoch_exp_growth_p1 50 [NAM,HAW] False 2 [20.7248992,217.416326,24.2333584,208.2675669,14.8408767,0.7861078,7.3425965,7.0644239,1.4461633,0.3741733,0.0954773,0.145973] [100,1000,100,1000,100,40,40,20,20,20,20,0.5] [0.01,0.001,1e-06,0.001,1e-06,0,0,1e-05,1e-10,1e-10,1e-10,1e-05] [100,10] fmin
founder_asym_hist_3epoch_exp_growth_p1 50 [NAM,HAW] False 2 [20.7248992,217.416326,24.2333584,208.2675669,14.8408767,0.7861078,7.3425965,7.0644239,1.4461633,0.3741733,0.0954773,0.145973] [100,1000,100,1000,100,40,40,20,20,20,20,0.5] [0.01,0.001,1e-06,0.001,1e-06,0,0,1e-05,1e-10,1e-10,1e-10,1e-05] [100,10] fmin
founder_asym_hist_3epoch_exp_growth_p1 50 [NAM,HAW] False 2 [20.7248992,217.416326,24.2333584,208.2675669,14.8408767,0.7861078,7.3425965,7.0644239,1.4461633,0.3741733,0.0954773,0.145973] [100,1000,100,1000,100,40,40,20,20,20,20,0.5] [0.01,0.001,1e-06,0.001,1e-06,0,0,1e-05,1e-10,1e-10,1e-10,1e-05] [100,10] fmin
founder_asym_hist_3epoch_exp_growth_p1 50 [NAM,HAW] False 2 [20.7248992,217.416326,24.2333584,208.2675669,14.8408767,0.7861078,7.3425965,7.0644239,1.4461633,0.3741733,0.0954773,0.145973] [100,1000,100,1000,100,40,40,20,20,20,20,0.5] [0.01,0.001,1e-06,0.001,1e-06,0,0,1e-05,1e-10,1e-10,1e-10,1e-05] [100,10] fmin
founder_asym_hist_3epoch_exp_growth_p1 50 [NAM,HAW] False 2 [20.7248992,217.416326,24.2333584,208.2675669,14.8408767,0.7861078,7.3425965,7.0644239,1.4461633,0.3741733,0.0954773,0.145973] [100,1000,100,1000,100,40,40,20,20,20,20,0.5] [0.01,0.001,1e-06,0.001,1e-06,0,0,1e-05,1e-10,1e-10,1e-10,1e-05] [100,10] fmin
founder_asym_hist_3epoch_exp_growth_p1 50 [NAM,HAW] False 2 [20.7248992,217.416326,24.2333584,208.2675669,14.8408767,0.7861078,7.3425965,7.0644239,1.4461633,0.3741733,0.0954773,0.145973] [100,1000,100,1000,100,40,40,20,20,20,20,0.5] [0.01,0.001,1e-06,0.001,1e-06,0,0,1e-05,1e-10,1e-10,1e-10,1e-05] [100,10] fmin
founder_asym_hist_3epoch_exp_growth_p1 50 [NAM,HAW] False 2 [20.7248992,217.416326,24.2333584,208.2675669,14.8408767,0.7861078,7.3425965,7.0644239,1.4461633,0.3741733,0.0954773,0.145973] [100,1000,100,1000,100,40,40,20,20,20,20,0.5] [0.01,0.001,1e-06,0.001,1e-06,0,0,1e-05,1e-10,1e-10,1e-10,1e-05] [100,10] fmin
founder_asym_hist_3epoch_exp_growth_p1 50 [NAM,HAW] False 2 [20.7248992,217.416326,24.2333584,208.2675669,14.8408767,0.7861078,7.3425965,7.0644239,1.4461633,0.3741733,0.0954773,0.145973] [100,1000,100,1000,100,40,40,20,20,20,20,0.5] [0.01,0.001,1e-06,0.001,1e-06,0,0,1e-05,1e-10,1e-10,1e-10,1e-05] [100,10] fmin
founder_asym_hist_3epoch_exp_growth_p1 50 [NAM,HAW] False 2 [20.7248992,217.416326,24.2333584,208.2675669,14.8408767,0.7861078,7.3425965,7.0644239,1.4461633,0.3741733,0.0954773,0.145973] [100,1000,100,1000,100,40,40,20,20,20,20,0.5] [0.01,0.001,1e-06,0.001,1e-06,0,0,1e-05,1e-10,1e-10,1e-10,1e-05] [100,10] fmin
founder_asym_hist_3epoch_exp_growth_p1 50 [NAM,HAW] False 2 [20.7248992,217.416326,24.2333584,208.2675669,14.8408767,0.7861078,7.3425965,7.0644239,1.4461633,0.3741733,0.0954773,0.145973] [100,1000,100,1000,100,40,40,20,20,20,20,0.5] [0.01,0.001,1e-06,0.001,1e-06,0,0,1e-05,1e-10,1e-10,1e-10,1e-05] [100,10] fmin
founder_asym_hist_3epoch_exp_growth_p1 50 [NAM,HAW] False 2 [20.7248992,217.416326,24.2333584,208.2675669,14.8408767,0.7861078,7.3425965,7.0644239,1.4461633,0.3741733,0.0954773,0.145973] [100,1000,100,1000,100,40,40,20,20,20,20,0.5] [0.01,0.001,1e-06,0.001,1e-06,0,0,1e-05,1e-10,1e-10,1e-10,1e-05] [100,10] fmin
founder_asym_hist_3epoch_exp_growth_p1 50 [NAM,HAW] False 2 [20.7248992,217.416326,24.2333584,208.2675669,14.8408767,0.7861078,7.3425965,7.0644239,1.4461633,0.3741733,0.0954773,0.145973] [100,1000,100,1000,100,40,40,20,20,20,20,0.5] [0.01,0.001,1e-06,0.001,1e-06,0,0,1e-05,1e-10,1e-10,1e-10,1e-05] [100,10] fmin
founder_asym_hist_3epoch_exp_growth_p1 50 [NAM,HAW] False 2 [20.7248992,217.416326,24.2333584,208.2675669,14.8408767,0.7861078,7.3425965,7.0644239,1.4461633,0.3741733,0.0954773,0.145973] [100,1000,100,1000,100,40,40,20,20,20,20,0.5] [0.01,0.001,1e-06,0.001,1e-06,0,0,1e-05,1e-10,1e-10,1e-10,1e-05] [100,10] fmin
founder_asym_hist_3epoch_exp_growth_p1 50 [NAM,HAW] False 2 [20.7248992,217.416326,24.2333584,208.2675669,14.8408767,0.7861078,7.3425965,7.0644239,1.4461633,0.3741733,0.0954773,0.145973] [100,1000,100,1000,100,40,40,20,20,20,20,0.5] [0.01,0.001,1e-06,0.001,1e-06,0,0,1e-05,1e-10,1e-10,1e-10,1e-05] [100,10] fmin
founder_asym_hist_3epoch_exp_growth_p1 50 [NAM,HAW] False 2 [20.7248992,217.416326,24.2333584,208.2675669,14.8408767,0.7861078,7.3425965,7.0644239,1.4461633,0.3741733,0.0954773,0.145973] [100,1000,100,1000,100,40,40,20,20,20,20,0.5] [0.01,0.001,1e-06,0.001,1e-06,0,0,1e-05,1e-10,1e-10,1e-10,1e-05] [100,10] fmin
founder_asym_hist_3epoch_exp_growth_p1 50 [NAM,HAW] False 2 [20.7248992,217.416326,24.2333584,208.2675669,14.8408767,0.7861078,7.3425965,7.0644239,1.4461633,0.3741733,0.0954773,0.145973] [100,1000,100,1000,100,40,40,20,20,20,20,0.5] [0.01,0.001,1e-06,0.001,1e-06,0,0,1e-05,1e-10,1e-10,1e-10,1e-05] [100,10] fmin
founder_asym_hist_3epoch_exp_growth_p1 50 [NAM,HAW] False 2 [20.7248992,217.416326,24.2333584,208.2675669,14.8408767,0.7861078,7.3425965,7.0644239,1.4461633,0.3741733,0.0954773,0.145973] [100,1000,100,1000,100,40,40,20,20,20,20,0.5] [0.01,0.001,1e-06,0.001,1e-06,0,0,1e-05,1e-10,1e-10,1e-10,1e-05] [100,10] fmin
founder_asym_hist_3epoch_exp_growth_p1 50 [NAM,HAW] False 2 [20.7248992,217.416326,24.2333584,208.2675669,14.8408767,0.7861078,7.3425965,7.0644239,1.4461633,0.3741733,0.0954773,0.145973] [100,1000,100,1000,100,40,40,20,20,20,20,0.5] [0.01,0.001,1e-06,0.001,1e-06,0,0,1e-05,1e-10,1e-10,1e-10,1e-05] [100,10] fmin
founder_asym_hist_3epoch_exp_growth_p1 50 [NAM,HAW] False 2 [20.7248992,217.416326,24.2333584,208.2675669,14.8408767,0.7861078,7.3425965,7.0644239,1.4461633,0.3741733,0.0954773,0.145973] [100,1000,100,1000,100,40,40,20,20,20,20,0.5] [0.01,0.001,1e-06,0.001,1e-06,0,0,1e-05,1e-10,1e-10,1e-10,1e-05] [100,10] fmin
founder_asym_hist_3epoch_exp_growth_p1 50 [NAM,HAW] False 2 [20.7248992,217.416326,24.2333584,208.2675669,14.8408767,0.7861078,7.3425965,7.0644239,1.4461633,0.3741733,0.0954773,0.145973] [100,1000,100,1000,100,40,40,20,20,20,20,0.5] [0.01,0.001,1e-06,0.001,1e-06,0,0,1e-05,1e-10,1e-10,1e-10,1e-05] [100,10] fmin
founder_asym_hist_3epoch_exp_growth_p1 50 [NAM,HAW] False 2 [20.7248992,217.416326,24.2333584,208.2675669,14.8408767,0.7861078,7.3425965,7.0644239,1.4461633,0.3741733,0.0954773,0.145973] [100,1000,100,1000,100,40,40,20,20,20,20,0.5] [0.01,0.001,1e-06,0.001,1e-06,0,0,1e-05,1e-10,1e-10,1e-10,1e-05] [100,10] fmin
founder_asym_hist_3epoch_exp_growth_p1 50 [NAM,HAW] False 2 [20.7248992,217.416326,24.2333584,208.2675669,14.8408767,0.7861078,7.3425965,7.0644239,1.4461633,0.3741733,0.0954773,0.145973] [100,1000,100,1000,100,40,40,20,20,20,20,0.5] [0.01,0.001,1e-06,0.001,1e-06,0,0,1e-05,1e-10,1e-10,1e-10,1e-05] [100,10] fmin
founder_asym_hist_3epoch_exp_growth_p1 50 [NAM,HAW] False 2 [20.7248992,217.416326,24.2333584,208.2675669,14.8408767,0.7861078,7.3425965,7.0644239,1.4461633,0.3741733,0.0954773,0.145973] [100,1000,100,1000,100,40,40,20,20,20,20,0.5] [0.01,0.001,1e-06,0.001,1e-06,0,0,1e-05,1e-10,1e-10,1e-10,1e-05] [100,10] fmin
founder_asym_hist_3epoch_exp_growth_p1 50 [NAM,HAW] False 2 [20.7248992,217.416326,24.2333584,208.2675669,14.8408767,0.7861078,7.3425965,7.0644239,1.4461633,0.3741733,0.0954773,0.145973] [100,1000,100,1000,100,40,40,20,20,20,20,0.5] [0.01,0.001,1e-06,0.001,1e-06,0,0,1e-05,1e-10,1e-10,1e-10,1e-05] [100,10] fmin
founder_asym_hist_3epoch_exp_growth_p1 50 [NAM,HAW] False 2 [20.7248992,217.416326,24.2333584,208.2675669,14.8408767,0.7861078,7.3425965,7.0644239,1.4461633,0.3741733,0.0954773,0.145973] [100,1000,100,1000,100,40,40,20,20,20,20,0.5] [0.01,0.001,1e-06,0.001,1e-06,0,0,1e-05,1e-10,1e-10,1e-10,1e-05] [100,10] fmin
founder_asym_hist_3epoch_exp_growth_p1 50 [NAM,HAW] False 2 [20.7248992,217.416326,24.2333584,208.2675669,14.8408767,0.7861078,7.3425965,7.0644239,1.4461633,0.3741733,0.0954773,0.145973] [100,1000,100,1000,100,40,40,20,20,20,20,0.5] [0.01,0.001,1e-06,0.001,1e-06,0,0,1e-05,1e-10,1e-10,1e-10,1e-05] [100,10] fmin
founder_asym_hist_3epoch_exp_growth_p1 50 [NAM,HAW] False 2 [20.7248992,217.416326,24.2333584,208.2675669,14.8408767,0.7861078,7.3425965,7.0644239,1.4461633,0.3741733,0.0954773,0.145973] [100,1000,100,1000,100,40,40,20,20,20,20,0.5] [0.01,0.001,1e-06,0.001,1e-06,0,0,1e-05,1e-10,1e-10,1e-10,1e-05] [100,10] fmin
founder_asym_hist_3epoch_exp_growth_p1 50 [NAM,HAW] False 2 [20.7248992,217.416326,24.2333584,208.2675669,14.8408767,0.7861078,7.3425965,7.0644239,1.4461633,0.3741733,0.0954773,0.145973] [100,1000,100,1000,100,40,40,20,20,20,20,0.5] [0.01,0.001,1e-06,0.001,1e-06,0,0,1e-05,1e-10,1e-10,1e-10,1e-05] [100,10] fmin
founder_asym_hist_3epoch_exp_growth_p1 50 [NAM,HAW] False 2 [20.7248992,217.416326,24.2333584,208.2675669,14.8408767,0.7861078,7.3425965,7.0644239,1.4461633,0.3741733,0.0954773,0.145973] [100,1000,100,1000,100,40,40,20,20,20,20,0.5] [0.01,0.001,1e-06,0.001,1e-06,0,0,1e-05,1e-10,1e-10,1e-10,1e-05] [100,10] fmin
founder_asym_hist_3epoch_exp_growth_p1 50 [NAM,HAW] False 2 [20.7248992,217.416326,24.2333584,208.2675669,14.8408767,0.7861078,7.3425965,7.0644239,1.4461633,0.3741733,0.0954773,0.145973] [100,1000,100,1000,100,40,40,20,20,20,20,0.5] [0.01,0.001,1e-06,0.001,1e-06,0,0,1e-05,1e-10,1e-10,1e-10,1e-05] [100,10] fmin
founder_asym_hist_3epoch_exp_growth_p1 50 [NAM,HAW] False 2 [20.7248992,217.416326,24.2333584,208.2675669,14.8408767,0.7861078,7.3425965,7.0644239,1.4461633,0.3741733,0.0954773,0.145973] [100,1000,100,1000,100,40,40,20,20,20,20,0.5] [0.01,0.001,1e-06,0.001,1e-06,0,0,1e-05,1e-10,1e-10,1e-10,1e-05] [100,10] fmin
founder_asym_hist_3epoch_exp_growth_p1 50 [NAM,HAW] False 2 [20.7248992,217.416326,24.2333584,208.2675669,14.8408767,0.7861078,7.3425965,7.0644239,1.4461633,0.3741733,0.0954773,0.145973] [100,1000,100,1000,100,40,40,20,20,20,20,0.5] [0.01,0.001,1e-06,0.001,1e-06,0,0,1e-05,1e-10,1e-10,1e-10,1e-05] [100,10] fmin
founder_asym_hist_3epoch_exp_growth_p1 50 [NAM,HAW] False 2 [20.7248992,217.416326,24.2333584,208.2675669,14.8408767,0.7861078,7.3425965,7.0644239,1.4461633,0.3741733,0.0954773,0.145973] [100,1000,100,1000,100,40,40,20,20,20,20,0.5] [0.01,0.001,1e-06,0.001,1e-06,0,0,1e-05,1e-10,1e-10,1e-10,1e-05] [100,10] fmin
founder_asym_hist_3epoch_exp_growth_p1 50 [NAM,HAW] False 2 [20.7248992,217.416326,24.2333584,208.2675669,14.8408767,0.7861078,7.3425965,7.0644239,1.4461633,0.3741733,0.0954773,0.145973] [100,1000,100,1000,100,40,40,20,20,20,20,0.5] [0.01,0.001,1e-06,0.001,1e-06,0,0,1e-05,1e-10,1e-10,1e-10,1e-05] [100,10] fmin
founder_asym_hist_3epoch_exp_growth_p1 50 [NAM,HAW] False 2 [20.7248992,217.416326,24.2333584,208.2675669,14.8408767,0.7861078,7.3425965,7.0644239,1.4461633,0.3741733,0.0954773,0.145973] [100,1000,100,1000,100,40,40,20,20,20,20,0.5] [0.01,0.001,1e-06,0.001,1e-06,0,0,1e-05,1e-10,1e-10,1e-10,1e-05] [100,10] fmin
founder_asym_hist_3epoch_exp_growth_p1 50 [NAM,HAW] False 2 [20.7248992,217.416326,24.2333584,208.2675669,14.8408767,0.7861078,7.3425965,7.0644239,1.4461633,0.3741733,0.0954773,0.145973] [100,1000,100,1000,100,40,40,20,20,20,20,0.5] [0.01,0.001,1e-06,0.001,1e-06,0,0,1e-05,1e-10,1e-10,1e-10,1e-05] [100,10] fmin
founder_asym_hist_3epoch_exp_growth_p1 50 [NAM,HAW] False 2 [20.7248992,217.416326,24.2333584,208.2675669,14.8408767,0.7861078,7.3425965,7.0644239,1.4461633,0.3741733,0.0954773,0.145973] [100,1000,100,1000,100,40,40,20,20,20,20,0.5] [0.01,0.001,1e-06,0.001,1e-06,0,0,1e-05,1e-10,1e-10,1e-10,1e-05] [100,10] fmin
founder_asym_hist_3epoch_exp_growth_p1 50 [NAM,HAW] False 2 [20.7248992,217.416326,24.2333584,208.2675669,14.8408767,0.7861078,7.3425965,7.0644239,1.4461633,0.3741733,0.0954773,0.145973] [100,1000,100,1000,100,40,40,20,20,20,20,0.5] [0.01,0.001,1e-06,0.001,1e-06,0,0,1e-05,1e-10,1e-10,1e-10,1e-05] [100,10] fmin
founder_asym_hist_3epoch_exp_growth_p1 50 [NAM,HAW] False 2 [20.7248992,217.416326,24.2333584,208.2675669,14.8408767,0.7861078,7.3425965,7.0644239,1.4461633,0.3741733,0.0954773,0.145973] [100,1000,100,1000,100,40,40,20,20,20,20,0.5] [0.01,0.001,1e-06,0.001,1e-06,0,0,1e-05,1e-10,1e-10,1e-10,1e-05] [100,10] fmin
founder_asym_hist_3epoch_exp_growth_p1 50 [NAM,HAW] False 2 [20.7248992,217.416326,24.2333584,208.2675669,14.8408767,0.7861078,7.3425965,7.0644239,1.4461633,0.3741733,0.0954773,0.145973] [100,1000,100,1000,100,40,40,20,20,20,20,0.5] [0.01,0.001,1e-06,0.001,1e-06,0,0,1e-05,1e-10,1e-10,1e-10,1e-05] [100,10] fmin
founder_asym_hist_3epoch_exp_growth_p1 50 [NAM,HAW] False 2 [20.7248992,217.416326,24.2333584,208.2675669,14.8408767,0.7861078,7.3425965,7.0644239,1.4461633,0.3741733,0.0954773,0.145973] [100,1000,100,1000,100,40,40,20,20,20,20,0.5] [0.01,0.001,1e-06,0.001,1e-06,0,0,1e-05,1e-10,1e-10,1e-10,1e-05] [100,10] fmin
founder_asym_hist_3epoch_exp_growth_p1 50 [NAM,HAW] False 2 [20.7248992,217.416326,24.2333584,208.2675669,14.8408767,0.7861078,7.3425965,7.0644239,1.4461633,0.3741733,0.0954773,0.145973] [100,1000,100,1000,100,40,40,20,20,20,20,0.5] [0.01,0.001,1e-06,0.001,1e-06,0,0,1e-05,1e-10,1e-10,1e-10,1e-05] [100,10] fmin
founder_asym_hist_3epoch_exp_growth_p1 50 [NAM,HAW] False 2 [20.7248992,217.416326,24.2333584,208.2675669,14.8408767,0.7861078,7.3425965,7.0644239,1.4461633,0.3741733,0.0954773,0.145973] [100,1000,100,1000,100,40,40,20,20,20,20,0.5] [0.01,0.001,1e-06,0.001,1e-06,0,0,1e-05,1e-10,1e-10,1e-10,1e-05] [100,10] fmin
founder_asym_hist_3epoch_exp_growth_p1 50 [NAM,HAW] False 2 [20.7248992,217.416326,24.2333584,208.2675669,14.8408767,0.7861078,7.3425965,7.0644239,1.4461633,0.3741733,0.0954773,0.145973] [100,1000,100,1000,100,40,40,20,20,20,20,0.5] [0.01,0.001,1e-06,0.001,1e-06,0,0,1e-05,1e-10,1e-10,1e-10,1e-05] [100,10] fmin
founder_asym_hist_3epoch_exp_growth_p1 50 [NAM,HAW] False 2 [20.7248992,217.416326,24.2333584,208.2675669,14.8408767,0.7861078,7.3425965,7.0644239,1.4461633,0.3741733,0.0954773,0.145973] [100,1000,100,1000,100,40,40,20,20,20,20,0.5] [0.01,0.001,1e-06,0.001,1e-06,0,0,1e-05,1e-10,1e-10,1e-10,1e-05] [100,10] fmin
founder_asym_hist_3epoch_exp_growth_p1 50 [NAM,HAW] False 2 [20.7248992,217.416326,24.2333584,208.2675669,14.8408767,0.7861078,7.3425965,7.0644239,1.4461633,0.3741733,0.0954773,0.145973] [100,1000,100,1000,100,40,40,20,20,20,20,0.5] [0.01,0.001,1e-06,0.001,1e-06,0,0,1e-05,1e-10,1e-10,1e-10,1e-05] [100,10] fmin
founder_asym_hist_3epoch_exp_growth_p1 50 [NAM,HAW] False 2 [20.7248992,217.416326,24.2333584,208.2675669,14.8408767,0.7861078,7.3425965,7.0644239,1.4461633,0.3741733,0.0954773,0.145973] [100,1000,100,1000,100,40,40,20,20,20,20,0.5] [0.01,0.001,1e-06,0.001,1e-06,0,0,1e-05,1e-10,1e-10,1e-10,1e-05] [100,10] fmin
founder_asym_hist_3epoch_exp_growth_p1 50 [NAM,HAW] False 2 [20.7248992,217.416326,24.2333584,208.2675669,14.8408767,0.7861078,7.3425965,7.0644239,1.4461633,0.3741733,0.0954773,0.145973] [100,1000,100,1000,100,40,40,20,20,20,20,0.5] [0.01,0.001,1e-06,0.001,1e-06,0,0,1e-05,1e-10,1e-10,1e-10,1e-05] [100,10] fmin
founder_asym_hist_3epoch_exp_growth_p1 50 [NAM,HAW] False 2 [20.7248992,217.416326,24.2333584,208.2675669,14.8408767,0.7861078,7.3425965,7.0644239,1.4461633,0.3741733,0.0954773,0.145973] [100,1000,100,1000,100,40,40,20,20,20,20,0.5] [0.01,0.001,1e-06,0.001,1e-06,0,0,1e-05,1e-10,1e-10,1e-10,1e-05] [100,10] fmin
founder_asym_hist_3epoch_exp_growth_p1 50 [NAM,HAW] False 2 [20.7248992,217.416326,24.2333584,208.2675669,14.8408767,0.7861078,7.3425965,7.0644239,1.4461633,0.3741733,0.0954773,0.145973] [100,1000,100,1000,100,40,40,20,20,20,20,0.5] [0.01,0.001,1e-06,0.001,1e-06,0,0,1e-05,1e-10,1e-10,1e-10,1e-05] [100,10] fmin
founder_asym_hist_3epoch_exp_growth_p1 50 [NAM,HAW] False 2 [20.7248992,217.416326,24.2333584,208.2675669,14.8408767,0.7861078,7.3425965,7.0644239,1.4461633,0.3741733,0.0954773,0.145973] [100,1000,100,1000,100,40,40,20,20,20,20,0.5] [0.01,0.001,1e-06,0.001,1e-06,0,0,1e-05,1e-10,1e-10,1e-10,1e-05] [100,10] fmin
