founder_asym_hist_3epoch_exp_growth_p1 30 [NAM,HAW] False 3 [5,10,1,10,0.1,0.1,0.1,1,0.1,0.1,0.1,0.01] [100,1000,100,1000,100,40,40,20,20,20,20,0.5] [0.01,0.001,1e-06,0.001,1e-06,0,0,1e-05,1e-10,1e-10,1e-10,1e-05] [100,10] fmin
founder_asym_hist_3epoch_exp_growth_p1 30 [NAM,HAW] False 3 [5,10,1,10,0.1,0.1,0.1,1,0.1,0.1,0.1,0.01] [100,1000,100,1000,100,40,40,20,20,20,20,0.5] [0.01,0.001,1e-06,0.001,1e-06,0,0,1e-05,1e-10,1e-10,1e-10,1e-05] [100,10] fmin
founder_asym_hist_3epoch_exp_growth_p1 30 [NAM,HAW] False 3 [5,10,1,10,0.1,0.1,0.1,1,0.1,0.1,0.1,0.01] [100,1000,100,1000,100,40,40,20,20,20,20,0.5] [0.01,0.001,1e-06,0.001,1e-06,0,0,1e-05,1e-10,1e-10,1e-10,1e-05] [100,10] fmin
founder_asym_hist_3epoch_exp_growth_p1 30 [NAM,HAW] False 3 [5,10,1,10,0.1,0.1,0.1,1,0.1,0.1,0.1,0.01] [100,1000,100,1000,100,40,40,20,20,20,20,0.5] [0.01,0.001,1e-06,0.001,1e-06,0,0,1e-05,1e-10,1e-10,1e-10,1e-05] [100,10] fmin
founder_asym_hist_3epoch_exp_growth_p1 30 [NAM,HAW] False 3 [5,10,1,10,0.1,0.1,0.1,1,0.1,0.1,0.1,0.01] [100,1000,100,1000,100,40,40,20,20,20,20,0.5] [0.01,0.001,1e-06,0.001,1e-06,0,0,1e-05,1e-10,1e-10,1e-10,1e-05] [100,10] fmin
founder_asym_hist_3epoch_exp_growth_p1 30 [NAM,HAW] False 3 [5,10,1,10,0.1,0.1,0.1,1,0.1,0.1,0.1,0.01] [100,1000,100,1000,100,40,40,20,20,20,20,0.5] [0.01,0.001,1e-06,0.001,1e-06,0,0,1e-05,1e-10,1e-10,1e-10,1e-05] [100,10] fmin
founder_asym_hist_3epoch_exp_growth_p1 30 [NAM,HAW] False 3 [5,10,1,10,0.1,0.1,0.1,1,0.1,0.1,0.1,0.01] [100,1000,100,1000,100,40,40,20,20,20,20,0.5] [0.01,0.001,1e-06,0.001,1e-06,0,0,1e-05,1e-10,1e-10,1e-10,1e-05] [100,10] fmin
founder_asym_hist_3epoch_exp_growth_p1 30 [NAM,HAW] False 3 [5,10,1,10,0.1,0.1,0.1,1,0.1,0.1,0.1,0.01] [100,1000,100,1000,100,40,40,20,20,20,20,0.5] [0.01,0.001,1e-06,0.001,1e-06,0,0,1e-05,1e-10,1e-10,1e-10,1e-05] [100,10] fmin
founder_asym_hist_3epoch_exp_growth_p1 30 [NAM,HAW] False 3 [5,10,1,10,0.1,0.1,0.1,1,0.1,0.1,0.1,0.01] [100,1000,100,1000,100,40,40,20,20,20,20,0.5] [0.01,0.001,1e-06,0.001,1e-06,0,0,1e-05,1e-10,1e-10,1e-10,1e-05] [100,10] fmin
founder_asym_hist_3epoch_exp_growth_p1 30 [NAM,HAW] False 3 [5,10,1,10,0.1,0.1,0.1,1,0.1,0.1,0.1,0.01] [100,1000,100,1000,100,40,40,20,20,20,20,0.5] [0.01,0.001,1e-06,0.001,1e-06,0,0,1e-05,1e-10,1e-10,1e-10,1e-05] [100,10] fmin
founder_asym_hist_3epoch_exp_growth_p1 30 [NAM,HAW] False 3 [5,10,1,10,0.1,0.1,0.1,1,0.1,0.1,0.1,0.01] [100,1000,100,1000,100,40,40,20,20,20,20,0.5] [0.01,0.001,1e-06,0.001,1e-06,0,0,1e-05,1e-10,1e-10,1e-10,1e-05] [100,10] fmin
founder_asym_hist_3epoch_exp_growth_p1 30 [NAM,HAW] False 3 [5,10,1,10,0.1,0.1,0.1,1,0.1,0.1,0.1,0.01] [100,1000,100,1000,100,40,40,20,20,20,20,0.5] [0.01,0.001,1e-06,0.001,1e-06,0,0,1e-05,1e-10,1e-10,1e-10,1e-05] [100,10] fmin
founder_asym_hist_3epoch_exp_growth_p1 30 [NAM,HAW] False 3 [5,10,1,10,0.1,0.1,0.1,1,0.1,0.1,0.1,0.01] [100,1000,100,1000,100,40,40,20,20,20,20,0.5] [0.01,0.001,1e-06,0.001,1e-06,0,0,1e-05,1e-10,1e-10,1e-10,1e-05] [100,10] fmin
founder_asym_hist_3epoch_exp_growth_p1 30 [NAM,HAW] False 3 [5,10,1,10,0.1,0.1,0.1,1,0.1,0.1,0.1,0.01] [100,1000,100,1000,100,40,40,20,20,20,20,0.5] [0.01,0.001,1e-06,0.001,1e-06,0,0,1e-05,1e-10,1e-10,1e-10,1e-05] [100,10] fmin
founder_asym_hist_3epoch_exp_growth_p1 30 [NAM,HAW] False 3 [5,10,1,10,0.1,0.1,0.1,1,0.1,0.1,0.1,0.01] [100,1000,100,1000,100,40,40,20,20,20,20,0.5] [0.01,0.001,1e-06,0.001,1e-06,0,0,1e-05,1e-10,1e-10,1e-10,1e-05] [100,10] fmin
founder_asym_hist_3epoch_exp_growth_p1 30 [NAM,HAW] False 3 [5,10,1,10,0.1,0.1,0.1,1,0.1,0.1,0.1,0.01] [100,1000,100,1000,100,40,40,20,20,20,20,0.5] [0.01,0.001,1e-06,0.001,1e-06,0,0,1e-05,1e-10,1e-10,1e-10,1e-05] [100,10] fmin
founder_asym_hist_3epoch_exp_growth_p1 30 [NAM,HAW] False 3 [5,10,1,10,0.1,0.1,0.1,1,0.1,0.1,0.1,0.01] [100,1000,100,1000,100,40,40,20,20,20,20,0.5] [0.01,0.001,1e-06,0.001,1e-06,0,0,1e-05,1e-10,1e-10,1e-10,1e-05] [100,10] fmin
founder_asym_hist_3epoch_exp_growth_p1 30 [NAM,HAW] False 3 [5,10,1,10,0.1,0.1,0.1,1,0.1,0.1,0.1,0.01] [100,1000,100,1000,100,40,40,20,20,20,20,0.5] [0.01,0.001,1e-06,0.001,1e-06,0,0,1e-05,1e-10,1e-10,1e-10,1e-05] [100,10] fmin
founder_asym_hist_3epoch_exp_growth_p1 30 [NAM,HAW] False 3 [5,10,1,10,0.1,0.1,0.1,1,0.1,0.1,0.1,0.01] [100,1000,100,1000,100,40,40,20,20,20,20,0.5] [0.01,0.001,1e-06,0.001,1e-06,0,0,1e-05,1e-10,1e-10,1e-10,1e-05] [100,10] fmin
founder_asym_hist_3epoch_exp_growth_p1 30 [NAM,HAW] False 3 [5,10,1,10,0.1,0.1,0.1,1,0.1,0.1,0.1,0.01] [100,1000,100,1000,100,40,40,20,20,20,20,0.5] [0.01,0.001,1e-06,0.001,1e-06,0,0,1e-05,1e-10,1e-10,1e-10,1e-05] [100,10] fmin
founder_asym_hist_3epoch_exp_growth_p1 30 [NAM,HAW] False 3 [5,10,1,10,0.1,0.1,0.1,1,0.1,0.1,0.1,0.01] [100,1000,100,1000,100,40,40,20,20,20,20,0.5] [0.01,0.001,1e-06,0.001,1e-06,0,0,1e-05,1e-10,1e-10,1e-10,1e-05] [100,10] fmin
founder_asym_hist_3epoch_exp_growth_p1 30 [NAM,HAW] False 3 [5,10,1,10,0.1,0.1,0.1,1,0.1,0.1,0.1,0.01] [100,1000,100,1000,100,40,40,20,20,20,20,0.5] [0.01,0.001,1e-06,0.001,1e-06,0,0,1e-05,1e-10,1e-10,1e-10,1e-05] [100,10] fmin
founder_asym_hist_3epoch_exp_growth_p1 30 [NAM,HAW] False 3 [5,10,1,10,0.1,0.1,0.1,1,0.1,0.1,0.1,0.01] [100,1000,100,1000,100,40,40,20,20,20,20,0.5] [0.01,0.001,1e-06,0.001,1e-06,0,0,1e-05,1e-10,1e-10,1e-10,1e-05] [100,10] fmin
founder_asym_hist_3epoch_exp_growth_p1 30 [NAM,HAW] False 3 [5,10,1,10,0.1,0.1,0.1,1,0.1,0.1,0.1,0.01] [100,1000,100,1000,100,40,40,20,20,20,20,0.5] [0.01,0.001,1e-06,0.001,1e-06,0,0,1e-05,1e-10,1e-10,1e-10,1e-05] [100,10] fmin
founder_asym_hist_3epoch_exp_growth_p1 30 [NAM,HAW] False 3 [5,10,1,10,0.1,0.1,0.1,1,0.1,0.1,0.1,0.01] [100,1000,100,1000,100,40,40,20,20,20,20,0.5] [0.01,0.001,1e-06,0.001,1e-06,0,0,1e-05,1e-10,1e-10,1e-10,1e-05] [100,10] fmin
founder_asym_hist_3epoch_exp_growth_p1 30 [NAM,HAW] False 3 [5,10,1,10,0.1,0.1,0.1,1,0.1,0.1,0.1,0.01] [100,1000,100,1000,100,40,40,20,20,20,20,0.5] [0.01,0.001,1e-06,0.001,1e-06,0,0,1e-05,1e-10,1e-10,1e-10,1e-05] [100,10] fmin
founder_asym_hist_3epoch_exp_growth_p1 30 [NAM,HAW] False 3 [5,10,1,10,0.1,0.1,0.1,1,0.1,0.1,0.1,0.01] [100,1000,100,1000,100,40,40,20,20,20,20,0.5] [0.01,0.001,1e-06,0.001,1e-06,0,0,1e-05,1e-10,1e-10,1e-10,1e-05] [100,10] fmin
founder_asym_hist_3epoch_exp_growth_p1 30 [NAM,HAW] False 3 [5,10,1,10,0.1,0.1,0.1,1,0.1,0.1,0.1,0.01] [100,1000,100,1000,100,40,40,20,20,20,20,0.5] [0.01,0.001,1e-06,0.001,1e-06,0,0,1e-05,1e-10,1e-10,1e-10,1e-05] [100,10] fmin
founder_asym_hist_3epoch_exp_growth_p1 30 [NAM,HAW] False 3 [5,10,1,10,0.1,0.1,0.1,1,0.1,0.1,0.1,0.01] [100,1000,100,1000,100,40,40,20,20,20,20,0.5] [0.01,0.001,1e-06,0.001,1e-06,0,0,1e-05,1e-10,1e-10,1e-10,1e-05] [100,10] fmin
founder_asym_hist_3epoch_exp_growth_p1 30 [NAM,HAW] False 3 [5,10,1,10,0.1,0.1,0.1,1,0.1,0.1,0.1,0.01] [100,1000,100,1000,100,40,40,20,20,20,20,0.5] [0.01,0.001,1e-06,0.001,1e-06,0,0,1e-05,1e-10,1e-10,1e-10,1e-05] [100,10] fmin
founder_asym_hist_3epoch_exp_growth_p1 30 [NAM,HAW] False 3 [5,10,1,10,0.1,0.1,0.1,1,0.1,0.1,0.1,0.01] [100,1000,100,1000,100,40,40,20,20,20,20,0.5] [0.01,0.001,1e-06,0.001,1e-06,0,0,1e-05,1e-10,1e-10,1e-10,1e-05] [100,10] fmin
founder_asym_hist_3epoch_exp_growth_p1 30 [NAM,HAW] False 3 [5,10,1,10,0.1,0.1,0.1,1,0.1,0.1,0.1,0.01] [100,1000,100,1000,100,40,40,20,20,20,20,0.5] [0.01,0.001,1e-06,0.001,1e-06,0,0,1e-05,1e-10,1e-10,1e-10,1e-05] [100,10] fmin
founder_asym_hist_3epoch_exp_growth_p1 30 [NAM,HAW] False 3 [5,10,1,10,0.1,0.1,0.1,1,0.1,0.1,0.1,0.01] [100,1000,100,1000,100,40,40,20,20,20,20,0.5] [0.01,0.001,1e-06,0.001,1e-06,0,0,1e-05,1e-10,1e-10,1e-10,1e-05] [100,10] fmin
founder_asym_hist_3epoch_exp_growth_p1 30 [NAM,HAW] False 3 [5,10,1,10,0.1,0.1,0.1,1,0.1,0.1,0.1,0.01] [100,1000,100,1000,100,40,40,20,20,20,20,0.5] [0.01,0.001,1e-06,0.001,1e-06,0,0,1e-05,1e-10,1e-10,1e-10,1e-05] [100,10] fmin
founder_asym_hist_3epoch_exp_growth_p1 30 [NAM,HAW] False 3 [5,10,1,10,0.1,0.1,0.1,1,0.1,0.1,0.1,0.01] [100,1000,100,1000,100,40,40,20,20,20,20,0.5] [0.01,0.001,1e-06,0.001,1e-06,0,0,1e-05,1e-10,1e-10,1e-10,1e-05] [100,10] fmin
founder_asym_hist_3epoch_exp_growth_p1 30 [NAM,HAW] False 3 [5,10,1,10,0.1,0.1,0.1,1,0.1,0.1,0.1,0.01] [100,1000,100,1000,100,40,40,20,20,20,20,0.5] [0.01,0.001,1e-06,0.001,1e-06,0,0,1e-05,1e-10,1e-10,1e-10,1e-05] [100,10] fmin
founder_asym_hist_3epoch_exp_growth_p1 30 [NAM,HAW] False 3 [5,10,1,10,0.1,0.1,0.1,1,0.1,0.1,0.1,0.01] [100,1000,100,1000,100,40,40,20,20,20,20,0.5] [0.01,0.001,1e-06,0.001,1e-06,0,0,1e-05,1e-10,1e-10,1e-10,1e-05] [100,10] fmin
founder_asym_hist_3epoch_exp_growth_p1 30 [NAM,HAW] False 3 [5,10,1,10,0.1,0.1,0.1,1,0.1,0.1,0.1,0.01] [100,1000,100,1000,100,40,40,20,20,20,20,0.5] [0.01,0.001,1e-06,0.001,1e-06,0,0,1e-05,1e-10,1e-10,1e-10,1e-05] [100,10] fmin
founder_asym_hist_3epoch_exp_growth_p1 30 [NAM,HAW] False 3 [5,10,1,10,0.1,0.1,0.1,1,0.1,0.1,0.1,0.01] [100,1000,100,1000,100,40,40,20,20,20,20,0.5] [0.01,0.001,1e-06,0.001,1e-06,0,0,1e-05,1e-10,1e-10,1e-10,1e-05] [100,10] fmin
founder_asym_hist_3epoch_exp_growth_p1 30 [NAM,HAW] False 3 [5,10,1,10,0.1,0.1,0.1,1,0.1,0.1,0.1,0.01] [100,1000,100,1000,100,40,40,20,20,20,20,0.5] [0.01,0.001,1e-06,0.001,1e-06,0,0,1e-05,1e-10,1e-10,1e-10,1e-05] [100,10] fmin
founder_asym_hist_3epoch_exp_growth_p1 30 [NAM,HAW] False 3 [5,10,1,10,0.1,0.1,0.1,1,0.1,0.1,0.1,0.01] [100,1000,100,1000,100,40,40,20,20,20,20,0.5] [0.01,0.001,1e-06,0.001,1e-06,0,0,1e-05,1e-10,1e-10,1e-10,1e-05] [100,10] fmin
founder_asym_hist_3epoch_exp_growth_p1 30 [NAM,HAW] False 3 [5,10,1,10,0.1,0.1,0.1,1,0.1,0.1,0.1,0.01] [100,1000,100,1000,100,40,40,20,20,20,20,0.5] [0.01,0.001,1e-06,0.001,1e-06,0,0,1e-05,1e-10,1e-10,1e-10,1e-05] [100,10] fmin
founder_asym_hist_3epoch_exp_growth_p1 30 [NAM,HAW] False 3 [5,10,1,10,0.1,0.1,0.1,1,0.1,0.1,0.1,0.01] [100,1000,100,1000,100,40,40,20,20,20,20,0.5] [0.01,0.001,1e-06,0.001,1e-06,0,0,1e-05,1e-10,1e-10,1e-10,1e-05] [100,10] fmin
founder_asym_hist_3epoch_exp_growth_p1 30 [NAM,HAW] False 3 [5,10,1,10,0.1,0.1,0.1,1,0.1,0.1,0.1,0.01] [100,1000,100,1000,100,40,40,20,20,20,20,0.5] [0.01,0.001,1e-06,0.001,1e-06,0,0,1e-05,1e-10,1e-10,1e-10,1e-05] [100,10] fmin
founder_asym_hist_3epoch_exp_growth_p1 30 [NAM,HAW] False 3 [5,10,1,10,0.1,0.1,0.1,1,0.1,0.1,0.1,0.01] [100,1000,100,1000,100,40,40,20,20,20,20,0.5] [0.01,0.001,1e-06,0.001,1e-06,0,0,1e-05,1e-10,1e-10,1e-10,1e-05] [100,10] fmin
founder_asym_hist_3epoch_exp_growth_p1 30 [NAM,HAW] False 3 [5,10,1,10,0.1,0.1,0.1,1,0.1,0.1,0.1,0.01] [100,1000,100,1000,100,40,40,20,20,20,20,0.5] [0.01,0.001,1e-06,0.001,1e-06,0,0,1e-05,1e-10,1e-10,1e-10,1e-05] [100,10] fmin
founder_asym_hist_3epoch_exp_growth_p1 30 [NAM,HAW] False 3 [5,10,1,10,0.1,0.1,0.1,1,0.1,0.1,0.1,0.01] [100,1000,100,1000,100,40,40,20,20,20,20,0.5] [0.01,0.001,1e-06,0.001,1e-06,0,0,1e-05,1e-10,1e-10,1e-10,1e-05] [100,10] fmin
founder_asym_hist_3epoch_exp_growth_p1 30 [NAM,HAW] False 3 [5,10,1,10,0.1,0.1,0.1,1,0.1,0.1,0.1,0.01] [100,1000,100,1000,100,40,40,20,20,20,20,0.5] [0.01,0.001,1e-06,0.001,1e-06,0,0,1e-05,1e-10,1e-10,1e-10,1e-05] [100,10] fmin
founder_asym_hist_3epoch_exp_growth_p1 30 [NAM,HAW] False 3 [5,10,1,10,0.1,0.1,0.1,1,0.1,0.1,0.1,0.01] [100,1000,100,1000,100,40,40,20,20,20,20,0.5] [0.01,0.001,1e-06,0.001,1e-06,0,0,1e-05,1e-10,1e-10,1e-10,1e-05] [100,10] fmin
founder_asym_hist_3epoch_exp_growth_p1 30 [NAM,HAW] False 3 [5,10,1,10,0.1,0.1,0.1,1,0.1,0.1,0.1,0.01] [100,1000,100,1000,100,40,40,20,20,20,20,0.5] [0.01,0.001,1e-06,0.001,1e-06,0,0,1e-05,1e-10,1e-10,1e-10,1e-05] [100,10] fmin
