founder_asym_logistic_both 50 [NAM,HAW] True 2 [12.0989661,65.6738337,13.4999004,3.2508767,2.0231405,1.3012559,4.4394892,3.3457655,0.2976415] [] [] [100,10] fmin
founder_asym_logistic_both 50 [NAM,HAW] True 2 [12.0989661,65.6738337,13.4999004,3.2508767,2.0231405,1.3012559,4.4394892,3.3457655,0.2976415] [] [] [100,10] fmin
founder_asym_logistic_both 50 [NAM,HAW] True 2 [12.0989661,65.6738337,13.4999004,3.2508767,2.0231405,1.3012559,4.4394892,3.3457655,0.2976415] [] [] [100,10] fmin
founder_asym_logistic_both 50 [NAM,HAW] True 2 [12.0989661,65.6738337,13.4999004,3.2508767,2.0231405,1.3012559,4.4394892,3.3457655,0.2976415] [] [] [100,10] fmin
founder_asym_logistic_both 50 [NAM,HAW] True 2 [12.0989661,65.6738337,13.4999004,3.2508767,2.0231405,1.3012559,4.4394892,3.3457655,0.2976415] [] [] [100,10] fmin
founder_asym_logistic_both 50 [NAM,HAW] True 2 [12.0989661,65.6738337,13.4999004,3.2508767,2.0231405,1.3012559,4.4394892,3.3457655,0.2976415] [] [] [100,10] fmin
founder_asym_logistic_both 50 [NAM,HAW] True 2 [12.0989661,65.6738337,13.4999004,3.2508767,2.0231405,1.3012559,4.4394892,3.3457655,0.2976415] [] [] [100,10] fmin
founder_asym_logistic_both 50 [NAM,HAW] True 2 [12.0989661,65.6738337,13.4999004,3.2508767,2.0231405,1.3012559,4.4394892,3.3457655,0.2976415] [] [] [100,10] fmin
founder_asym_logistic_both 50 [NAM,HAW] True 2 [12.0989661,65.6738337,13.4999004,3.2508767,2.0231405,1.3012559,4.4394892,3.3457655,0.2976415] [] [] [100,10] fmin
founder_asym_logistic_both 50 [NAM,HAW] True 2 [12.0989661,65.6738337,13.4999004,3.2508767,2.0231405,1.3012559,4.4394892,3.3457655,0.2976415] [] [] [100,10] fmin
founder_asym_logistic_both 50 [NAM,HAW] True 2 [12.0989661,65.6738337,13.4999004,3.2508767,2.0231405,1.3012559,4.4394892,3.3457655,0.2976415] [] [] [100,10] fmin
founder_asym_logistic_both 50 [NAM,HAW] True 2 [12.0989661,65.6738337,13.4999004,3.2508767,2.0231405,1.3012559,4.4394892,3.3457655,0.2976415] [] [] [100,10] fmin
founder_asym_logistic_both 50 [NAM,HAW] True 2 [12.0989661,65.6738337,13.4999004,3.2508767,2.0231405,1.3012559,4.4394892,3.3457655,0.2976415] [] [] [100,10] fmin
founder_asym_logistic_both 50 [NAM,HAW] True 2 [12.0989661,65.6738337,13.4999004,3.2508767,2.0231405,1.3012559,4.4394892,3.3457655,0.2976415] [] [] [100,10] fmin
founder_asym_logistic_both 50 [NAM,HAW] True 2 [12.0989661,65.6738337,13.4999004,3.2508767,2.0231405,1.3012559,4.4394892,3.3457655,0.2976415] [] [] [100,10] fmin
founder_asym_logistic_both 50 [NAM,HAW] True 2 [12.0989661,65.6738337,13.4999004,3.2508767,2.0231405,1.3012559,4.4394892,3.3457655,0.2976415] [] [] [100,10] fmin
founder_asym_logistic_both 50 [NAM,HAW] True 2 [12.0989661,65.6738337,13.4999004,3.2508767,2.0231405,1.3012559,4.4394892,3.3457655,0.2976415] [] [] [100,10] fmin
founder_asym_logistic_both 50 [NAM,HAW] True 2 [12.0989661,65.6738337,13.4999004,3.2508767,2.0231405,1.3012559,4.4394892,3.3457655,0.2976415] [] [] [100,10] fmin
founder_asym_logistic_both 50 [NAM,HAW] True 2 [12.0989661,65.6738337,13.4999004,3.2508767,2.0231405,1.3012559,4.4394892,3.3457655,0.2976415] [] [] [100,10] fmin
founder_asym_logistic_both 50 [NAM,HAW] True 2 [12.0989661,65.6738337,13.4999004,3.2508767,2.0231405,1.3012559,4.4394892,3.3457655,0.2976415] [] [] [100,10] fmin
founder_asym_logistic_both 50 [NAM,HAW] True 2 [12.0989661,65.6738337,13.4999004,3.2508767,2.0231405,1.3012559,4.4394892,3.3457655,0.2976415] [] [] [100,10] fmin
founder_asym_logistic_both 50 [NAM,HAW] True 2 [12.0989661,65.6738337,13.4999004,3.2508767,2.0231405,1.3012559,4.4394892,3.3457655,0.2976415] [] [] [100,10] fmin
founder_asym_logistic_both 50 [NAM,HAW] True 2 [12.0989661,65.6738337,13.4999004,3.2508767,2.0231405,1.3012559,4.4394892,3.3457655,0.2976415] [] [] [100,10] fmin
founder_asym_logistic_both 50 [NAM,HAW] True 2 [12.0989661,65.6738337,13.4999004,3.2508767,2.0231405,1.3012559,4.4394892,3.3457655,0.2976415] [] [] [100,10] fmin
founder_asym_logistic_both 50 [NAM,HAW] True 2 [12.0989661,65.6738337,13.4999004,3.2508767,2.0231405,1.3012559,4.4394892,3.3457655,0.2976415] [] [] [100,10] fmin
founder_asym_logistic_both 50 [NAM,HAW] True 2 [12.0989661,65.6738337,13.4999004,3.2508767,2.0231405,1.3012559,4.4394892,3.3457655,0.2976415] [] [] [100,10] fmin
founder_asym_logistic_both 50 [NAM,HAW] True 2 [12.0989661,65.6738337,13.4999004,3.2508767,2.0231405,1.3012559,4.4394892,3.3457655,0.2976415] [] [] [100,10] fmin
founder_asym_logistic_both 50 [NAM,HAW] True 2 [12.0989661,65.6738337,13.4999004,3.2508767,2.0231405,1.3012559,4.4394892,3.3457655,0.2976415] [] [] [100,10] fmin
founder_asym_logistic_both 50 [NAM,HAW] True 2 [12.0989661,65.6738337,13.4999004,3.2508767,2.0231405,1.3012559,4.4394892,3.3457655,0.2976415] [] [] [100,10] fmin
founder_asym_logistic_both 50 [NAM,HAW] True 2 [12.0989661,65.6738337,13.4999004,3.2508767,2.0231405,1.3012559,4.4394892,3.3457655,0.2976415] [] [] [100,10] fmin
founder_asym_logistic_both 50 [NAM,HAW] True 2 [12.0989661,65.6738337,13.4999004,3.2508767,2.0231405,1.3012559,4.4394892,3.3457655,0.2976415] [] [] [100,10] fmin
founder_asym_logistic_both 50 [NAM,HAW] True 2 [12.0989661,65.6738337,13.4999004,3.2508767,2.0231405,1.3012559,4.4394892,3.3457655,0.2976415] [] [] [100,10] fmin
founder_asym_logistic_both 50 [NAM,HAW] True 2 [12.0989661,65.6738337,13.4999004,3.2508767,2.0231405,1.3012559,4.4394892,3.3457655,0.2976415] [] [] [100,10] fmin
founder_asym_logistic_both 50 [NAM,HAW] True 2 [12.0989661,65.6738337,13.4999004,3.2508767,2.0231405,1.3012559,4.4394892,3.3457655,0.2976415] [] [] [100,10] fmin
founder_asym_logistic_both 50 [NAM,HAW] True 2 [12.0989661,65.6738337,13.4999004,3.2508767,2.0231405,1.3012559,4.4394892,3.3457655,0.2976415] [] [] [100,10] fmin
founder_asym_logistic_both 50 [NAM,HAW] True 2 [12.0989661,65.6738337,13.4999004,3.2508767,2.0231405,1.3012559,4.4394892,3.3457655,0.2976415] [] [] [100,10] fmin
founder_asym_logistic_both 50 [NAM,HAW] True 2 [12.0989661,65.6738337,13.4999004,3.2508767,2.0231405,1.3012559,4.4394892,3.3457655,0.2976415] [] [] [100,10] fmin
founder_asym_logistic_both 50 [NAM,HAW] True 2 [12.0989661,65.6738337,13.4999004,3.2508767,2.0231405,1.3012559,4.4394892,3.3457655,0.2976415] [] [] [100,10] fmin
founder_asym_logistic_both 50 [NAM,HAW] True 2 [12.0989661,65.6738337,13.4999004,3.2508767,2.0231405,1.3012559,4.4394892,3.3457655,0.2976415] [] [] [100,10] fmin
founder_asym_logistic_both 50 [NAM,HAW] True 2 [12.0989661,65.6738337,13.4999004,3.2508767,2.0231405,1.3012559,4.4394892,3.3457655,0.2976415] [] [] [100,10] fmin
founder_asym_logistic_both 50 [NAM,HAW] True 2 [12.0989661,65.6738337,13.4999004,3.2508767,2.0231405,1.3012559,4.4394892,3.3457655,0.2976415] [] [] [100,10] fmin
founder_asym_logistic_both 50 [NAM,HAW] True 2 [12.0989661,65.6738337,13.4999004,3.2508767,2.0231405,1.3012559,4.4394892,3.3457655,0.2976415] [] [] [100,10] fmin
founder_asym_logistic_both 50 [NAM,HAW] True 2 [12.0989661,65.6738337,13.4999004,3.2508767,2.0231405,1.3012559,4.4394892,3.3457655,0.2976415] [] [] [100,10] fmin
founder_asym_logistic_both 50 [NAM,HAW] True 2 [12.0989661,65.6738337,13.4999004,3.2508767,2.0231405,1.3012559,4.4394892,3.3457655,0.2976415] [] [] [100,10] fmin
founder_asym_logistic_both 50 [NAM,HAW] True 2 [12.0989661,65.6738337,13.4999004,3.2508767,2.0231405,1.3012559,4.4394892,3.3457655,0.2976415] [] [] [100,10] fmin
founder_asym_logistic_both 50 [NAM,HAW] True 2 [12.0989661,65.6738337,13.4999004,3.2508767,2.0231405,1.3012559,4.4394892,3.3457655,0.2976415] [] [] [100,10] fmin
founder_asym_logistic_both 50 [NAM,HAW] True 2 [12.0989661,65.6738337,13.4999004,3.2508767,2.0231405,1.3012559,4.4394892,3.3457655,0.2976415] [] [] [100,10] fmin
founder_asym_logistic_both 50 [NAM,HAW] True 2 [12.0989661,65.6738337,13.4999004,3.2508767,2.0231405,1.3012559,4.4394892,3.3457655,0.2976415] [] [] [100,10] fmin
founder_asym_logistic_both 50 [NAM,HAW] True 2 [12.0989661,65.6738337,13.4999004,3.2508767,2.0231405,1.3012559,4.4394892,3.3457655,0.2976415] [] [] [100,10] fmin
founder_asym_logistic_both 50 [NAM,HAW] True 2 [12.0989661,65.6738337,13.4999004,3.2508767,2.0231405,1.3012559,4.4394892,3.3457655,0.2976415] [] [] [100,10] fmin
