founder_asym_logistic_both 60 [NAM,HAW] True 2 [8.5547015,53.6186399,5.5811296,4.0448295,2.8191808,0.5025808,9.8327604,2.5896717,0.2712464] [100,100,100,6,6,40,40,20,0.5] [0.01,0.01,1e-05,0,0,0,0,1e-05,1e-05] [100,10] fmin
founder_asym_logistic_both 60 [NAM,HAW] True 2 [8.5547015,53.6186399,5.5811296,4.0448295,2.8191808,0.5025808,9.8327604,2.5896717,0.2712464] [100,100,100,6,6,40,40,20,0.5] [0.01,0.01,1e-05,0,0,0,0,1e-05,1e-05] [100,10] fmin
founder_asym_logistic_both 60 [NAM,HAW] True 2 [8.5547015,53.6186399,5.5811296,4.0448295,2.8191808,0.5025808,9.8327604,2.5896717,0.2712464] [100,100,100,6,6,40,40,20,0.5] [0.01,0.01,1e-05,0,0,0,0,1e-05,1e-05] [100,10] fmin
founder_asym_logistic_both 60 [NAM,HAW] True 2 [8.5547015,53.6186399,5.5811296,4.0448295,2.8191808,0.5025808,9.8327604,2.5896717,0.2712464] [100,100,100,6,6,40,40,20,0.5] [0.01,0.01,1e-05,0,0,0,0,1e-05,1e-05] [100,10] fmin
founder_asym_logistic_both 60 [NAM,HAW] True 2 [8.5547015,53.6186399,5.5811296,4.0448295,2.8191808,0.5025808,9.8327604,2.5896717,0.2712464] [100,100,100,6,6,40,40,20,0.5] [0.01,0.01,1e-05,0,0,0,0,1e-05,1e-05] [100,10] fmin
founder_asym_logistic_both 60 [NAM,HAW] True 2 [8.5547015,53.6186399,5.5811296,4.0448295,2.8191808,0.5025808,9.8327604,2.5896717,0.2712464] [100,100,100,6,6,40,40,20,0.5] [0.01,0.01,1e-05,0,0,0,0,1e-05,1e-05] [100,10] fmin
founder_asym_logistic_both 60 [NAM,HAW] True 2 [8.5547015,53.6186399,5.5811296,4.0448295,2.8191808,0.5025808,9.8327604,2.5896717,0.2712464] [100,100,100,6,6,40,40,20,0.5] [0.01,0.01,1e-05,0,0,0,0,1e-05,1e-05] [100,10] fmin
founder_asym_logistic_both 60 [NAM,HAW] True 2 [8.5547015,53.6186399,5.5811296,4.0448295,2.8191808,0.5025808,9.8327604,2.5896717,0.2712464] [100,100,100,6,6,40,40,20,0.5] [0.01,0.01,1e-05,0,0,0,0,1e-05,1e-05] [100,10] fmin
founder_asym_logistic_both 60 [NAM,HAW] True 2 [8.5547015,53.6186399,5.5811296,4.0448295,2.8191808,0.5025808,9.8327604,2.5896717,0.2712464] [100,100,100,6,6,40,40,20,0.5] [0.01,0.01,1e-05,0,0,0,0,1e-05,1e-05] [100,10] fmin
founder_asym_logistic_both 60 [NAM,HAW] True 2 [8.5547015,53.6186399,5.5811296,4.0448295,2.8191808,0.5025808,9.8327604,2.5896717,0.2712464] [100,100,100,6,6,40,40,20,0.5] [0.01,0.01,1e-05,0,0,0,0,1e-05,1e-05] [100,10] fmin
founder_asym_logistic_both 60 [NAM,HAW] True 2 [8.5547015,53.6186399,5.5811296,4.0448295,2.8191808,0.5025808,9.8327604,2.5896717,0.2712464] [100,100,100,6,6,40,40,20,0.5] [0.01,0.01,1e-05,0,0,0,0,1e-05,1e-05] [100,10] fmin
founder_asym_logistic_both 60 [NAM,HAW] True 2 [8.5547015,53.6186399,5.5811296,4.0448295,2.8191808,0.5025808,9.8327604,2.5896717,0.2712464] [100,100,100,6,6,40,40,20,0.5] [0.01,0.01,1e-05,0,0,0,0,1e-05,1e-05] [100,10] fmin
founder_asym_logistic_both 60 [NAM,HAW] True 2 [8.5547015,53.6186399,5.5811296,4.0448295,2.8191808,0.5025808,9.8327604,2.5896717,0.2712464] [100,100,100,6,6,40,40,20,0.5] [0.01,0.01,1e-05,0,0,0,0,1e-05,1e-05] [100,10] fmin
founder_asym_logistic_both 60 [NAM,HAW] True 2 [8.5547015,53.6186399,5.5811296,4.0448295,2.8191808,0.5025808,9.8327604,2.5896717,0.2712464] [100,100,100,6,6,40,40,20,0.5] [0.01,0.01,1e-05,0,0,0,0,1e-05,1e-05] [100,10] fmin
founder_asym_logistic_both 60 [NAM,HAW] True 2 [8.5547015,53.6186399,5.5811296,4.0448295,2.8191808,0.5025808,9.8327604,2.5896717,0.2712464] [100,100,100,6,6,40,40,20,0.5] [0.01,0.01,1e-05,0,0,0,0,1e-05,1e-05] [100,10] fmin
founder_asym_logistic_both 60 [NAM,HAW] True 2 [8.5547015,53.6186399,5.5811296,4.0448295,2.8191808,0.5025808,9.8327604,2.5896717,0.2712464] [100,100,100,6,6,40,40,20,0.5] [0.01,0.01,1e-05,0,0,0,0,1e-05,1e-05] [100,10] fmin
founder_asym_logistic_both 60 [NAM,HAW] True 2 [8.5547015,53.6186399,5.5811296,4.0448295,2.8191808,0.5025808,9.8327604,2.5896717,0.2712464] [100,100,100,6,6,40,40,20,0.5] [0.01,0.01,1e-05,0,0,0,0,1e-05,1e-05] [100,10] fmin
founder_asym_logistic_both 60 [NAM,HAW] True 2 [8.5547015,53.6186399,5.5811296,4.0448295,2.8191808,0.5025808,9.8327604,2.5896717,0.2712464] [100,100,100,6,6,40,40,20,0.5] [0.01,0.01,1e-05,0,0,0,0,1e-05,1e-05] [100,10] fmin
founder_asym_logistic_both 60 [NAM,HAW] True 2 [8.5547015,53.6186399,5.5811296,4.0448295,2.8191808,0.5025808,9.8327604,2.5896717,0.2712464] [100,100,100,6,6,40,40,20,0.5] [0.01,0.01,1e-05,0,0,0,0,1e-05,1e-05] [100,10] fmin
founder_asym_logistic_both 60 [NAM,HAW] True 2 [8.5547015,53.6186399,5.5811296,4.0448295,2.8191808,0.5025808,9.8327604,2.5896717,0.2712464] [100,100,100,6,6,40,40,20,0.5] [0.01,0.01,1e-05,0,0,0,0,1e-05,1e-05] [100,10] fmin
founder_asym_logistic_both 60 [NAM,HAW] True 2 [8.5547015,53.6186399,5.5811296,4.0448295,2.8191808,0.5025808,9.8327604,2.5896717,0.2712464] [100,100,100,6,6,40,40,20,0.5] [0.01,0.01,1e-05,0,0,0,0,1e-05,1e-05] [100,10] fmin
founder_asym_logistic_both 60 [NAM,HAW] True 2 [8.5547015,53.6186399,5.5811296,4.0448295,2.8191808,0.5025808,9.8327604,2.5896717,0.2712464] [100,100,100,6,6,40,40,20,0.5] [0.01,0.01,1e-05,0,0,0,0,1e-05,1e-05] [100,10] fmin
founder_asym_logistic_both 60 [NAM,HAW] True 2 [8.5547015,53.6186399,5.5811296,4.0448295,2.8191808,0.5025808,9.8327604,2.5896717,0.2712464] [100,100,100,6,6,40,40,20,0.5] [0.01,0.01,1e-05,0,0,0,0,1e-05,1e-05] [100,10] fmin
founder_asym_logistic_both 60 [NAM,HAW] True 2 [8.5547015,53.6186399,5.5811296,4.0448295,2.8191808,0.5025808,9.8327604,2.5896717,0.2712464] [100,100,100,6,6,40,40,20,0.5] [0.01,0.01,1e-05,0,0,0,0,1e-05,1e-05] [100,10] fmin
founder_asym_logistic_both 60 [NAM,HAW] True 2 [8.5547015,53.6186399,5.5811296,4.0448295,2.8191808,0.5025808,9.8327604,2.5896717,0.2712464] [100,100,100,6,6,40,40,20,0.5] [0.01,0.01,1e-05,0,0,0,0,1e-05,1e-05] [100,10] fmin
founder_asym_logistic_both 60 [NAM,HAW] True 2 [8.5547015,53.6186399,5.5811296,4.0448295,2.8191808,0.5025808,9.8327604,2.5896717,0.2712464] [100,100,100,6,6,40,40,20,0.5] [0.01,0.01,1e-05,0,0,0,0,1e-05,1e-05] [100,10] fmin
founder_asym_logistic_both 60 [NAM,HAW] True 2 [8.5547015,53.6186399,5.5811296,4.0448295,2.8191808,0.5025808,9.8327604,2.5896717,0.2712464] [100,100,100,6,6,40,40,20,0.5] [0.01,0.01,1e-05,0,0,0,0,1e-05,1e-05] [100,10] fmin
founder_asym_logistic_both 60 [NAM,HAW] True 2 [8.5547015,53.6186399,5.5811296,4.0448295,2.8191808,0.5025808,9.8327604,2.5896717,0.2712464] [100,100,100,6,6,40,40,20,0.5] [0.01,0.01,1e-05,0,0,0,0,1e-05,1e-05] [100,10] fmin
founder_asym_logistic_both 60 [NAM,HAW] True 2 [8.5547015,53.6186399,5.5811296,4.0448295,2.8191808,0.5025808,9.8327604,2.5896717,0.2712464] [100,100,100,6,6,40,40,20,0.5] [0.01,0.01,1e-05,0,0,0,0,1e-05,1e-05] [100,10] fmin
founder_asym_logistic_both 60 [NAM,HAW] True 2 [8.5547015,53.6186399,5.5811296,4.0448295,2.8191808,0.5025808,9.8327604,2.5896717,0.2712464] [100,100,100,6,6,40,40,20,0.5] [0.01,0.01,1e-05,0,0,0,0,1e-05,1e-05] [100,10] fmin
founder_asym_logistic_both 60 [NAM,HAW] True 2 [8.5547015,53.6186399,5.5811296,4.0448295,2.8191808,0.5025808,9.8327604,2.5896717,0.2712464] [100,100,100,6,6,40,40,20,0.5] [0.01,0.01,1e-05,0,0,0,0,1e-05,1e-05] [100,10] fmin
founder_asym_logistic_both 60 [NAM,HAW] True 2 [8.5547015,53.6186399,5.5811296,4.0448295,2.8191808,0.5025808,9.8327604,2.5896717,0.2712464] [100,100,100,6,6,40,40,20,0.5] [0.01,0.01,1e-05,0,0,0,0,1e-05,1e-05] [100,10] fmin
founder_asym_logistic_both 60 [NAM,HAW] True 2 [8.5547015,53.6186399,5.5811296,4.0448295,2.8191808,0.5025808,9.8327604,2.5896717,0.2712464] [100,100,100,6,6,40,40,20,0.5] [0.01,0.01,1e-05,0,0,0,0,1e-05,1e-05] [100,10] fmin
founder_asym_logistic_both 60 [NAM,HAW] True 2 [8.5547015,53.6186399,5.5811296,4.0448295,2.8191808,0.5025808,9.8327604,2.5896717,0.2712464] [100,100,100,6,6,40,40,20,0.5] [0.01,0.01,1e-05,0,0,0,0,1e-05,1e-05] [100,10] fmin
founder_asym_logistic_both 60 [NAM,HAW] True 2 [8.5547015,53.6186399,5.5811296,4.0448295,2.8191808,0.5025808,9.8327604,2.5896717,0.2712464] [100,100,100,6,6,40,40,20,0.5] [0.01,0.01,1e-05,0,0,0,0,1e-05,1e-05] [100,10] fmin
founder_asym_logistic_both 60 [NAM,HAW] True 2 [8.5547015,53.6186399,5.5811296,4.0448295,2.8191808,0.5025808,9.8327604,2.5896717,0.2712464] [100,100,100,6,6,40,40,20,0.5] [0.01,0.01,1e-05,0,0,0,0,1e-05,1e-05] [100,10] fmin
founder_asym_logistic_both 60 [NAM,HAW] True 2 [8.5547015,53.6186399,5.5811296,4.0448295,2.8191808,0.5025808,9.8327604,2.5896717,0.2712464] [100,100,100,6,6,40,40,20,0.5] [0.01,0.01,1e-05,0,0,0,0,1e-05,1e-05] [100,10] fmin
founder_asym_logistic_both 60 [NAM,HAW] True 2 [8.5547015,53.6186399,5.5811296,4.0448295,2.8191808,0.5025808,9.8327604,2.5896717,0.2712464] [100,100,100,6,6,40,40,20,0.5] [0.01,0.01,1e-05,0,0,0,0,1e-05,1e-05] [100,10] fmin
founder_asym_logistic_both 60 [NAM,HAW] True 2 [8.5547015,53.6186399,5.5811296,4.0448295,2.8191808,0.5025808,9.8327604,2.5896717,0.2712464] [100,100,100,6,6,40,40,20,0.5] [0.01,0.01,1e-05,0,0,0,0,1e-05,1e-05] [100,10] fmin
founder_asym_logistic_both 60 [NAM,HAW] True 2 [8.5547015,53.6186399,5.5811296,4.0448295,2.8191808,0.5025808,9.8327604,2.5896717,0.2712464] [100,100,100,6,6,40,40,20,0.5] [0.01,0.01,1e-05,0,0,0,0,1e-05,1e-05] [100,10] fmin
founder_asym_logistic_both 60 [NAM,HAW] True 2 [8.5547015,53.6186399,5.5811296,4.0448295,2.8191808,0.5025808,9.8327604,2.5896717,0.2712464] [100,100,100,6,6,40,40,20,0.5] [0.01,0.01,1e-05,0,0,0,0,1e-05,1e-05] [100,10] fmin
founder_asym_logistic_both 60 [NAM,HAW] True 2 [8.5547015,53.6186399,5.5811296,4.0448295,2.8191808,0.5025808,9.8327604,2.5896717,0.2712464] [100,100,100,6,6,40,40,20,0.5] [0.01,0.01,1e-05,0,0,0,0,1e-05,1e-05] [100,10] fmin
founder_asym_logistic_both 60 [NAM,HAW] True 2 [8.5547015,53.6186399,5.5811296,4.0448295,2.8191808,0.5025808,9.8327604,2.5896717,0.2712464] [100,100,100,6,6,40,40,20,0.5] [0.01,0.01,1e-05,0,0,0,0,1e-05,1e-05] [100,10] fmin
founder_asym_logistic_both 60 [NAM,HAW] True 2 [8.5547015,53.6186399,5.5811296,4.0448295,2.8191808,0.5025808,9.8327604,2.5896717,0.2712464] [100,100,100,6,6,40,40,20,0.5] [0.01,0.01,1e-05,0,0,0,0,1e-05,1e-05] [100,10] fmin
founder_asym_logistic_both 60 [NAM,HAW] True 2 [8.5547015,53.6186399,5.5811296,4.0448295,2.8191808,0.5025808,9.8327604,2.5896717,0.2712464] [100,100,100,6,6,40,40,20,0.5] [0.01,0.01,1e-05,0,0,0,0,1e-05,1e-05] [100,10] fmin
founder_asym_logistic_both 60 [NAM,HAW] True 2 [8.5547015,53.6186399,5.5811296,4.0448295,2.8191808,0.5025808,9.8327604,2.5896717,0.2712464] [100,100,100,6,6,40,40,20,0.5] [0.01,0.01,1e-05,0,0,0,0,1e-05,1e-05] [100,10] fmin
founder_asym_logistic_both 60 [NAM,HAW] True 2 [8.5547015,53.6186399,5.5811296,4.0448295,2.8191808,0.5025808,9.8327604,2.5896717,0.2712464] [100,100,100,6,6,40,40,20,0.5] [0.01,0.01,1e-05,0,0,0,0,1e-05,1e-05] [100,10] fmin
founder_asym_logistic_both 60 [NAM,HAW] True 2 [8.5547015,53.6186399,5.5811296,4.0448295,2.8191808,0.5025808,9.8327604,2.5896717,0.2712464] [100,100,100,6,6,40,40,20,0.5] [0.01,0.01,1e-05,0,0,0,0,1e-05,1e-05] [100,10] fmin
founder_asym_logistic_both 60 [NAM,HAW] True 2 [8.5547015,53.6186399,5.5811296,4.0448295,2.8191808,0.5025808,9.8327604,2.5896717,0.2712464] [100,100,100,6,6,40,40,20,0.5] [0.01,0.01,1e-05,0,0,0,0,1e-05,1e-05] [100,10] fmin
founder_asym_logistic_both 60 [NAM,HAW] True 2 [8.5547015,53.6186399,5.5811296,4.0448295,2.8191808,0.5025808,9.8327604,2.5896717,0.2712464] [100,100,100,6,6,40,40,20,0.5] [0.01,0.01,1e-05,0,0,0,0,1e-05,1e-05] [100,10] fmin
