vic_sec_contact_asym_mig 50 [NAM,HAW] True 2 [7.3425706,8.1353256,35.984705,0.9458416,2.2422894,0.0258927] [100,40,40,10,10,0.5] [0.01,0,0,1e-05,1e-05,1e-05] [100,10] fmin
vic_sec_contact_asym_mig 50 [NAM,HAW] True 2 [7.3425706,8.1353256,35.984705,0.9458416,2.2422894,0.0258927] [100,40,40,10,10,0.5] [0.01,0,0,1e-05,1e-05,1e-05] [100,10] fmin
vic_sec_contact_asym_mig 50 [NAM,HAW] True 2 [7.3425706,8.1353256,35.984705,0.9458416,2.2422894,0.0258927] [100,40,40,10,10,0.5] [0.01,0,0,1e-05,1e-05,1e-05] [100,10] fmin
vic_sec_contact_asym_mig 50 [NAM,HAW] True 2 [7.3425706,8.1353256,35.984705,0.9458416,2.2422894,0.0258927] [100,40,40,10,10,0.5] [0.01,0,0,1e-05,1e-05,1e-05] [100,10] fmin
vic_sec_contact_asym_mig 50 [NAM,HAW] True 2 [7.3425706,8.1353256,35.984705,0.9458416,2.2422894,0.0258927] [100,40,40,10,10,0.5] [0.01,0,0,1e-05,1e-05,1e-05] [100,10] fmin
vic_sec_contact_asym_mig 50 [NAM,HAW] True 2 [7.3425706,8.1353256,35.984705,0.9458416,2.2422894,0.0258927] [100,40,40,10,10,0.5] [0.01,0,0,1e-05,1e-05,1e-05] [100,10] fmin
vic_sec_contact_asym_mig 50 [NAM,HAW] True 2 [7.3425706,8.1353256,35.984705,0.9458416,2.2422894,0.0258927] [100,40,40,10,10,0.5] [0.01,0,0,1e-05,1e-05,1e-05] [100,10] fmin
vic_sec_contact_asym_mig 50 [NAM,HAW] True 2 [7.3425706,8.1353256,35.984705,0.9458416,2.2422894,0.0258927] [100,40,40,10,10,0.5] [0.01,0,0,1e-05,1e-05,1e-05] [100,10] fmin
vic_sec_contact_asym_mig 50 [NAM,HAW] True 2 [7.3425706,8.1353256,35.984705,0.9458416,2.2422894,0.0258927] [100,40,40,10,10,0.5] [0.01,0,0,1e-05,1e-05,1e-05] [100,10] fmin
vic_sec_contact_asym_mig 50 [NAM,HAW] True 2 [7.3425706,8.1353256,35.984705,0.9458416,2.2422894,0.0258927] [100,40,40,10,10,0.5] [0.01,0,0,1e-05,1e-05,1e-05] [100,10] fmin
vic_sec_contact_asym_mig 50 [NAM,HAW] True 2 [7.3425706,8.1353256,35.984705,0.9458416,2.2422894,0.0258927] [100,40,40,10,10,0.5] [0.01,0,0,1e-05,1e-05,1e-05] [100,10] fmin
vic_sec_contact_asym_mig 50 [NAM,HAW] True 2 [7.3425706,8.1353256,35.984705,0.9458416,2.2422894,0.0258927] [100,40,40,10,10,0.5] [0.01,0,0,1e-05,1e-05,1e-05] [100,10] fmin
vic_sec_contact_asym_mig 50 [NAM,HAW] True 2 [7.3425706,8.1353256,35.984705,0.9458416,2.2422894,0.0258927] [100,40,40,10,10,0.5] [0.01,0,0,1e-05,1e-05,1e-05] [100,10] fmin
vic_sec_contact_asym_mig 50 [NAM,HAW] True 2 [7.3425706,8.1353256,35.984705,0.9458416,2.2422894,0.0258927] [100,40,40,10,10,0.5] [0.01,0,0,1e-05,1e-05,1e-05] [100,10] fmin
vic_sec_contact_asym_mig 50 [NAM,HAW] True 2 [7.3425706,8.1353256,35.984705,0.9458416,2.2422894,0.0258927] [100,40,40,10,10,0.5] [0.01,0,0,1e-05,1e-05,1e-05] [100,10] fmin
vic_sec_contact_asym_mig 50 [NAM,HAW] True 2 [7.3425706,8.1353256,35.984705,0.9458416,2.2422894,0.0258927] [100,40,40,10,10,0.5] [0.01,0,0,1e-05,1e-05,1e-05] [100,10] fmin
vic_sec_contact_asym_mig 50 [NAM,HAW] True 2 [7.3425706,8.1353256,35.984705,0.9458416,2.2422894,0.0258927] [100,40,40,10,10,0.5] [0.01,0,0,1e-05,1e-05,1e-05] [100,10] fmin
vic_sec_contact_asym_mig 50 [NAM,HAW] True 2 [7.3425706,8.1353256,35.984705,0.9458416,2.2422894,0.0258927] [100,40,40,10,10,0.5] [0.01,0,0,1e-05,1e-05,1e-05] [100,10] fmin
vic_sec_contact_asym_mig 50 [NAM,HAW] True 2 [7.3425706,8.1353256,35.984705,0.9458416,2.2422894,0.0258927] [100,40,40,10,10,0.5] [0.01,0,0,1e-05,1e-05,1e-05] [100,10] fmin
vic_sec_contact_asym_mig 50 [NAM,HAW] True 2 [7.3425706,8.1353256,35.984705,0.9458416,2.2422894,0.0258927] [100,40,40,10,10,0.5] [0.01,0,0,1e-05,1e-05,1e-05] [100,10] fmin
vic_sec_contact_asym_mig 50 [NAM,HAW] True 2 [7.3425706,8.1353256,35.984705,0.9458416,2.2422894,0.0258927] [100,40,40,10,10,0.5] [0.01,0,0,1e-05,1e-05,1e-05] [100,10] fmin
vic_sec_contact_asym_mig 50 [NAM,HAW] True 2 [7.3425706,8.1353256,35.984705,0.9458416,2.2422894,0.0258927] [100,40,40,10,10,0.5] [0.01,0,0,1e-05,1e-05,1e-05] [100,10] fmin
vic_sec_contact_asym_mig 50 [NAM,HAW] True 2 [7.3425706,8.1353256,35.984705,0.9458416,2.2422894,0.0258927] [100,40,40,10,10,0.5] [0.01,0,0,1e-05,1e-05,1e-05] [100,10] fmin
vic_sec_contact_asym_mig 50 [NAM,HAW] True 2 [7.3425706,8.1353256,35.984705,0.9458416,2.2422894,0.0258927] [100,40,40,10,10,0.5] [0.01,0,0,1e-05,1e-05,1e-05] [100,10] fmin
vic_sec_contact_asym_mig 50 [NAM,HAW] True 2 [7.3425706,8.1353256,35.984705,0.9458416,2.2422894,0.0258927] [100,40,40,10,10,0.5] [0.01,0,0,1e-05,1e-05,1e-05] [100,10] fmin
vic_sec_contact_asym_mig 50 [NAM,HAW] True 2 [7.3425706,8.1353256,35.984705,0.9458416,2.2422894,0.0258927] [100,40,40,10,10,0.5] [0.01,0,0,1e-05,1e-05,1e-05] [100,10] fmin
vic_sec_contact_asym_mig 50 [NAM,HAW] True 2 [7.3425706,8.1353256,35.984705,0.9458416,2.2422894,0.0258927] [100,40,40,10,10,0.5] [0.01,0,0,1e-05,1e-05,1e-05] [100,10] fmin
vic_sec_contact_asym_mig 50 [NAM,HAW] True 2 [7.3425706,8.1353256,35.984705,0.9458416,2.2422894,0.0258927] [100,40,40,10,10,0.5] [0.01,0,0,1e-05,1e-05,1e-05] [100,10] fmin
vic_sec_contact_asym_mig 50 [NAM,HAW] True 2 [7.3425706,8.1353256,35.984705,0.9458416,2.2422894,0.0258927] [100,40,40,10,10,0.5] [0.01,0,0,1e-05,1e-05,1e-05] [100,10] fmin
vic_sec_contact_asym_mig 50 [NAM,HAW] True 2 [7.3425706,8.1353256,35.984705,0.9458416,2.2422894,0.0258927] [100,40,40,10,10,0.5] [0.01,0,0,1e-05,1e-05,1e-05] [100,10] fmin
vic_sec_contact_asym_mig 50 [NAM,HAW] True 2 [7.3425706,8.1353256,35.984705,0.9458416,2.2422894,0.0258927] [100,40,40,10,10,0.5] [0.01,0,0,1e-05,1e-05,1e-05] [100,10] fmin
vic_sec_contact_asym_mig 50 [NAM,HAW] True 2 [7.3425706,8.1353256,35.984705,0.9458416,2.2422894,0.0258927] [100,40,40,10,10,0.5] [0.01,0,0,1e-05,1e-05,1e-05] [100,10] fmin
vic_sec_contact_asym_mig 50 [NAM,HAW] True 2 [7.3425706,8.1353256,35.984705,0.9458416,2.2422894,0.0258927] [100,40,40,10,10,0.5] [0.01,0,0,1e-05,1e-05,1e-05] [100,10] fmin
vic_sec_contact_asym_mig 50 [NAM,HAW] True 2 [7.3425706,8.1353256,35.984705,0.9458416,2.2422894,0.0258927] [100,40,40,10,10,0.5] [0.01,0,0,1e-05,1e-05,1e-05] [100,10] fmin
vic_sec_contact_asym_mig 50 [NAM,HAW] True 2 [7.3425706,8.1353256,35.984705,0.9458416,2.2422894,0.0258927] [100,40,40,10,10,0.5] [0.01,0,0,1e-05,1e-05,1e-05] [100,10] fmin
vic_sec_contact_asym_mig 50 [NAM,HAW] True 2 [7.3425706,8.1353256,35.984705,0.9458416,2.2422894,0.0258927] [100,40,40,10,10,0.5] [0.01,0,0,1e-05,1e-05,1e-05] [100,10] fmin
vic_sec_contact_asym_mig 50 [NAM,HAW] True 2 [7.3425706,8.1353256,35.984705,0.9458416,2.2422894,0.0258927] [100,40,40,10,10,0.5] [0.01,0,0,1e-05,1e-05,1e-05] [100,10] fmin
vic_sec_contact_asym_mig 50 [NAM,HAW] True 2 [7.3425706,8.1353256,35.984705,0.9458416,2.2422894,0.0258927] [100,40,40,10,10,0.5] [0.01,0,0,1e-05,1e-05,1e-05] [100,10] fmin
vic_sec_contact_asym_mig 50 [NAM,HAW] True 2 [7.3425706,8.1353256,35.984705,0.9458416,2.2422894,0.0258927] [100,40,40,10,10,0.5] [0.01,0,0,1e-05,1e-05,1e-05] [100,10] fmin
vic_sec_contact_asym_mig 50 [NAM,HAW] True 2 [7.3425706,8.1353256,35.984705,0.9458416,2.2422894,0.0258927] [100,40,40,10,10,0.5] [0.01,0,0,1e-05,1e-05,1e-05] [100,10] fmin
vic_sec_contact_asym_mig 50 [NAM,HAW] True 2 [7.3425706,8.1353256,35.984705,0.9458416,2.2422894,0.0258927] [100,40,40,10,10,0.5] [0.01,0,0,1e-05,1e-05,1e-05] [100,10] fmin
vic_sec_contact_asym_mig 50 [NAM,HAW] True 2 [7.3425706,8.1353256,35.984705,0.9458416,2.2422894,0.0258927] [100,40,40,10,10,0.5] [0.01,0,0,1e-05,1e-05,1e-05] [100,10] fmin
vic_sec_contact_asym_mig 50 [NAM,HAW] True 2 [7.3425706,8.1353256,35.984705,0.9458416,2.2422894,0.0258927] [100,40,40,10,10,0.5] [0.01,0,0,1e-05,1e-05,1e-05] [100,10] fmin
vic_sec_contact_asym_mig 50 [NAM,HAW] True 2 [7.3425706,8.1353256,35.984705,0.9458416,2.2422894,0.0258927] [100,40,40,10,10,0.5] [0.01,0,0,1e-05,1e-05,1e-05] [100,10] fmin
vic_sec_contact_asym_mig 50 [NAM,HAW] True 2 [7.3425706,8.1353256,35.984705,0.9458416,2.2422894,0.0258927] [100,40,40,10,10,0.5] [0.01,0,0,1e-05,1e-05,1e-05] [100,10] fmin
vic_sec_contact_asym_mig 50 [NAM,HAW] True 2 [7.3425706,8.1353256,35.984705,0.9458416,2.2422894,0.0258927] [100,40,40,10,10,0.5] [0.01,0,0,1e-05,1e-05,1e-05] [100,10] fmin
vic_sec_contact_asym_mig 50 [NAM,HAW] True 2 [7.3425706,8.1353256,35.984705,0.9458416,2.2422894,0.0258927] [100,40,40,10,10,0.5] [0.01,0,0,1e-05,1e-05,1e-05] [100,10] fmin
vic_sec_contact_asym_mig 50 [NAM,HAW] True 2 [7.3425706,8.1353256,35.984705,0.9458416,2.2422894,0.0258927] [100,40,40,10,10,0.5] [0.01,0,0,1e-05,1e-05,1e-05] [100,10] fmin
vic_sec_contact_asym_mig 50 [NAM,HAW] True 2 [7.3425706,8.1353256,35.984705,0.9458416,2.2422894,0.0258927] [100,40,40,10,10,0.5] [0.01,0,0,1e-05,1e-05,1e-05] [100,10] fmin
vic_sec_contact_asym_mig 50 [NAM,HAW] True 2 [7.3425706,8.1353256,35.984705,0.9458416,2.2422894,0.0258927] [100,40,40,10,10,0.5] [0.01,0,0,1e-05,1e-05,1e-05] [100,10] fmin
vic_sec_contact_asym_mig 50 [NAM,HAW] True 2 [7.3425706,8.1353256,35.984705,0.9458416,2.2422894,0.0258927] [100,40,40,10,10,0.5] [0.01,0,0,1e-05,1e-05,1e-05] [100,10] fmin
vic_sec_contact_asym_mig 50 [NAM,HAW] True 2 [7.3425706,8.1353256,35.984705,0.9458416,2.2422894,0.0258927] [100,40,40,10,10,0.5] [0.01,0,0,1e-05,1e-05,1e-05] [100,10] fmin
vic_sec_contact_asym_mig 50 [NAM,HAW] True 2 [7.3425706,8.1353256,35.984705,0.9458416,2.2422894,0.0258927] [100,40,40,10,10,0.5] [0.01,0,0,1e-05,1e-05,1e-05] [100,10] fmin
vic_sec_contact_asym_mig 50 [NAM,HAW] True 2 [7.3425706,8.1353256,35.984705,0.9458416,2.2422894,0.0258927] [100,40,40,10,10,0.5] [0.01,0,0,1e-05,1e-05,1e-05] [100,10] fmin
vic_sec_contact_asym_mig 50 [NAM,HAW] True 2 [7.3425706,8.1353256,35.984705,0.9458416,2.2422894,0.0258927] [100,40,40,10,10,0.5] [0.01,0,0,1e-05,1e-05,1e-05] [100,10] fmin
vic_sec_contact_asym_mig 50 [NAM,HAW] True 2 [7.3425706,8.1353256,35.984705,0.9458416,2.2422894,0.0258927] [100,40,40,10,10,0.5] [0.01,0,0,1e-05,1e-05,1e-05] [100,10] fmin
vic_sec_contact_asym_mig 50 [NAM,HAW] True 2 [7.3425706,8.1353256,35.984705,0.9458416,2.2422894,0.0258927] [100,40,40,10,10,0.5] [0.01,0,0,1e-05,1e-05,1e-05] [100,10] fmin
vic_sec_contact_asym_mig 50 [NAM,HAW] True 2 [7.3425706,8.1353256,35.984705,0.9458416,2.2422894,0.0258927] [100,40,40,10,10,0.5] [0.01,0,0,1e-05,1e-05,1e-05] [100,10] fmin
vic_sec_contact_asym_mig 50 [NAM,HAW] True 2 [7.3425706,8.1353256,35.984705,0.9458416,2.2422894,0.0258927] [100,40,40,10,10,0.5] [0.01,0,0,1e-05,1e-05,1e-05] [100,10] fmin
vic_sec_contact_asym_mig 50 [NAM,HAW] True 2 [7.3425706,8.1353256,35.984705,0.9458416,2.2422894,0.0258927] [100,40,40,10,10,0.5] [0.01,0,0,1e-05,1e-05,1e-05] [100,10] fmin
founder_asym_logistic_pop_1 50 [NAM,HAW] True 2 [4.6223763,69.0814158,2.81534,0.6920943,15.7015386,1.3476598,0.1220652] [100,100,6,40,40,20,0.5] [0.01,0.01,0,0,0,1e-05,1e-05] [100,10] fmin
founder_asym_logistic_pop_1 50 [NAM,HAW] True 2 [4.6223763,69.0814158,2.81534,0.6920943,15.7015386,1.3476598,0.1220652] [100,100,6,40,40,20,0.5] [0.01,0.01,0,0,0,1e-05,1e-05] [100,10] fmin
founder_asym_logistic_pop_1 50 [NAM,HAW] True 2 [4.6223763,69.0814158,2.81534,0.6920943,15.7015386,1.3476598,0.1220652] [100,100,6,40,40,20,0.5] [0.01,0.01,0,0,0,1e-05,1e-05] [100,10] fmin
founder_asym_logistic_pop_1 50 [NAM,HAW] True 2 [4.6223763,69.0814158,2.81534,0.6920943,15.7015386,1.3476598,0.1220652] [100,100,6,40,40,20,0.5] [0.01,0.01,0,0,0,1e-05,1e-05] [100,10] fmin
founder_asym_logistic_pop_1 50 [NAM,HAW] True 2 [4.6223763,69.0814158,2.81534,0.6920943,15.7015386,1.3476598,0.1220652] [100,100,6,40,40,20,0.5] [0.01,0.01,0,0,0,1e-05,1e-05] [100,10] fmin
founder_asym_logistic_pop_1 50 [NAM,HAW] True 2 [4.6223763,69.0814158,2.81534,0.6920943,15.7015386,1.3476598,0.1220652] [100,100,6,40,40,20,0.5] [0.01,0.01,0,0,0,1e-05,1e-05] [100,10] fmin
founder_asym_logistic_pop_1 50 [NAM,HAW] True 2 [4.6223763,69.0814158,2.81534,0.6920943,15.7015386,1.3476598,0.1220652] [100,100,6,40,40,20,0.5] [0.01,0.01,0,0,0,1e-05,1e-05] [100,10] fmin
founder_asym_logistic_pop_1 50 [NAM,HAW] True 2 [4.6223763,69.0814158,2.81534,0.6920943,15.7015386,1.3476598,0.1220652] [100,100,6,40,40,20,0.5] [0.01,0.01,0,0,0,1e-05,1e-05] [100,10] fmin
founder_asym_logistic_pop_1 50 [NAM,HAW] True 2 [4.6223763,69.0814158,2.81534,0.6920943,15.7015386,1.3476598,0.1220652] [100,100,6,40,40,20,0.5] [0.01,0.01,0,0,0,1e-05,1e-05] [100,10] fmin
founder_asym_logistic_pop_1 50 [NAM,HAW] True 2 [4.6223763,69.0814158,2.81534,0.6920943,15.7015386,1.3476598,0.1220652] [100,100,6,40,40,20,0.5] [0.01,0.01,0,0,0,1e-05,1e-05] [100,10] fmin
founder_asym_logistic_pop_1 50 [NAM,HAW] True 2 [4.6223763,69.0814158,2.81534,0.6920943,15.7015386,1.3476598,0.1220652] [100,100,6,40,40,20,0.5] [0.01,0.01,0,0,0,1e-05,1e-05] [100,10] fmin
founder_asym_logistic_pop_1 50 [NAM,HAW] True 2 [4.6223763,69.0814158,2.81534,0.6920943,15.7015386,1.3476598,0.1220652] [100,100,6,40,40,20,0.5] [0.01,0.01,0,0,0,1e-05,1e-05] [100,10] fmin
founder_asym_logistic_pop_1 50 [NAM,HAW] True 2 [4.6223763,69.0814158,2.81534,0.6920943,15.7015386,1.3476598,0.1220652] [100,100,6,40,40,20,0.5] [0.01,0.01,0,0,0,1e-05,1e-05] [100,10] fmin
founder_asym_logistic_pop_1 50 [NAM,HAW] True 2 [4.6223763,69.0814158,2.81534,0.6920943,15.7015386,1.3476598,0.1220652] [100,100,6,40,40,20,0.5] [0.01,0.01,0,0,0,1e-05,1e-05] [100,10] fmin
founder_asym_logistic_pop_1 50 [NAM,HAW] True 2 [4.6223763,69.0814158,2.81534,0.6920943,15.7015386,1.3476598,0.1220652] [100,100,6,40,40,20,0.5] [0.01,0.01,0,0,0,1e-05,1e-05] [100,10] fmin
founder_asym_logistic_pop_1 50 [NAM,HAW] True 2 [4.6223763,69.0814158,2.81534,0.6920943,15.7015386,1.3476598,0.1220652] [100,100,6,40,40,20,0.5] [0.01,0.01,0,0,0,1e-05,1e-05] [100,10] fmin
founder_asym_logistic_pop_1 50 [NAM,HAW] True 2 [4.6223763,69.0814158,2.81534,0.6920943,15.7015386,1.3476598,0.1220652] [100,100,6,40,40,20,0.5] [0.01,0.01,0,0,0,1e-05,1e-05] [100,10] fmin
founder_asym_logistic_pop_1 50 [NAM,HAW] True 2 [4.6223763,69.0814158,2.81534,0.6920943,15.7015386,1.3476598,0.1220652] [100,100,6,40,40,20,0.5] [0.01,0.01,0,0,0,1e-05,1e-05] [100,10] fmin
founder_asym_logistic_pop_1 50 [NAM,HAW] True 2 [4.6223763,69.0814158,2.81534,0.6920943,15.7015386,1.3476598,0.1220652] [100,100,6,40,40,20,0.5] [0.01,0.01,0,0,0,1e-05,1e-05] [100,10] fmin
founder_asym_logistic_pop_1 50 [NAM,HAW] True 2 [4.6223763,69.0814158,2.81534,0.6920943,15.7015386,1.3476598,0.1220652] [100,100,6,40,40,20,0.5] [0.01,0.01,0,0,0,1e-05,1e-05] [100,10] fmin
founder_asym_logistic_pop_1 50 [NAM,HAW] True 2 [4.6223763,69.0814158,2.81534,0.6920943,15.7015386,1.3476598,0.1220652] [100,100,6,40,40,20,0.5] [0.01,0.01,0,0,0,1e-05,1e-05] [100,10] fmin
founder_asym_logistic_pop_1 50 [NAM,HAW] True 2 [4.6223763,69.0814158,2.81534,0.6920943,15.7015386,1.3476598,0.1220652] [100,100,6,40,40,20,0.5] [0.01,0.01,0,0,0,1e-05,1e-05] [100,10] fmin
founder_asym_logistic_pop_1 50 [NAM,HAW] True 2 [4.6223763,69.0814158,2.81534,0.6920943,15.7015386,1.3476598,0.1220652] [100,100,6,40,40,20,0.5] [0.01,0.01,0,0,0,1e-05,1e-05] [100,10] fmin
founder_asym_logistic_pop_1 50 [NAM,HAW] True 2 [4.6223763,69.0814158,2.81534,0.6920943,15.7015386,1.3476598,0.1220652] [100,100,6,40,40,20,0.5] [0.01,0.01,0,0,0,1e-05,1e-05] [100,10] fmin
founder_asym_logistic_pop_1 50 [NAM,HAW] True 2 [4.6223763,69.0814158,2.81534,0.6920943,15.7015386,1.3476598,0.1220652] [100,100,6,40,40,20,0.5] [0.01,0.01,0,0,0,1e-05,1e-05] [100,10] fmin
founder_asym_logistic_pop_1 50 [NAM,HAW] True 2 [4.6223763,69.0814158,2.81534,0.6920943,15.7015386,1.3476598,0.1220652] [100,100,6,40,40,20,0.5] [0.01,0.01,0,0,0,1e-05,1e-05] [100,10] fmin
founder_asym_logistic_pop_1 50 [NAM,HAW] True 2 [4.6223763,69.0814158,2.81534,0.6920943,15.7015386,1.3476598,0.1220652] [100,100,6,40,40,20,0.5] [0.01,0.01,0,0,0,1e-05,1e-05] [100,10] fmin
founder_asym_logistic_pop_1 50 [NAM,HAW] True 2 [4.6223763,69.0814158,2.81534,0.6920943,15.7015386,1.3476598,0.1220652] [100,100,6,40,40,20,0.5] [0.01,0.01,0,0,0,1e-05,1e-05] [100,10] fmin
founder_asym_logistic_pop_1 50 [NAM,HAW] True 2 [4.6223763,69.0814158,2.81534,0.6920943,15.7015386,1.3476598,0.1220652] [100,100,6,40,40,20,0.5] [0.01,0.01,0,0,0,1e-05,1e-05] [100,10] fmin
founder_asym_logistic_pop_1 50 [NAM,HAW] True 2 [4.6223763,69.0814158,2.81534,0.6920943,15.7015386,1.3476598,0.1220652] [100,100,6,40,40,20,0.5] [0.01,0.01,0,0,0,1e-05,1e-05] [100,10] fmin
founder_asym_logistic_pop_1 50 [NAM,HAW] True 2 [4.6223763,69.0814158,2.81534,0.6920943,15.7015386,1.3476598,0.1220652] [100,100,6,40,40,20,0.5] [0.01,0.01,0,0,0,1e-05,1e-05] [100,10] fmin
founder_asym_logistic_pop_1 50 [NAM,HAW] True 2 [4.6223763,69.0814158,2.81534,0.6920943,15.7015386,1.3476598,0.1220652] [100,100,6,40,40,20,0.5] [0.01,0.01,0,0,0,1e-05,1e-05] [100,10] fmin
founder_asym_logistic_pop_1 50 [NAM,HAW] True 2 [4.6223763,69.0814158,2.81534,0.6920943,15.7015386,1.3476598,0.1220652] [100,100,6,40,40,20,0.5] [0.01,0.01,0,0,0,1e-05,1e-05] [100,10] fmin
founder_asym_logistic_pop_1 50 [NAM,HAW] True 2 [4.6223763,69.0814158,2.81534,0.6920943,15.7015386,1.3476598,0.1220652] [100,100,6,40,40,20,0.5] [0.01,0.01,0,0,0,1e-05,1e-05] [100,10] fmin
founder_asym_logistic_pop_1 50 [NAM,HAW] True 2 [4.6223763,69.0814158,2.81534,0.6920943,15.7015386,1.3476598,0.1220652] [100,100,6,40,40,20,0.5] [0.01,0.01,0,0,0,1e-05,1e-05] [100,10] fmin
founder_asym_logistic_pop_1 50 [NAM,HAW] True 2 [4.6223763,69.0814158,2.81534,0.6920943,15.7015386,1.3476598,0.1220652] [100,100,6,40,40,20,0.5] [0.01,0.01,0,0,0,1e-05,1e-05] [100,10] fmin
founder_asym_logistic_pop_1 50 [NAM,HAW] True 2 [4.6223763,69.0814158,2.81534,0.6920943,15.7015386,1.3476598,0.1220652] [100,100,6,40,40,20,0.5] [0.01,0.01,0,0,0,1e-05,1e-05] [100,10] fmin
founder_asym_logistic_pop_1 50 [NAM,HAW] True 2 [4.6223763,69.0814158,2.81534,0.6920943,15.7015386,1.3476598,0.1220652] [100,100,6,40,40,20,0.5] [0.01,0.01,0,0,0,1e-05,1e-05] [100,10] fmin
founder_asym_logistic_pop_1 50 [NAM,HAW] True 2 [4.6223763,69.0814158,2.81534,0.6920943,15.7015386,1.3476598,0.1220652] [100,100,6,40,40,20,0.5] [0.01,0.01,0,0,0,1e-05,1e-05] [100,10] fmin
founder_asym_logistic_pop_1 50 [NAM,HAW] True 2 [4.6223763,69.0814158,2.81534,0.6920943,15.7015386,1.3476598,0.1220652] [100,100,6,40,40,20,0.5] [0.01,0.01,0,0,0,1e-05,1e-05] [100,10] fmin
founder_asym_logistic_pop_1 50 [NAM,HAW] True 2 [4.6223763,69.0814158,2.81534,0.6920943,15.7015386,1.3476598,0.1220652] [100,100,6,40,40,20,0.5] [0.01,0.01,0,0,0,1e-05,1e-05] [100,10] fmin
founder_asym_logistic_pop_1 50 [NAM,HAW] True 2 [4.6223763,69.0814158,2.81534,0.6920943,15.7015386,1.3476598,0.1220652] [100,100,6,40,40,20,0.5] [0.01,0.01,0,0,0,1e-05,1e-05] [100,10] fmin
founder_asym_logistic_pop_1 50 [NAM,HAW] True 2 [4.6223763,69.0814158,2.81534,0.6920943,15.7015386,1.3476598,0.1220652] [100,100,6,40,40,20,0.5] [0.01,0.01,0,0,0,1e-05,1e-05] [100,10] fmin
founder_asym_logistic_pop_1 50 [NAM,HAW] True 2 [4.6223763,69.0814158,2.81534,0.6920943,15.7015386,1.3476598,0.1220652] [100,100,6,40,40,20,0.5] [0.01,0.01,0,0,0,1e-05,1e-05] [100,10] fmin
founder_asym_logistic_pop_1 50 [NAM,HAW] True 2 [4.6223763,69.0814158,2.81534,0.6920943,15.7015386,1.3476598,0.1220652] [100,100,6,40,40,20,0.5] [0.01,0.01,0,0,0,1e-05,1e-05] [100,10] fmin
founder_asym_logistic_pop_1 50 [NAM,HAW] True 2 [4.6223763,69.0814158,2.81534,0.6920943,15.7015386,1.3476598,0.1220652] [100,100,6,40,40,20,0.5] [0.01,0.01,0,0,0,1e-05,1e-05] [100,10] fmin
founder_asym_logistic_pop_1 50 [NAM,HAW] True 2 [4.6223763,69.0814158,2.81534,0.6920943,15.7015386,1.3476598,0.1220652] [100,100,6,40,40,20,0.5] [0.01,0.01,0,0,0,1e-05,1e-05] [100,10] fmin
founder_asym_logistic_pop_1 50 [NAM,HAW] True 2 [4.6223763,69.0814158,2.81534,0.6920943,15.7015386,1.3476598,0.1220652] [100,100,6,40,40,20,0.5] [0.01,0.01,0,0,0,1e-05,1e-05] [100,10] fmin
founder_asym_logistic_pop_1 50 [NAM,HAW] True 2 [4.6223763,69.0814158,2.81534,0.6920943,15.7015386,1.3476598,0.1220652] [100,100,6,40,40,20,0.5] [0.01,0.01,0,0,0,1e-05,1e-05] [100,10] fmin
founder_asym_logistic_pop_1 50 [NAM,HAW] True 2 [4.6223763,69.0814158,2.81534,0.6920943,15.7015386,1.3476598,0.1220652] [100,100,6,40,40,20,0.5] [0.01,0.01,0,0,0,1e-05,1e-05] [100,10] fmin
founder_asym_logistic_pop_1 50 [NAM,HAW] True 2 [4.6223763,69.0814158,2.81534,0.6920943,15.7015386,1.3476598,0.1220652] [100,100,6,40,40,20,0.5] [0.01,0.01,0,0,0,1e-05,1e-05] [100,10] fmin
founder_asym_logistic_pop_1 50 [NAM,HAW] True 2 [4.6223763,69.0814158,2.81534,0.6920943,15.7015386,1.3476598,0.1220652] [100,100,6,40,40,20,0.5] [0.01,0.01,0,0,0,1e-05,1e-05] [100,10] fmin
founder_asym_logistic_pop_1 50 [NAM,HAW] True 2 [4.6223763,69.0814158,2.81534,0.6920943,15.7015386,1.3476598,0.1220652] [100,100,6,40,40,20,0.5] [0.01,0.01,0,0,0,1e-05,1e-05] [100,10] fmin
founder_asym_logistic_pop_1 50 [NAM,HAW] True 2 [4.6223763,69.0814158,2.81534,0.6920943,15.7015386,1.3476598,0.1220652] [100,100,6,40,40,20,0.5] [0.01,0.01,0,0,0,1e-05,1e-05] [100,10] fmin
founder_asym_logistic_pop_1 50 [NAM,HAW] True 2 [4.6223763,69.0814158,2.81534,0.6920943,15.7015386,1.3476598,0.1220652] [100,100,6,40,40,20,0.5] [0.01,0.01,0,0,0,1e-05,1e-05] [100,10] fmin
founder_asym_logistic_pop_1 50 [NAM,HAW] True 2 [4.6223763,69.0814158,2.81534,0.6920943,15.7015386,1.3476598,0.1220652] [100,100,6,40,40,20,0.5] [0.01,0.01,0,0,0,1e-05,1e-05] [100,10] fmin
founder_asym_logistic_pop_1 50 [NAM,HAW] True 2 [4.6223763,69.0814158,2.81534,0.6920943,15.7015386,1.3476598,0.1220652] [100,100,6,40,40,20,0.5] [0.01,0.01,0,0,0,1e-05,1e-05] [100,10] fmin
founder_asym_logistic_pop_1 50 [NAM,HAW] True 2 [4.6223763,69.0814158,2.81534,0.6920943,15.7015386,1.3476598,0.1220652] [100,100,6,40,40,20,0.5] [0.01,0.01,0,0,0,1e-05,1e-05] [100,10] fmin
founder_asym_logistic_pop_1 50 [NAM,HAW] True 2 [4.6223763,69.0814158,2.81534,0.6920943,15.7015386,1.3476598,0.1220652] [100,100,6,40,40,20,0.5] [0.01,0.01,0,0,0,1e-05,1e-05] [100,10] fmin
founder_asym_logistic_pop_1 50 [NAM,HAW] True 2 [4.6223763,69.0814158,2.81534,0.6920943,15.7015386,1.3476598,0.1220652] [100,100,6,40,40,20,0.5] [0.01,0.01,0,0,0,1e-05,1e-05] [100,10] fmin
