24 191844 1552179.60346436
24 19185 1190882.97039051
24 1919 900850.499466843
24 200 635175.322831659
24 199 608214.142237527
24 198 600371.785538572
24 197 598894.967677314
24 196 631932.442792682
24 195 610321.443878831
24 194 628916.591476847
24 193 659417.847552238
24 192 638872.779343459
24 191 623155.04825534
24 190 630871.714270109
24 189 639600.929230799
24 188 624614.825695956
24 187 611264.548701585
24 186 597544.31205559
24 185 610575.944307494
24 184 586711.391226497
24 183 608535.492168238
24 182 592284.143277214
24 181 616914.358202284
24 180 618968.733427207
24 179 618020.842093068
24 178 611315.482641337
24 177 600494.546883302
24 176 601025.71566776
24 175 613916.102262632
24 174 610463.347435575
24 173 593901.620753073
24 172 591283.584478358
24 171 592367.816991674
24 170 604115.315036553
24 169 619840.365940584
24 168 585352.553720107
24 167 580062.371244998
24 166 573452.064692018
24 165 587288.914738344
24 164 576356.774398249
24 163 602838.929762289
24 162 596667.035368243
24 161 563318.115387461
24 160 600330.860039383
24 159 576989.660502845
24 158 596068.120521692
24 157 590456.515267361
24 156 594836.308347685
24 155 575538.381612844
24 154 577970.353779526
24 153 585233.651762163
24 152 572020.798341377
24 151 658617.099932994
24 150 597276.519355169
24 149 559527.662638073
24 148 591259.054698878
24 147 552652.106290211
24 146 578442.180361439
24 145 539909.914867297
24 144 626407.525733417
24 143 552204.802367658
24 142 585339.118934694
24 141 550521.654431346
24 140 555996.789543221
24 139 566895.26618934
24 138 553120.807187558
24 137 545744.791254189
24 136 566505.103148081
24 135 550125.223597837
24 134 549585.428839632
24 133 586489.472238968
24 132 580771.030832564
24 131 539358.840634318
24 130 545038.63371778
24 129 546833.604077069
24 128 552357.646598322
24 127 532887.919699451
24 126 513305.044151899
24 125 531941.177727009
24 124 565366.414587331
24 123 553453.081891781
24 122 556093.135471013
24 121 548490.21118961
24 120 557215.794837916
24 119 535034.096309425
24 118 520185.506623543
24 117 536642.557059746
24 116 544310.874733358
24 115 537980.011913053
24 114 546750.147152115
24 113 547753.015154808
24 112 570039.43431822
24 111 539740.743549046
24 110 538403.857469358
24 109 524670.768550289
24 108 527048.300974997
24 107 533407.152728756
24 106 582550.105382312
24 105 525539.228409473
24 104 523092.63938229
24 103 531019.854737559
24 102 536650.209535585
24 101 578643.349489166
24 100 507248.774747031
24 99 527769.584582291
24 98 498610.69434429
24 97 532844.754946483
24 96 523898.842032782
24 95 523250.854826044
24 94 508006.896630749
24 93 533435.540798081
24 92 529713.739310215
24 91 502227.195071785
24 90 498305.549019228
24 89 532162.972592112
24 88 545753.944648593
24 87 514955.431872244
24 86 519040.25648573
24 85 487254.492378656
24 84 506251.864473422
24 83 522250.810570012
24 82 494112.182123845
24 81 498305.269326355
24 80 489775.619617054
24 79 482157.491089564
24 78 493005.123431481
24 77 494851.474237721
24 76 497364.747343337
24 75 510189.266745165
24 74 505105.130227666
24 73 503391.641377295
24 72 483773.764271896
24 71 540157.722638622
24 70 462995.544938426
24 69 490223.888678413
24 68 496985.277660042
24 67 481157.933288102
24 66 490317.237255383
24 65 470629.185751035
24 64 476808.534757405
24 63 508509.975292463
24 62 480812.893329141
24 61 505776.361936578
24 60 480398.180880138
24 59 462247.138534584
24 58 459787.05088349
24 57 451204.526968555
24 56 505139.494456507
24 55 465653.62056817
24 54 498463.485511666
24 53 473922.606190908
24 52 477783.36709138
24 51 455883.751684611
24 50 508598.421464619
24 49 473281.254291595
24 48 477926.864797512
24 47 475877.623352535
24 46 460315.795201019
24 45 493255.359469026
24 44 464942.875090052
24 43 451758.914845107
24 42 484672.086444401
24 41 477002.563820818
24 40 447718.427264502
24 39 473412.049381048
24 38 459169.246199538
24 37 463282.380423525
24 36 417193.68501696
24 35 485843.159655789
24 34 423006.055956707
24 33 444990.200306741
24 32 476056.860111271
24 31 432397.427473223
24 30 492951.182031064
24 29 450495.226228572
24 28 424068.310267697
24 27 424508.425510774
24 26 421620.278499365
24 25 415071.381929502
24 24 429807.086240969
24 23 431319.588876778
24 22 408922.540001653
24 21 456038.780683346
24 20 495471.486620643
24 19 422774.690636633
24 18 471859.894697666
24 17 429616.46116504
24 16 434149.768964084
24 15 409437.776111101
24 14 448703.998281609
24 13 399795.643721156
24 12 419407.898715229
24 11 452354.030839829
24 10 515348.704276974
24 9 546105.029822518
24 8 573976.740706052
24 7 524548.516829712
24 6 582913.039192653
24 5 543766.875128675
24 4 526971.721583437
24 3 535621.827775008
24 2 774860.719998764
24 1 1109511.61811489
