16 191844 1576326.71390981
16 19185 1215447.62168605
16 1919 922726.142273017
16 200 664000.493121436
16 199 612393.9533204
16 198 614214.780526038
16 197 633757.750557274
16 196 616738.391163724
16 195 596829.368896672
16 194 657587.799467315
16 193 589441.770765143
16 192 622108.977864312
16 191 602050.52153893
16 190 622175.222201246
16 189 597525.853704303
16 188 653049.383878008
16 187 627671.195418805
16 186 607009.417827811
16 185 611826.48008681
16 184 648533.169331239
16 183 621700.992266065
16 182 623547.232636716
16 181 604223.213601921
16 180 629393.834957886
16 179 608232.802099611
16 178 594214.331468446
16 177 599197.193694319
16 176 600165.207212268
16 175 623211.64576098
16 174 589640.265133213
16 173 576008.436187108
16 172 569717.577817024
16 171 617792.17175755
16 170 629413.059589226
16 169 610920.673122387
16 168 613234.719702187
16 167 556014.42220273
16 166 596608.795822124
16 165 573878.008509057
16 164 594789.975156776
16 163 619551.949763635
16 162 567920.357772082
16 161 598950.848985169
16 160 584214.552222361
16 159 622157.650403019
16 158 580172.374926031
16 157 578743.511693172
16 156 565385.461824726
16 155 571505.484729696
16 154 595370.314235467
16 153 556588.272249547
16 152 587919.049079192
16 151 595024.810708464
16 150 569810.019055231
16 149 575822.018401432
16 148 577135.444152262
16 147 538476.105072799
16 146 590939.567710803
16 145 552786.639980358
16 144 581350.338111468
16 143 595250.923780929
16 142 579694.337453343
16 141 614515.770021351
16 140 545848.281131609
16 139 586009.06225723
16 138 557829.084840627
16 137 551417.278552574
16 136 600553.808798681
16 135 540652.263091141
16 134 558082.828331592
16 133 547791.514463715
16 132 572918.453996543
16 131 574673.500363951
16 130 556303.440557414
16 129 552902.767614136
16 128 614042.5440372
16 127 612123.961638772
16 126 553602.312225414
16 125 573649.430671711
16 124 560212.050209041
16 123 600314.929833537
16 122 568549.722346396
16 121 604022.336969928
16 120 551320.759050879
16 119 541676.605014357
16 118 528299.848995145
16 117 581045.028246961
16 116 602058.96465497
16 115 530168.2455961
16 114 571898.351896471
16 113 538643.681021146
16 112 580504.079513644
16 111 564820.71381107
16 110 510604.46952813
16 109 537039.748767652
16 108 563688.777283496
16 107 544736.825131417
16 106 533182.041471194
16 105 569730.056010682
16 104 533708.708128533
16 103 510874.278515877
16 102 545524.994866593
16 101 557692.7958695
16 100 497553.08792228
16 99 535566.76565288
16 98 514621.463538549
16 97 549308.055207952
16 96 560863.073773285
16 95 517335.853853061
16 94 533316.566654469
16 93 531445.248051857
16 92 482445.370541752
16 91 519712.797643623
16 90 543323.91222596
16 89 511747.172510352
16 88 498770.136211755
16 87 514801.938220578
16 86 511281.002961804
16 85 540386.891959829
16 84 486132.709299264
16 83 511285.577307599
16 82 482716.089068326
16 81 514201.552208928
16 80 503659.047032749
16 79 506592.735846121
16 78 528960.88164699
16 77 508226.409646608
16 76 520449.176047016
16 75 487219.068515212
16 74 488248.591285553
16 73 501085.200003667
16 72 476885.2385278
16 71 474134.336883075
16 70 490748.991297889
16 69 453518.579827128
16 68 497911.574383325
16 67 497157.83313652
16 66 490243.934128683
16 65 492308.535221248
16 64 484621.577689672
16 63 481146.528120327
16 62 507410.35452626
16 61 496854.951204183
16 60 516332.159161004
16 59 500870.847758973
16 58 507121.644105534
16 57 522219.329817007
16 56 539899.236101309
16 55 487315.646437348
16 54 464094.827747389
16 53 492917.339701636
16 52 487089.363297401
16 51 479039.425871986
16 50 501264.512103386
16 49 512339.082364937
16 48 474821.712024363
16 47 497168.960355838
16 46 493201.006507949
16 45 488735.413682689
16 44 505924.386462081
16 43 480577.494959919
16 42 494216.24390547
16 41 455125.989992448
16 40 474731.541979847
16 39 459999.507579736
16 38 462655.793071023
16 37 471536.219047496
16 36 474466.980514852
16 35 462756.845361357
16 34 466942.990941864
16 33 440963.141285561
16 32 457482.290959701
16 31 445765.377121535
16 30 479277.432157793
16 29 462561.168276197
16 28 465880.611518731
16 27 473661.797066892
16 26 508849.911103
16 25 485326.982004869
16 24 434423.831544174
16 23 453561.756297538
16 22 477374.32904338
16 21 452860.604900506
16 20 427060.36087921
16 19 459509.762309232
16 18 416213.537795537
16 17 482235.143417264
16 16 436652.630132754
16 15 482641.887229157
16 14 436953.245208764
16 13 448292.998426082
16 12 447885.960137102
16 11 486759.499273566
16 10 488826.880787455
16 9 476853.6005436
16 8 515532.055340744
16 7 575746.391781978
16 6 609175.032969041
16 5 629842.297549208
16 4 687732.57902347
16 3 793687.45089267
16 2 752462.445423725
16 1 1092312.83275383
