39 191844 1551956.47686506
39 19185 1304953.93737531
39 1919 1034588.6393008
39 200 720701.643007139
39 199 752546.559776928
39 198 695579.305598994
39 197 755841.143469153
39 196 711093.915856485
39 195 717959.960819756
39 194 686011.718799688
39 193 697364.963921324
39 192 729606.447602367
39 191 706735.014132202
39 190 733096.127367883
39 189 704203.946280104
39 188 688760.90154732
39 187 720665.05938108
39 186 709954.352420474
39 185 704051.438121906
39 184 680828.294643448
39 183 704114.837656323
39 182 680672.783500989
39 181 745033.362945154
39 180 715620.817256892
39 179 722145.997850955
39 178 716659.660668156
39 177 710073.548311351
39 176 685968.427937409
39 175 693300.819856707
39 174 767416.543372969
39 173 726494.991859239
39 172 733508.206074788
39 171 739808.702898993
39 170 719768.030931249
39 169 741495.520994078
39 168 711065.303789324
39 167 727235.767563838
39 166 679630.4657854
39 165 716765.689714755
39 164 672926.736501525
39 163 711370.110115463
39 162 687522.775217112
39 161 681316.754787342
39 160 691364.959366656
39 159 678999.094937042
39 158 701177.585469787
39 157 671474.669149093
39 156 684534.695702718
39 155 697646.864510163
39 154 695707.676725461
39 153 658982.535446003
39 152 662894.775924284
39 151 668881.761997509
39 150 719126.903117768
39 149 689290.694131965
39 148 687189.669854817
39 147 699316.388705858
39 146 700596.079797762
39 145 707295.569281806
39 144 663764.806407243
39 143 661573.790045985
39 142 696967.823920783
39 141 657276.045679508
39 140 693450.859766209
39 139 681774.689878374
39 138 671895.904853141
39 137 695981.267478026
39 136 653188.512140974
39 135 702671.326594364
39 134 639989.205373486
39 133 653741.070715505
39 132 641315.117705595
39 131 704723.984981024
39 130 664811.878128733
39 129 658215.528729426
39 128 653867.805088427
39 127 644720.847526117
39 126 670158.520941178
39 125 651432.071691617
39 124 663617.360497046
39 123 650566.111873316
39 122 659972.988096296
39 121 664162.701312987
39 120 642968.139826906
39 119 678797.274081041
39 118 638808.49220091
39 117 678434.855356172
39 116 662336.392065626
39 115 640442.170814305
39 114 654450.037666436
39 113 639313.097892482
39 112 662157.656381616
39 111 658093.229669729
39 110 646931.132465293
39 109 654676.421350423
39 108 630331.449789276
39 107 662468.167021474
39 106 630157.094186919
39 105 655243.683235812
39 104 640174.928932556
39 103 693640.009696971
39 102 640512.011090369
39 101 615871.405133516
39 100 639467.717739674
39 99 643960.851936635
39 98 639964.496464378
39 97 623510.416918825
39 96 623987.61992247
39 95 611511.721054496
39 94 644564.418996592
39 93 612244.854505406
39 92 592699.861997024
39 91 664135.999548431
39 90 618600.512150522
39 89 626754.150182905
39 88 614061.068313366
39 87 637709.460165123
39 86 613207.490672094
39 85 576389.923057197
39 84 639643.48973611
39 83 619263.754666384
39 82 572947.6688004
39 81 617837.649413753
39 80 623521.520008381
39 79 579762.595426062
39 78 595222.986146062
39 77 607481.034498122
39 76 646049.442002372
39 75 597224.179967232
39 74 603727.897888366
39 73 583833.976435704
39 72 592735.30844327
39 71 600632.787305358
39 70 581709.191993324
39 69 617985.57135588
39 68 594339.094688279
39 67 616978.223970664
39 66 604265.679650196
39 65 564808.147105354
39 64 590165.165397104
39 63 597444.159651473
39 62 580025.505743514
39 61 627312.770709745
39 60 578403.330963469
39 59 586948.353348257
39 58 589084.125704136
39 57 618445.151497235
39 56 606078.562394005
39 55 584849.858113554
39 54 592858.75976629
39 53 584824.864218655
39 52 550933.085375969
39 51 567896.614232985
39 50 606179.158567129
39 49 567649.360591049
39 48 585881.296392356
39 47 587219.803574934
39 46 581316.482316313
39 45 580362.518874887
39 44 570580.863346125
39 43 553708.059703057
39 42 546760.518348372
39 41 561801.47030575
39 40 544927.431094501
39 39 542423.540180906
39 38 580269.387336351
39 37 565594.345915424
39 36 595122.403631164
39 35 590238.887350218
39 34 561525.144266994
39 33 562983.820782665
39 32 584124.316129856
39 31 602202.361497024
39 30 638206.336601775
39 29 620701.273678559
39 28 652210.133052679
39 27 654628.857243561
39 26 573623.189224363
39 25 598756.51422501
39 24 619607.067348049
39 23 615345.595539614
39 22 600191.640002304
39 21 643939.350526917
39 20 607806.641929398
39 19 623930.975663447
39 18 608993.740541162
39 17 639829.778922546
39 16 654159.556208835
39 15 647921.525287691
39 14 729698.477779964
39 13 715323.324807414
39 12 663033.121331186
39 11 706239.184669129
39 10 697599.916121263
39 9 735333.63796787
39 8 738353.371461872
39 7 742187.179159448
39 6 807423.649156855
39 5 956450.71689265
39 4 969223.878094488
39 3 904688.346162042
39 2 1241993.63885352
39 1 1310449.06345688
