20 191844 1578120.63628281
20 19185 1372571.71015417
20 1919 1048232.437369
20 200 721091.193542372
20 199 708033.876162669
20 198 726504.727988789
20 197 715707.834153551
20 196 730257.494414608
20 195 772225.413719266
20 194 719915.678716303
20 193 726137.533997456
20 192 714706.977896021
20 191 670908.092264265
20 190 689281.192317682
20 189 719910.414764355
20 188 663594.26750902
20 187 774228.400121823
20 186 693655.269467638
20 185 727746.972670603
20 184 711073.182502368
20 183 739729.551167208
20 182 701455.803589219
20 181 716304.019379718
20 180 689102.220537872
20 179 726465.176681709
20 178 698535.941692869
20 177 694283.487382762
20 176 661422.240800436
20 175 711622.683540002
20 174 731970.677217159
20 173 690240.160999541
20 172 666181.207738829
20 171 659409.209361396
20 170 669857.621218734
20 169 692303.148861202
20 168 658206.315695753
20 167 672426.69860457
20 166 681746.341241391
20 165 689384.768327461
20 164 680308.521870662
20 163 674414.784983109
20 162 635281.458943929
20 161 670260.327814389
20 160 655140.077275039
20 159 680065.719115853
20 158 690963.626304616
20 157 675517.355350723
20 156 690018.115595174
20 155 662936.93592912
20 154 658950.054970481
20 153 658050.995105876
20 152 675797.457161127
20 151 710654.29746379
20 150 701475.568525427
20 149 638783.761040587
20 148 674995.939128986
20 147 677124.616782082
20 146 671920.660924172
20 145 634994.208475194
20 144 666821.544831918
20 143 688179.688205918
20 142 700264.793043212
20 141 673383.640860496
20 140 635903.535786857
20 139 686270.132103318
20 138 625181.937910203
20 137 637813.174307509
20 136 638253.679186187
20 135 661729.853298048
20 134 652246.881175569
20 133 639755.463081271
20 132 677522.999617302
20 131 648162.823528206
20 130 653960.448364013
20 129 631497.756568013
20 128 637543.631925345
20 127 634523.371564691
20 126 632035.19118854
20 125 654654.942347001
20 124 643327.37622539
20 123 643514.924793263
20 122 675610.827196635
20 121 613843.2915726
20 120 664434.851599216
20 119 694298.715794198
20 118 633022.097934916
20 117 658581.601257864
20 116 657268.62874549
20 115 604774.157230769
20 114 612179.298748371
20 113 638577.942129339
20 112 608908.616113402
20 111 617596.074804159
20 110 643458.252167002
20 109 620303.268711528
20 108 642070.970269718
20 107 605115.454200772
20 106 591124.922898098
20 105 637595.330660836
20 104 648215.522627362
20 103 636675.612858208
20 102 602890.028060732
20 101 632189.709188461
20 100 642037.989000867
20 99 621968.266633794
20 98 680392.473179635
20 97 617571.942896198
20 96 587516.300571796
20 95 617444.98997994
20 94 676162.357142655
20 93 629758.627802035
20 92 618025.330583213
20 91 610808.130296731
20 90 636469.832786357
20 89 672806.532836138
20 88 612519.265721677
20 87 601488.42854464
20 86 603009.179439362
20 85 601488.772035846
20 84 619737.604506527
20 83 615859.318948231
20 82 663422.345404335
20 81 582446.217873093
20 80 590996.658441635
20 79 590324.492428413
20 78 636932.650745006
20 77 583472.058808542
20 76 646792.459841699
20 75 587823.774116619
20 74 600213.230333325
20 73 631674.352186878
20 72 566738.863480784
20 71 573948.245215966
20 70 611773.515863194
20 69 564582.236937118
20 68 523875.913600482
20 67 593149.899465878
20 66 554302.750875522
20 65 602929.106664804
20 64 555184.07743782
20 63 577360.006622885
20 62 590825.672354461
20 61 627651.500875523
20 60 581863.167046349
20 59 586275.621107759
20 58 605191.612545416
20 57 584375.772829317
20 56 609143.441597011
20 55 607035.645947542
20 54 598562.387949418
20 53 585304.500769278
20 52 571283.479049802
20 51 565442.867679404
20 50 603515.57619089
20 49 576741.906506059
20 48 577083.786077013
20 47 549177.567056152
20 46 594166.96679047
20 45 561828.139799666
20 44 571792.995691914
20 43 552005.156169328
20 42 611291.730905058
20 41 622690.50415385
20 40 587983.545970475
20 39 558172.683830972
20 38 546751.478380129
20 37 527003.79080664
20 36 559795.776847435
20 35 540567.112068807
20 34 582270.79908563
20 33 568408.938633231
20 32 582583.426525235
20 31 574909.371223838
20 30 569457.32727779
20 29 540072.825544052
20 28 541827.720763739
20 27 575669.879305079
20 26 587561.81945712
20 25 631421.262999267
20 24 589555.781450938
20 23 582407.193403767
20 22 591200.783017978
20 21 598152.49574184
20 20 622136.988741874
20 19 585947.618703245
20 18 557379.770546766
20 17 590403.679963857
20 16 563812.852750789
20 15 603214.65088435
20 14 573113.900811789
20 13 580266.190336473
20 12 579654.225502154
20 11 581606.160883484
20 10 569312.184202344
20 9 532509.206016063
20 8 559498.215897145
20 7 690273.152227836
20 6 676931.580264339
20 5 699277.66425115
20 4 897941.023329923
20 3 977082.043801645
20 2 1225222.75081141
20 1 1377849.77191256
