1 1 3573.84091 947.592900673541 0.623847394608376
1 33 3331.537545 1023.59486187572 0.645762540993984
1 24 3141.425402 1072.7403221235 0.622642332211952
1 10 2639.764282 932.180307074053 0.626508733184267
1 44 1567.20282 825.257634428918 0.61965407867507
1 37 2626.889748 861.783080625534 0.563806468351477
1 42 2596.231127 850.380282054072 0.654373120041815
1 40 2935.830032 779.302321264089 0.52941248474259
1 25 3012.571028 831.5862396587 0.46355364738374
1 28 2627.860729 816.400407978694 0.489517238733226
1 30 3401.596469 1324.40322882314 0.627208759461527
1 41 3034.018097 788.536606502415 0.620709169928089
1 4 2570.655967 755.315026244943 0.528961436807159
1 39 2654.76869 848.387544663709 0.547057590734063
1 7 1675.438308 827.7040742365 0.577879361492537
1 3 3149.963345 857.622462247425 0.558769439357483
1 26 2711.351804 867.625731192735 0.620391577805845
1 31 3427.328367 1054.08563723597 0.559841094336445
1 11 3276.897729 708.059937814158 0.442494404293992
1 43 2754.617173 790.262166845772 0.587936665117766
1 34 3907.195233 883.202104268865 0.600721090123371
1 29 3091.654429 1462.0631291396 0.619384681478321
1 8 2672.137885 844.704728468921 0.561803692562046
1 9 1596.916209 783.647350149123 0.552261933118234
1 27 2702.866344 972.90088932798 0.635452302621201
1 5 2799.292148 779.769668250089 0.53660471772193
1 35 2807.330455 849.339801809365 0.580041751330796
1 6 3984.050428 960.24094053291 0.608174717689814
1 32 3419.360909 1005.91893103095 0.589864308637807
1 36 1949.280738 853.69872629418 0.579796605161659
1 38 2663.610365 890.344467072394 0.578291824044394
1 2 1724.512006 722.550648737025 0.502611953161211
1 67 1000 807.813885783935 0.602221704677976
1 46 3054.936438 688.600292971223 0.484020176201702
1 87 200 844.401066065269 0.545295734311949
1 90 200 766.155459811365 0.630110009249699
1 89 200 789.96757970226 0.586659853266791
1 66 1000 608.685820932611 0.508021182176894
1 68 200 738.782791031728 0.571147631391052
1 47 3491.049943 866.322493360809 0.563267257690747
1 45 3037.280461 1185.39378301165 0.570049478601493
1 88 1000 658.609651056008 0.527540464584312
1 84 200 844.965470779067 0.593242154914243
1 17 3574.190183 919.176655935455 0.567737875256116
1 50 3823.045774 877.935012493543 0.64559652193165
1 49 2690.925977 811.036770081271 0.618559350368812
1 22 3519.088687 1054.66837854564 0.643138377428199
1 62 200 713.472503451842 0.637172481263379
1 58 1000 766.915144833923 0.602096340506611
1 86 1000 767.036646933521 0.596719142609188
1 79 1000 737.405470497543 0.544339718787889
1 21 3186.125329 1366.52814219986 0.584425735143357
1 14 1547.705662 1848.88772217681 0.638974623728495
1 13 3186.568209 868.277846195283 0.574549350783533
1 15 1806.24587 1904.46349673384 0.64031306124122
1 55 200 736.981151565587 0.586428977748451
1 73 1000 607.13221912457 0.381491868855386
1 16 2820.769816 1070.10449514052 0.582522845824104
1 59 200 874.649509916471 0.648970135096208
1 80 200 781.493275293924 0.558413094246227
1 71 1000 782.477465265961 0.577620426570374
1 85 1000 726.962467276594 0.545305547681208
1 52 200 791.506480018536 0.586743965579546
1 23 3216.892828 1070.89462180786 0.538350661049493
1 82 1000 841.611102688987 0.62166162966461
1 61 1000 698.389200382253 0.55731275953423
1 65 200 763.052443961642 0.538385521808754
1 75 200 727.636761014657 0.640758655378555
1 77 1000 638.326753998666 0.553847506623426
1 74 1000 777.603752025419 0.563758681950308
1 63 1000 763.309920188294 0.527867465523379
1 19 3550.65034 1016.71879487786 0.618930509801174
1 70 200 555.937099779792 0.32858505516423
1 64 200 694.052978809127 0.488767772485049
1 48 2952.330561 859.679797607937 0.630499389438613
1 76 200 636.087968131061 0.46847639965174
1 81 200 732.953084747349 0.535567568290309
1 57 1000 725.127320370029 0.517417712485128
1 72 1000 755.05238157286 0.564225191795305
1 83 200 575.817907419489 0.404089399509761
1 53 1000 765.481144845329 0.507098566381826
1 56 1000 785.309780170698 0.527093969727911
1 20 1776.701568 855.789331370886 0.469683506774006
1 54 200 700.050020371693 0.420727540451957
1 78 200 788.284549525125 0.571802022845025
1 60 1000 768.188182144354 0.56675049313998
1 69 1000 717.964558081465 0.594555604825178
1 18 3424.374532 871.838533369397 0.555596039366268
1 12 2784.555842 885.865331579019 0.596950857364255
1 51 200 779.621771250012 0.596823243917166
