74 191844 1523112.13287128
74 19185 1330373.66103959
74 1919 1016163.04425593
74 200 689989.667537903
74 199 716814.815037221
74 198 743997.047438379
74 197 710497.951115156
74 196 697174.108154185
74 195 700320.316108728
74 194 723386.585246292
74 193 738493.78839425
74 192 693876.476289778
74 191 763192.926042865
74 190 688721.696113421
74 189 705133.315196785
74 188 676497.87735194
74 187 723676.803413901
74 186 701805.145306936
74 185 710279.488471193
74 184 716074.413360655
74 183 739443.913331299
74 182 702361.417763375
74 181 676972.645998689
74 180 663107.978997595
74 179 674475.91346193
74 178 688938.494833441
74 177 658253.433952362
74 176 697503.705892344
74 175 671521.394655219
74 174 677497.089524639
74 173 712608.84314068
74 172 692480.620896991
74 171 663023.984509875
74 170 687073.30944312
74 169 666110.678912269
74 168 657486.802260097
74 167 650520.527348554
74 166 686575.016163437
74 165 665019.57509615
74 164 647844.193305273
74 163 676567.734197692
74 162 659567.407308844
74 161 667127.214671554
74 160 685249.826660402
74 159 666863.543287204
74 158 646656.285635365
74 157 691198.303655364
74 156 683613.623435204
74 155 677145.023637788
74 154 676324.034437182
74 153 652564.042083653
74 152 659898.068470313
74 151 661951.856916805
74 150 669183.59163685
74 149 674758.853081724
74 148 650242.410093458
74 147 664590.136435104
74 146 667095.029466358
74 145 643861.555069922
74 144 644665.338987874
74 143 719548.135560544
74 142 665498.336414438
74 141 689083.782431417
74 140 624032.154034465
74 139 662751.908853952
74 138 631241.783924965
74 137 659540.133647379
74 136 653110.34062553
74 135 726944.506540376
74 134 655856.898231352
74 133 621250.693309656
74 132 655064.372710158
74 131 631331.945318912
74 130 620503.487410499
74 129 631245.869976061
74 128 624244.611416042
74 127 651111.369311496
74 126 664532.695094486
74 125 707246.334686999
74 124 630952.518739217
74 123 681997.905875007
74 122 659957.993403129
74 121 628157.429683618
74 120 672755.338136787
74 119 643527.606876916
74 118 688550.573751025
74 117 629849.066762109
74 116 630046.208063754
74 115 602253.320477443
74 114 630851.572084481
74 113 623246.438646205
74 112 672210.309107955
74 111 711516.183736114
74 110 586624.509767379
74 109 620654.565860999
74 108 602658.590442906
74 107 624201.900849939
74 106 644899.619412585
74 105 587364.599439984
74 104 599075.835865633
74 103 647425.278416912
74 102 602899.327112026
74 101 613853.529149715
74 100 605996.411197109
74 99 640043.277195058
74 98 602708.10281007
74 97 682312.841956709
74 96 634578.74780636
74 95 597358.14875688
74 94 644081.717649254
74 93 588002.53080841
74 92 604742.568013173
74 91 633791.298105446
74 90 594610.612746739
74 89 618486.377936529
74 88 625115.638125574
74 87 603203.814106194
74 86 651807.115277571
74 85 607748.613297513
74 84 589065.80787776
74 83 579638.175701239
74 82 553655.474271885
74 81 573244.035349741
74 80 615505.125147126
74 79 574096.651839176
74 78 577943.011684733
74 77 573371.185344682
74 76 601297.711618226
74 75 628036.271179467
74 74 590023.472771553
74 73 612798.424296672
74 72 603863.564233512
74 71 580662.587048739
74 70 623537.836508477
74 69 646555.315003885
74 68 623416.231025462
74 67 589068.486561767
74 66 622792.883991209
74 65 583840.877867396
74 64 636929.09640488
74 63 594843.229757449
74 62 574672.015362
74 61 587517.577377961
74 60 593475.564361461
74 59 598068.620633589
74 58 588924.208795188
74 57 578771.993726921
74 56 584779.400322231
74 55 572400.097445295
74 54 561316.976647335
74 53 590342.946712688
74 52 588676.731849565
74 51 603788.752885675
74 50 577672.249104839
74 49 549286.945819576
74 48 593102.917212697
74 47 615157.817977423
74 46 626047.567285317
74 45 599007.238395036
74 44 595523.742984998
74 43 639745.073058664
74 42 592936.178254386
74 41 641163.23449883
74 40 610553.412205777
74 39 567818.014670745
74 38 630386.089561518
74 37 595926.996005482
74 36 617240.642154212
74 35 614740.680623045
74 34 592166.186852095
74 33 589785.520716429
74 32 578034.756953987
74 31 590842.91867991
74 30 573462.944194228
74 29 600301.895336123
74 28 580247.065803041
74 27 609807.558446179
74 26 573123.492800501
74 25 604902.124621314
74 24 608067.006430751
74 23 586284.174290356
74 22 588126.02866042
74 21 650873.276421847
74 20 596413.956407983
74 19 599225.420682469
74 18 594646.586038315
74 17 604937.408752338
74 16 592333.71551584
74 15 621466.265476548
74 14 668235.367068482
74 13 609661.555450665
74 12 599829.909899288
74 11 639731.713920925
74 10 590315.464220102
74 9 647553.885128552
74 8 644806.964728938
74 7 622945.559946944
74 6 729760.004853063
74 5 657500.985836424
74 4 850841.38542558
74 3 853039.84003516
74 2 1028470.38547846
74 1 1307115.79172765
