79 191844 1559227.21700922
79 19185 1365347.16009638
79 1919 995030.239515078
79 200 694861.464530307
79 199 687704.677929084
79 198 701768.809475467
79 197 699582.124268373
79 196 747896.612901253
79 195 664430.461610554
79 194 668867.650092165
79 193 708068.814918293
79 192 651325.614975188
79 191 707360.619650016
79 190 723612.741159353
79 189 697047.93275347
79 188 680245.880594598
79 187 761277.50201508
79 186 682247.72900422
79 185 692075.865344292
79 184 700088.729206238
79 183 672702.068723742
79 182 697051.399811508
79 181 689115.536275013
79 180 645396.881664741
79 179 663748.715948001
79 178 645436.579997758
79 177 677052.932490264
79 176 660955.016032113
79 175 630686.002032301
79 174 663617.369350369
79 173 657759.537488428
79 172 659891.281220575
79 171 706578.440548929
79 170 701133.9862447
79 169 625052.0183992
79 168 664952.115260267
79 167 654142.195772761
79 166 701413.278033815
79 165 691116.914175767
79 164 680601.311689798
79 163 638753.927869835
79 162 640332.772428272
79 161 665260.213350377
79 160 663505.348374391
79 159 657717.253410659
79 158 639207.768661017
79 157 657383.516366699
79 156 683052.533027175
79 155 647351.411826847
79 154 660165.396823426
79 153 642073.460734423
79 152 652006.949846562
79 151 665680.393929958
79 150 652716.525360443
79 149 656026.817860076
79 148 666365.048315619
79 147 664826.388510479
79 146 629181.788637102
79 145 657428.910120289
79 144 657658.674079602
79 143 646104.471303252
79 142 651946.619745422
79 141 670383.290567334
79 140 638686.326241146
79 139 653495.840956587
79 138 647295.496717047
79 137 640897.941992174
79 136 627779.505145751
79 135 654125.051146307
79 134 658042.293042472
79 133 645452.537183786
79 132 635580.636063074
79 131 645815.885602632
79 130 626320.159185368
79 129 644351.373509367
79 128 686269.022435823
79 127 606549.655656393
79 126 633514.402359473
79 125 586103.670778296
79 124 622593.286835327
79 123 668343.488497568
79 122 610276.60465666
79 121 601149.696460519
79 120 582914.176194765
79 119 633808.237011775
79 118 613984.245135166
79 117 635271.457034908
79 116 652730.849913422
79 115 609400.641389529
79 114 661182.846170173
79 113 596529.593553294
79 112 640434.054184084
79 111 643086.899874112
79 110 617674.051509927
79 109 588193.209783715
79 108 607199.140510029
79 107 632902.868175039
79 106 608662.908611531
79 105 605547.536537861
79 104 600117.630961927
79 103 591950.353617684
79 102 623616.666766107
79 101 663956.009460946
79 100 584605.485071016
79 99 605755.697740672
79 98 584675.844507618
79 97 575676.992633081
79 96 603782.427535147
79 95 581821.301930756
79 94 559334.323749506
79 93 572176.820838785
79 92 579440.980682232
79 91 571631.517817238
79 90 591481.013047982
79 89 594243.302920637
79 88 605007.117574679
79 87 559786.197069565
79 86 575620.566891539
79 85 599992.797963647
79 84 578616.969504508
79 83 595618.571238027
79 82 557958.60887613
79 81 611205.048390049
79 80 578028.127636502
79 79 587799.22348973
79 78 595970.228736516
79 77 600205.082013359
79 76 554647.247158704
79 75 570341.010733255
79 74 565270.226832077
79 73 596996.35639319
79 72 549679.898181145
79 71 564117.625802141
79 70 545706.921514831
79 69 584627.490833793
79 68 617146.273498003
79 67 537715.103764916
79 66 568676.684134496
79 65 572807.014192242
79 64 574028.115783774
79 63 569843.417339665
79 62 584278.124004777
79 61 557800.589727378
79 60 599853.541847196
79 59 550485.122033302
79 58 563574.607367229
79 57 535719.132359573
79 56 539062.061343797
79 55 573722.961077473
79 54 557689.745801046
79 53 550588.643764404
79 52 542055.60457684
79 51 552286.659196356
79 50 533177.566888025
79 49 548286.981057917
79 48 542433.492413167
79 47 544229.681923994
79 46 523306.276071508
79 45 577555.942678532
79 44 578323.020944338
79 43 520459.681048736
79 42 577233.107796042
79 41 517563.237112438
79 40 517633.510058439
79 39 527290.250326485
79 38 568169.463180141
79 37 568585.576609151
79 36 551898.692673807
79 35 534159.616191546
79 34 537080.958806007
79 33 536207.495205076
79 32 556263.908592335
79 31 534234.33098776
79 30 594272.829355398
79 29 574675.073444009
79 28 566213.756660902
79 27 549198.302753224
79 26 536293.642464764
79 25 538819.545313029
79 24 566063.875221646
79 23 587663.87019679
79 22 562498.018997651
79 21 557607.298231907
79 20 547816.943839342
79 19 541511.355626304
79 18 530154.193822373
79 17 527284.134149957
79 16 570263.733447399
79 15 557205.262427511
79 14 579579.860569783
79 13 662863.944873592
79 12 569223.295552542
79 11 565816.028328014
79 10 608361.312508542
79 9 617996.522982924
79 8 643432.273687211
79 7 566610.739882244
79 6 663656.716769273
79 5 724684.476483225
79 4 756863.485611504
79 3 757633.151021059
79 2 941662.769021328
79 1 1322262.73029837
