41 191844 1541843.07780884
41 19185 1295993.64314814
41 1919 987936.079879815
41 200 689040.254262931
41 199 718320.023908923
41 198 691248.128979824
41 197 728780.347854888
41 196 724586.240465172
41 195 721826.188934439
41 194 685256.513704599
41 193 680311.8614576
41 192 723097.50801713
41 191 690595.157977486
41 190 687075.804176762
41 189 683597.779654012
41 188 691451.583285923
41 187 684953.315994607
41 186 755749.44145508
41 185 689677.392242218
41 184 690843.585084706
41 183 708386.658772356
41 182 689620.816399455
41 181 686514.527689926
41 180 669025.513734355
41 179 651690.354465495
41 178 683409.138409485
41 177 689715.940374096
41 176 692078.259172087
41 175 689875.628350082
41 174 670279.488266426
41 173 659178.036612574
41 172 691689.673576149
41 171 702504.551954808
41 170 688301.520335564
41 169 685573.634434755
41 168 681159.866489439
41 167 676158.616486432
41 166 636952.905172787
41 165 694053.54426837
41 164 664936.110785524
41 163 649121.917845323
41 162 674195.163872926
41 161 710864.582892374
41 160 689980.783549666
41 159 688334.146943307
41 158 681157.534822592
41 157 658874.217686628
41 156 662568.111001345
41 155 710209.509259489
41 154 731905.318346168
41 153 708186.228007597
41 152 668226.013650252
41 151 673520.28589476
41 150 624386.642066428
41 149 681619.514172769
41 148 732066.251053226
41 147 679666.829131241
41 146 668696.808581567
41 145 666378.437704877
41 144 650873.788623018
41 143 661117.85615495
41 142 650245.48445545
41 141 664834.815766311
41 140 636993.989788704
41 139 624433.677782364
41 138 627859.469151978
41 137 678781.333531286
41 136 619225.228045127
41 135 622331.64240798
41 134 678439.054776219
41 133 650330.720333077
41 132 647519.913036753
41 131 680857.35552201
41 130 657293.595953594
41 129 620264.50838567
41 128 709662.961841019
41 127 628591.957552465
41 126 630299.470546368
41 125 637892.777923213
41 124 611419.610659118
41 123 612089.049725267
41 122 631813.432791399
41 121 615417.870364255
41 120 604467.687379874
41 119 619615.540132594
41 118 604155.504880469
41 117 645214.259518521
41 116 627985.325514392
41 115 629494.545324633
41 114 633552.180806887
41 113 614807.078387659
41 112 607035.604626535
41 111 679658.343711696
41 110 633688.985212055
41 109 608347.778963291
41 108 662473.312709467
41 107 612472.970972657
41 106 597863.819599641
41 105 691727.643854997
41 104 620312.369622867
41 103 672518.51494153
41 102 582194.754624738
41 101 564894.629777003
41 100 644023.658824117
41 99 603947.081872865
41 98 622420.938822619
41 97 606353.925997168
41 96 613949.321392825
41 95 607997.766611294
41 94 661735.190660094
41 93 657796.13189583
41 92 610076.469565531
41 91 611230.965218942
41 90 603836.799226449
41 89 604467.694958866
41 88 644287.306977899
41 87 573947.755261605
41 86 578489.267030354
41 85 600177.768059647
41 84 609122.543053697
41 83 649875.003568608
41 82 577508.732884758
41 81 596902.398732445
41 80 673714.55734056
41 79 563353.815541711
41 78 586938.746632861
41 77 591482.267001684
41 76 622649.095848877
41 75 592812.966540748
41 74 558286.863798515
41 73 619668.891223149
41 72 603322.349112651
41 71 586232.699003927
41 70 618289.601158988
41 69 634216.371643063
41 68 714902.907995181
41 67 602112.862141636
41 66 586958.290505803
41 65 580134.635331271
41 64 577361.894907867
41 63 607656.233653499
41 62 625158.93279161
41 61 610549.52034567
41 60 613195.941930152
41 59 594390.436367119
41 58 586763.592005065
41 57 613606.915359925
41 56 631909.067472628
41 55 613212.555280645
41 54 591043.294295068
41 53 564463.503932112
41 52 584661.002058725
41 51 603168.720529103
41 50 578874.224442913
41 49 591334.147363933
41 48 555449.386876778
41 47 556324.571578931
41 46 584121.882908379
41 45 547017.635069868
41 44 616540.396270539
41 43 568917.56968544
41 42 607470.774752625
41 41 586640.824030442
41 40 566737.642819815
41 39 546359.703053298
41 38 559749.576754549
41 37 559517.437251502
41 36 560225.624098119
41 35 622241.213400402
41 34 594700.948561709
41 33 570799.268104899
41 32 641283.734513555
41 31 545076.251822036
41 30 532178.879995609
41 29 527296.153353235
41 28 529776.183273344
41 27 554679.489772703
41 26 554516.920217417
41 25 550825.657441481
41 24 560183.669377876
41 23 519588.088652344
41 22 532709.438191883
41 21 593444.93039673
41 20 501327.282788499
41 19 570864.76850842
41 18 569818.62410883
41 17 534750.295739252
41 16 531702.391612709
41 15 534741.351040789
41 14 542787.087192107
41 13 550111.047451689
41 12 533300.313001469
41 11 603094.691614703
41 10 571970.178562869
41 9 572521.95864279
41 8 576464.493312778
41 7 655684.789344112
41 6 735708.452788054
41 5 858335.988137792
41 4 888337.350828478
41 3 957974.79419254
41 2 1163848.04391209
41 1 1272845.8593344
