82 191844 1576633.90184684
82 19185 1244219.13069084
82 1919 985016.445916791
82 200 705168.353752794
82 199 691582.656074453
82 198 696267.101973478
82 197 699497.437927803
82 196 734113.574901395
82 195 671422.254111549
82 194 705950.555978019
82 193 681038.393518228
82 192 673273.428595189
82 191 672932.053101543
82 190 669822.404076092
82 189 685416.201459026
82 188 668574.529542826
82 187 658223.934046672
82 186 677509.744492339
82 185 700920.430195192
82 184 693586.249355593
82 183 704265.219665894
82 182 658955.457942234
82 181 680460.083945768
82 180 660284.789547569
82 179 684735.641844635
82 178 714734.66477396
82 177 654570.253567367
82 176 664345.526304106
82 175 655560.138697288
82 174 667942.899449434
82 173 659593.588613547
82 172 658335.696541495
82 171 667797.234748714
82 170 663482.526733247
82 169 668367.063959183
82 168 683640.245467415
82 167 632018.019292244
82 166 731888.615327387
82 165 626154.166540158
82 164 639059.500074206
82 163 707380.827447946
82 162 642657.054157926
82 161 734106.967094066
82 160 646704.077667291
82 159 660448.906137065
82 158 662375.704192032
82 157 657224.854114453
82 156 637033.980549308
82 155 682822.48742547
82 154 632173.388877163
82 153 647560.680017211
82 152 632104.63703093
82 151 631551.536181403
82 150 631842.557373071
82 149 640417.109771586
82 148 625336.224533914
82 147 634506.812173801
82 146 637883.668324606
82 145 634809.454414722
82 144 630350.728851544
82 143 638747.486304455
82 142 636418.572167565
82 141 638889.992356899
82 140 665618.475977244
82 139 611581.687259599
82 138 629111.641050046
82 137 633098.182017261
82 136 633589.025258404
82 135 606685.804885763
82 134 642784.036871643
82 133 678666.693799468
82 132 627178.624532567
82 131 640075.977432699
82 130 634166.62795989
82 129 624134.540829447
82 128 590068.646720183
82 127 654150.113840574
82 126 632561.632363004
82 125 621456.405751125
82 124 665089.35035759
82 123 627633.512404597
82 122 616020.297556607
82 121 645269.010670408
82 120 632193.028854108
82 119 615130.216288839
82 118 651462.19912107
82 117 606609.275004065
82 116 604414.369931392
82 115 641468.135101447
82 114 622846.453620759
82 113 632294.81306494
82 112 615721.254803376
82 111 632962.891833358
82 110 592602.374459535
82 109 572477.862143312
82 108 598467.696609856
82 107 596285.078171774
82 106 603973.101479418
82 105 585468.285904759
82 104 636050.716336365
82 103 605907.983143634
82 102 594681.364349025
82 101 615490.993032315
82 100 627147.054631789
82 99 624482.399925153
82 98 636753.894274375
82 97 616463.305505829
82 96 587925.359379512
82 95 597137.626568111
82 94 589346.319171185
82 93 640169.692771914
82 92 609336.55373448
82 91 581100.408678066
82 90 593938.701435246
82 89 566054.040792684
82 88 594238.802538513
82 87 578499.327895568
82 86 587649.708433247
82 85 628248.123746687
82 84 601921.874878023
82 83 570844.683690915
82 82 562510.140246612
82 81 603539.703130402
82 80 573778.694241857
82 79 582979.066605388
82 78 569662.061881607
82 77 563763.64954925
82 76 574834.081371337
82 75 583654.836707615
82 74 562117.338597784
82 73 552256.718355994
82 72 573483.00312168
82 71 559765.784804084
82 70 563754.897182635
82 69 591003.545611808
82 68 587866.540289621
82 67 588159.00435344
82 66 595237.528303116
82 65 561968.663382946
82 64 577164.977264527
82 63 585705.310579193
82 62 570260.09480375
82 61 590308.398249065
82 60 549680.963590731
82 59 581533.869251602
82 58 591348.080530604
82 57 594061.911955674
82 56 535412.138575798
82 55 591048.37908096
82 54 548711.71458837
82 53 581006.815236317
82 52 559740.571414286
82 51 532791.037613291
82 50 536248.084202333
82 49 540065.700833746
82 48 550452.470284777
82 47 557561.27233964
82 46 609694.650223418
82 45 540281.585839857
82 44 542156.867480402
82 43 552558.753319168
82 42 545685.22216473
82 41 533077.780137878
82 40 520791.451500143
82 39 551214.41776382
82 38 519595.194992362
82 37 564041.707895006
82 36 508384.702705364
82 35 533694.661504545
82 34 473253.372742684
82 33 527712.000533655
82 32 531929.83002471
82 31 505683.046761588
82 30 507964.067140281
82 29 498040.387204445
82 28 511142.494181954
82 27 487260.211096836
82 26 527801.284785475
82 25 530432.693851688
82 24 501246.258313177
82 23 511085.946892801
82 22 544904.500857239
82 21 549673.159954784
82 20 540425.280954269
82 19 539926.949339533
82 18 568505.299566872
82 17 582617.647727211
82 16 555929.515742744
82 15 559086.741925592
82 14 548951.125875645
82 13 597336.038443435
82 12 573961.660560385
82 11 561797.184698815
82 10 556628.409857775
82 9 637466.610639606
82 8 640171.277303221
82 7 633662.708692787
82 6 606866.335617295
82 5 717426.930426179
82 4 922102.338070665
82 3 962005.594750079
82 2 1220356.46174193
82 1 1206060.36375991
