founder_asym_hist_3epoch_exp_growth_p1 50 [NAM,HAW] False 3 [4.9515189,54.5579912,7.6750849,96.5417538,18.649858,3.3241872,7.3306373,4.6265548,0.8622315,0.0492095,0.0392823,0.190058] [100,1000,100,1000,100,40,40,20,20,20,20,0.5] [0.01,0.001,1e-06,0.001,1e-06,0,0,1e-05,1e-10,1e-10,1e-10,1e-05] [100,10] fmin
founder_asym_hist_3epoch_exp_growth_p1 50 [NAM,HAW] False 3 [4.9515189,54.5579912,7.6750849,96.5417538,18.649858,3.3241872,7.3306373,4.6265548,0.8622315,0.0492095,0.0392823,0.190058] [100,1000,100,1000,100,40,40,20,20,20,20,0.5] [0.01,0.001,1e-06,0.001,1e-06,0,0,1e-05,1e-10,1e-10,1e-10,1e-05] [100,10] fmin
founder_asym_hist_3epoch_exp_growth_p1 50 [NAM,HAW] False 3 [4.9515189,54.5579912,7.6750849,96.5417538,18.649858,3.3241872,7.3306373,4.6265548,0.8622315,0.0492095,0.0392823,0.190058] [100,1000,100,1000,100,40,40,20,20,20,20,0.5] [0.01,0.001,1e-06,0.001,1e-06,0,0,1e-05,1e-10,1e-10,1e-10,1e-05] [100,10] fmin
founder_asym_hist_3epoch_exp_growth_p1 50 [NAM,HAW] False 3 [4.9515189,54.5579912,7.6750849,96.5417538,18.649858,3.3241872,7.3306373,4.6265548,0.8622315,0.0492095,0.0392823,0.190058] [100,1000,100,1000,100,40,40,20,20,20,20,0.5] [0.01,0.001,1e-06,0.001,1e-06,0,0,1e-05,1e-10,1e-10,1e-10,1e-05] [100,10] fmin
founder_asym_hist_3epoch_exp_growth_p1 50 [NAM,HAW] False 3 [4.9515189,54.5579912,7.6750849,96.5417538,18.649858,3.3241872,7.3306373,4.6265548,0.8622315,0.0492095,0.0392823,0.190058] [100,1000,100,1000,100,40,40,20,20,20,20,0.5] [0.01,0.001,1e-06,0.001,1e-06,0,0,1e-05,1e-10,1e-10,1e-10,1e-05] [100,10] fmin
founder_asym_hist_3epoch_exp_growth_p1 50 [NAM,HAW] False 3 [4.9515189,54.5579912,7.6750849,96.5417538,18.649858,3.3241872,7.3306373,4.6265548,0.8622315,0.0492095,0.0392823,0.190058] [100,1000,100,1000,100,40,40,20,20,20,20,0.5] [0.01,0.001,1e-06,0.001,1e-06,0,0,1e-05,1e-10,1e-10,1e-10,1e-05] [100,10] fmin
founder_asym_hist_3epoch_exp_growth_p1 50 [NAM,HAW] False 3 [4.9515189,54.5579912,7.6750849,96.5417538,18.649858,3.3241872,7.3306373,4.6265548,0.8622315,0.0492095,0.0392823,0.190058] [100,1000,100,1000,100,40,40,20,20,20,20,0.5] [0.01,0.001,1e-06,0.001,1e-06,0,0,1e-05,1e-10,1e-10,1e-10,1e-05] [100,10] fmin
founder_asym_hist_3epoch_exp_growth_p1 50 [NAM,HAW] False 3 [4.9515189,54.5579912,7.6750849,96.5417538,18.649858,3.3241872,7.3306373,4.6265548,0.8622315,0.0492095,0.0392823,0.190058] [100,1000,100,1000,100,40,40,20,20,20,20,0.5] [0.01,0.001,1e-06,0.001,1e-06,0,0,1e-05,1e-10,1e-10,1e-10,1e-05] [100,10] fmin
founder_asym_hist_3epoch_exp_growth_p1 50 [NAM,HAW] False 3 [4.9515189,54.5579912,7.6750849,96.5417538,18.649858,3.3241872,7.3306373,4.6265548,0.8622315,0.0492095,0.0392823,0.190058] [100,1000,100,1000,100,40,40,20,20,20,20,0.5] [0.01,0.001,1e-06,0.001,1e-06,0,0,1e-05,1e-10,1e-10,1e-10,1e-05] [100,10] fmin
founder_asym_hist_3epoch_exp_growth_p1 50 [NAM,HAW] False 3 [4.9515189,54.5579912,7.6750849,96.5417538,18.649858,3.3241872,7.3306373,4.6265548,0.8622315,0.0492095,0.0392823,0.190058] [100,1000,100,1000,100,40,40,20,20,20,20,0.5] [0.01,0.001,1e-06,0.001,1e-06,0,0,1e-05,1e-10,1e-10,1e-10,1e-05] [100,10] fmin
founder_asym_hist_3epoch_exp_growth_p1 50 [NAM,HAW] False 3 [4.9515189,54.5579912,7.6750849,96.5417538,18.649858,3.3241872,7.3306373,4.6265548,0.8622315,0.0492095,0.0392823,0.190058] [100,1000,100,1000,100,40,40,20,20,20,20,0.5] [0.01,0.001,1e-06,0.001,1e-06,0,0,1e-05,1e-10,1e-10,1e-10,1e-05] [100,10] fmin
founder_asym_hist_3epoch_exp_growth_p1 50 [NAM,HAW] False 3 [4.9515189,54.5579912,7.6750849,96.5417538,18.649858,3.3241872,7.3306373,4.6265548,0.8622315,0.0492095,0.0392823,0.190058] [100,1000,100,1000,100,40,40,20,20,20,20,0.5] [0.01,0.001,1e-06,0.001,1e-06,0,0,1e-05,1e-10,1e-10,1e-10,1e-05] [100,10] fmin
founder_asym_hist_3epoch_exp_growth_p1 50 [NAM,HAW] False 3 [4.9515189,54.5579912,7.6750849,96.5417538,18.649858,3.3241872,7.3306373,4.6265548,0.8622315,0.0492095,0.0392823,0.190058] [100,1000,100,1000,100,40,40,20,20,20,20,0.5] [0.01,0.001,1e-06,0.001,1e-06,0,0,1e-05,1e-10,1e-10,1e-10,1e-05] [100,10] fmin
founder_asym_hist_3epoch_exp_growth_p1 50 [NAM,HAW] False 3 [4.9515189,54.5579912,7.6750849,96.5417538,18.649858,3.3241872,7.3306373,4.6265548,0.8622315,0.0492095,0.0392823,0.190058] [100,1000,100,1000,100,40,40,20,20,20,20,0.5] [0.01,0.001,1e-06,0.001,1e-06,0,0,1e-05,1e-10,1e-10,1e-10,1e-05] [100,10] fmin
founder_asym_hist_3epoch_exp_growth_p1 50 [NAM,HAW] False 3 [4.9515189,54.5579912,7.6750849,96.5417538,18.649858,3.3241872,7.3306373,4.6265548,0.8622315,0.0492095,0.0392823,0.190058] [100,1000,100,1000,100,40,40,20,20,20,20,0.5] [0.01,0.001,1e-06,0.001,1e-06,0,0,1e-05,1e-10,1e-10,1e-10,1e-05] [100,10] fmin
founder_asym_hist_3epoch_exp_growth_p1 50 [NAM,HAW] False 3 [4.9515189,54.5579912,7.6750849,96.5417538,18.649858,3.3241872,7.3306373,4.6265548,0.8622315,0.0492095,0.0392823,0.190058] [100,1000,100,1000,100,40,40,20,20,20,20,0.5] [0.01,0.001,1e-06,0.001,1e-06,0,0,1e-05,1e-10,1e-10,1e-10,1e-05] [100,10] fmin
founder_asym_hist_3epoch_exp_growth_p1 50 [NAM,HAW] False 3 [4.9515189,54.5579912,7.6750849,96.5417538,18.649858,3.3241872,7.3306373,4.6265548,0.8622315,0.0492095,0.0392823,0.190058] [100,1000,100,1000,100,40,40,20,20,20,20,0.5] [0.01,0.001,1e-06,0.001,1e-06,0,0,1e-05,1e-10,1e-10,1e-10,1e-05] [100,10] fmin
founder_asym_hist_3epoch_exp_growth_p1 50 [NAM,HAW] False 3 [4.9515189,54.5579912,7.6750849,96.5417538,18.649858,3.3241872,7.3306373,4.6265548,0.8622315,0.0492095,0.0392823,0.190058] [100,1000,100,1000,100,40,40,20,20,20,20,0.5] [0.01,0.001,1e-06,0.001,1e-06,0,0,1e-05,1e-10,1e-10,1e-10,1e-05] [100,10] fmin
founder_asym_hist_3epoch_exp_growth_p1 50 [NAM,HAW] False 3 [4.9515189,54.5579912,7.6750849,96.5417538,18.649858,3.3241872,7.3306373,4.6265548,0.8622315,0.0492095,0.0392823,0.190058] [100,1000,100,1000,100,40,40,20,20,20,20,0.5] [0.01,0.001,1e-06,0.001,1e-06,0,0,1e-05,1e-10,1e-10,1e-10,1e-05] [100,10] fmin
founder_asym_hist_3epoch_exp_growth_p1 50 [NAM,HAW] False 3 [4.9515189,54.5579912,7.6750849,96.5417538,18.649858,3.3241872,7.3306373,4.6265548,0.8622315,0.0492095,0.0392823,0.190058] [100,1000,100,1000,100,40,40,20,20,20,20,0.5] [0.01,0.001,1e-06,0.001,1e-06,0,0,1e-05,1e-10,1e-10,1e-10,1e-05] [100,10] fmin
founder_asym_hist_3epoch_exp_growth_p1 50 [NAM,HAW] False 3 [4.9515189,54.5579912,7.6750849,96.5417538,18.649858,3.3241872,7.3306373,4.6265548,0.8622315,0.0492095,0.0392823,0.190058] [100,1000,100,1000,100,40,40,20,20,20,20,0.5] [0.01,0.001,1e-06,0.001,1e-06,0,0,1e-05,1e-10,1e-10,1e-10,1e-05] [100,10] fmin
founder_asym_hist_3epoch_exp_growth_p1 50 [NAM,HAW] False 3 [4.9515189,54.5579912,7.6750849,96.5417538,18.649858,3.3241872,7.3306373,4.6265548,0.8622315,0.0492095,0.0392823,0.190058] [100,1000,100,1000,100,40,40,20,20,20,20,0.5] [0.01,0.001,1e-06,0.001,1e-06,0,0,1e-05,1e-10,1e-10,1e-10,1e-05] [100,10] fmin
founder_asym_hist_3epoch_exp_growth_p1 50 [NAM,HAW] False 3 [4.9515189,54.5579912,7.6750849,96.5417538,18.649858,3.3241872,7.3306373,4.6265548,0.8622315,0.0492095,0.0392823,0.190058] [100,1000,100,1000,100,40,40,20,20,20,20,0.5] [0.01,0.001,1e-06,0.001,1e-06,0,0,1e-05,1e-10,1e-10,1e-10,1e-05] [100,10] fmin
founder_asym_hist_3epoch_exp_growth_p1 50 [NAM,HAW] False 3 [4.9515189,54.5579912,7.6750849,96.5417538,18.649858,3.3241872,7.3306373,4.6265548,0.8622315,0.0492095,0.0392823,0.190058] [100,1000,100,1000,100,40,40,20,20,20,20,0.5] [0.01,0.001,1e-06,0.001,1e-06,0,0,1e-05,1e-10,1e-10,1e-10,1e-05] [100,10] fmin
founder_asym_hist_3epoch_exp_growth_p1 50 [NAM,HAW] False 3 [4.9515189,54.5579912,7.6750849,96.5417538,18.649858,3.3241872,7.3306373,4.6265548,0.8622315,0.0492095,0.0392823,0.190058] [100,1000,100,1000,100,40,40,20,20,20,20,0.5] [0.01,0.001,1e-06,0.001,1e-06,0,0,1e-05,1e-10,1e-10,1e-10,1e-05] [100,10] fmin
founder_asym_hist_3epoch_exp_growth_p1 50 [NAM,HAW] False 3 [4.9515189,54.5579912,7.6750849,96.5417538,18.649858,3.3241872,7.3306373,4.6265548,0.8622315,0.0492095,0.0392823,0.190058] [100,1000,100,1000,100,40,40,20,20,20,20,0.5] [0.01,0.001,1e-06,0.001,1e-06,0,0,1e-05,1e-10,1e-10,1e-10,1e-05] [100,10] fmin
founder_asym_hist_3epoch_exp_growth_p1 50 [NAM,HAW] False 3 [4.9515189,54.5579912,7.6750849,96.5417538,18.649858,3.3241872,7.3306373,4.6265548,0.8622315,0.0492095,0.0392823,0.190058] [100,1000,100,1000,100,40,40,20,20,20,20,0.5] [0.01,0.001,1e-06,0.001,1e-06,0,0,1e-05,1e-10,1e-10,1e-10,1e-05] [100,10] fmin
founder_asym_hist_3epoch_exp_growth_p1 50 [NAM,HAW] False 3 [4.9515189,54.5579912,7.6750849,96.5417538,18.649858,3.3241872,7.3306373,4.6265548,0.8622315,0.0492095,0.0392823,0.190058] [100,1000,100,1000,100,40,40,20,20,20,20,0.5] [0.01,0.001,1e-06,0.001,1e-06,0,0,1e-05,1e-10,1e-10,1e-10,1e-05] [100,10] fmin
founder_asym_hist_3epoch_exp_growth_p1 50 [NAM,HAW] False 3 [4.9515189,54.5579912,7.6750849,96.5417538,18.649858,3.3241872,7.3306373,4.6265548,0.8622315,0.0492095,0.0392823,0.190058] [100,1000,100,1000,100,40,40,20,20,20,20,0.5] [0.01,0.001,1e-06,0.001,1e-06,0,0,1e-05,1e-10,1e-10,1e-10,1e-05] [100,10] fmin
founder_asym_hist_3epoch_exp_growth_p1 50 [NAM,HAW] False 3 [4.9515189,54.5579912,7.6750849,96.5417538,18.649858,3.3241872,7.3306373,4.6265548,0.8622315,0.0492095,0.0392823,0.190058] [100,1000,100,1000,100,40,40,20,20,20,20,0.5] [0.01,0.001,1e-06,0.001,1e-06,0,0,1e-05,1e-10,1e-10,1e-10,1e-05] [100,10] fmin
founder_asym_hist_3epoch_exp_growth_p1 50 [NAM,HAW] False 3 [4.9515189,54.5579912,7.6750849,96.5417538,18.649858,3.3241872,7.3306373,4.6265548,0.8622315,0.0492095,0.0392823,0.190058] [100,1000,100,1000,100,40,40,20,20,20,20,0.5] [0.01,0.001,1e-06,0.001,1e-06,0,0,1e-05,1e-10,1e-10,1e-10,1e-05] [100,10] fmin
founder_asym_hist_3epoch_exp_growth_p1 50 [NAM,HAW] False 3 [4.9515189,54.5579912,7.6750849,96.5417538,18.649858,3.3241872,7.3306373,4.6265548,0.8622315,0.0492095,0.0392823,0.190058] [100,1000,100,1000,100,40,40,20,20,20,20,0.5] [0.01,0.001,1e-06,0.001,1e-06,0,0,1e-05,1e-10,1e-10,1e-10,1e-05] [100,10] fmin
founder_asym_hist_3epoch_exp_growth_p1 50 [NAM,HAW] False 3 [4.9515189,54.5579912,7.6750849,96.5417538,18.649858,3.3241872,7.3306373,4.6265548,0.8622315,0.0492095,0.0392823,0.190058] [100,1000,100,1000,100,40,40,20,20,20,20,0.5] [0.01,0.001,1e-06,0.001,1e-06,0,0,1e-05,1e-10,1e-10,1e-10,1e-05] [100,10] fmin
founder_asym_hist_3epoch_exp_growth_p1 50 [NAM,HAW] False 3 [4.9515189,54.5579912,7.6750849,96.5417538,18.649858,3.3241872,7.3306373,4.6265548,0.8622315,0.0492095,0.0392823,0.190058] [100,1000,100,1000,100,40,40,20,20,20,20,0.5] [0.01,0.001,1e-06,0.001,1e-06,0,0,1e-05,1e-10,1e-10,1e-10,1e-05] [100,10] fmin
founder_asym_hist_3epoch_exp_growth_p1 50 [NAM,HAW] False 3 [4.9515189,54.5579912,7.6750849,96.5417538,18.649858,3.3241872,7.3306373,4.6265548,0.8622315,0.0492095,0.0392823,0.190058] [100,1000,100,1000,100,40,40,20,20,20,20,0.5] [0.01,0.001,1e-06,0.001,1e-06,0,0,1e-05,1e-10,1e-10,1e-10,1e-05] [100,10] fmin
founder_asym_hist_3epoch_exp_growth_p1 50 [NAM,HAW] False 3 [4.9515189,54.5579912,7.6750849,96.5417538,18.649858,3.3241872,7.3306373,4.6265548,0.8622315,0.0492095,0.0392823,0.190058] [100,1000,100,1000,100,40,40,20,20,20,20,0.5] [0.01,0.001,1e-06,0.001,1e-06,0,0,1e-05,1e-10,1e-10,1e-10,1e-05] [100,10] fmin
founder_asym_hist_3epoch_exp_growth_p1 50 [NAM,HAW] False 3 [4.9515189,54.5579912,7.6750849,96.5417538,18.649858,3.3241872,7.3306373,4.6265548,0.8622315,0.0492095,0.0392823,0.190058] [100,1000,100,1000,100,40,40,20,20,20,20,0.5] [0.01,0.001,1e-06,0.001,1e-06,0,0,1e-05,1e-10,1e-10,1e-10,1e-05] [100,10] fmin
founder_asym_hist_3epoch_exp_growth_p1 50 [NAM,HAW] False 3 [4.9515189,54.5579912,7.6750849,96.5417538,18.649858,3.3241872,7.3306373,4.6265548,0.8622315,0.0492095,0.0392823,0.190058] [100,1000,100,1000,100,40,40,20,20,20,20,0.5] [0.01,0.001,1e-06,0.001,1e-06,0,0,1e-05,1e-10,1e-10,1e-10,1e-05] [100,10] fmin
founder_asym_hist_3epoch_exp_growth_p1 50 [NAM,HAW] False 3 [4.9515189,54.5579912,7.6750849,96.5417538,18.649858,3.3241872,7.3306373,4.6265548,0.8622315,0.0492095,0.0392823,0.190058] [100,1000,100,1000,100,40,40,20,20,20,20,0.5] [0.01,0.001,1e-06,0.001,1e-06,0,0,1e-05,1e-10,1e-10,1e-10,1e-05] [100,10] fmin
founder_asym_hist_3epoch_exp_growth_p1 50 [NAM,HAW] False 3 [4.9515189,54.5579912,7.6750849,96.5417538,18.649858,3.3241872,7.3306373,4.6265548,0.8622315,0.0492095,0.0392823,0.190058] [100,1000,100,1000,100,40,40,20,20,20,20,0.5] [0.01,0.001,1e-06,0.001,1e-06,0,0,1e-05,1e-10,1e-10,1e-10,1e-05] [100,10] fmin
founder_asym_hist_3epoch_exp_growth_p1 50 [NAM,HAW] False 3 [4.9515189,54.5579912,7.6750849,96.5417538,18.649858,3.3241872,7.3306373,4.6265548,0.8622315,0.0492095,0.0392823,0.190058] [100,1000,100,1000,100,40,40,20,20,20,20,0.5] [0.01,0.001,1e-06,0.001,1e-06,0,0,1e-05,1e-10,1e-10,1e-10,1e-05] [100,10] fmin
founder_asym_hist_3epoch_exp_growth_p1 50 [NAM,HAW] False 3 [4.9515189,54.5579912,7.6750849,96.5417538,18.649858,3.3241872,7.3306373,4.6265548,0.8622315,0.0492095,0.0392823,0.190058] [100,1000,100,1000,100,40,40,20,20,20,20,0.5] [0.01,0.001,1e-06,0.001,1e-06,0,0,1e-05,1e-10,1e-10,1e-10,1e-05] [100,10] fmin
founder_asym_hist_3epoch_exp_growth_p1 50 [NAM,HAW] False 3 [4.9515189,54.5579912,7.6750849,96.5417538,18.649858,3.3241872,7.3306373,4.6265548,0.8622315,0.0492095,0.0392823,0.190058] [100,1000,100,1000,100,40,40,20,20,20,20,0.5] [0.01,0.001,1e-06,0.001,1e-06,0,0,1e-05,1e-10,1e-10,1e-10,1e-05] [100,10] fmin
founder_asym_hist_3epoch_exp_growth_p1 50 [NAM,HAW] False 3 [4.9515189,54.5579912,7.6750849,96.5417538,18.649858,3.3241872,7.3306373,4.6265548,0.8622315,0.0492095,0.0392823,0.190058] [100,1000,100,1000,100,40,40,20,20,20,20,0.5] [0.01,0.001,1e-06,0.001,1e-06,0,0,1e-05,1e-10,1e-10,1e-10,1e-05] [100,10] fmin
founder_asym_hist_3epoch_exp_growth_p1 50 [NAM,HAW] False 3 [4.9515189,54.5579912,7.6750849,96.5417538,18.649858,3.3241872,7.3306373,4.6265548,0.8622315,0.0492095,0.0392823,0.190058] [100,1000,100,1000,100,40,40,20,20,20,20,0.5] [0.01,0.001,1e-06,0.001,1e-06,0,0,1e-05,1e-10,1e-10,1e-10,1e-05] [100,10] fmin
founder_asym_hist_3epoch_exp_growth_p1 50 [NAM,HAW] False 3 [4.9515189,54.5579912,7.6750849,96.5417538,18.649858,3.3241872,7.3306373,4.6265548,0.8622315,0.0492095,0.0392823,0.190058] [100,1000,100,1000,100,40,40,20,20,20,20,0.5] [0.01,0.001,1e-06,0.001,1e-06,0,0,1e-05,1e-10,1e-10,1e-10,1e-05] [100,10] fmin
founder_asym_hist_3epoch_exp_growth_p1 50 [NAM,HAW] False 3 [4.9515189,54.5579912,7.6750849,96.5417538,18.649858,3.3241872,7.3306373,4.6265548,0.8622315,0.0492095,0.0392823,0.190058] [100,1000,100,1000,100,40,40,20,20,20,20,0.5] [0.01,0.001,1e-06,0.001,1e-06,0,0,1e-05,1e-10,1e-10,1e-10,1e-05] [100,10] fmin
founder_asym_hist_3epoch_exp_growth_p1 50 [NAM,HAW] False 3 [4.9515189,54.5579912,7.6750849,96.5417538,18.649858,3.3241872,7.3306373,4.6265548,0.8622315,0.0492095,0.0392823,0.190058] [100,1000,100,1000,100,40,40,20,20,20,20,0.5] [0.01,0.001,1e-06,0.001,1e-06,0,0,1e-05,1e-10,1e-10,1e-10,1e-05] [100,10] fmin
founder_asym_hist_3epoch_exp_growth_p1 50 [NAM,HAW] False 3 [4.9515189,54.5579912,7.6750849,96.5417538,18.649858,3.3241872,7.3306373,4.6265548,0.8622315,0.0492095,0.0392823,0.190058] [100,1000,100,1000,100,40,40,20,20,20,20,0.5] [0.01,0.001,1e-06,0.001,1e-06,0,0,1e-05,1e-10,1e-10,1e-10,1e-05] [100,10] fmin
founder_asym_hist_3epoch_exp_growth_p1 50 [NAM,HAW] False 3 [4.9515189,54.5579912,7.6750849,96.5417538,18.649858,3.3241872,7.3306373,4.6265548,0.8622315,0.0492095,0.0392823,0.190058] [100,1000,100,1000,100,40,40,20,20,20,20,0.5] [0.01,0.001,1e-06,0.001,1e-06,0,0,1e-05,1e-10,1e-10,1e-10,1e-05] [100,10] fmin
