founder_asym_hist_3epoch_exp_growth_p1 50 [NAM,HAW] False 2 [34.7935487,446.2424594,29.1176101,297.1102805,6.5650222,1.0182849,7.4346777,5.3207633,1.8519022,0.4967441,0.150533,0.2271185] [100,1000,100,1000,100,40,40,20,20,20,20,0.5] [0.01,0.001,1e-06,0.001,1e-06,0,0,1e-05,1e-10,1e-10,1e-10,1e-05] [100,10] fmin
founder_asym_hist_3epoch_exp_growth_p1 50 [NAM,HAW] False 2 [34.7935487,446.2424594,29.1176101,297.1102805,6.5650222,1.0182849,7.4346777,5.3207633,1.8519022,0.4967441,0.150533,0.2271185] [100,1000,100,1000,100,40,40,20,20,20,20,0.5] [0.01,0.001,1e-06,0.001,1e-06,0,0,1e-05,1e-10,1e-10,1e-10,1e-05] [100,10] fmin
founder_asym_hist_3epoch_exp_growth_p1 50 [NAM,HAW] False 2 [34.7935487,446.2424594,29.1176101,297.1102805,6.5650222,1.0182849,7.4346777,5.3207633,1.8519022,0.4967441,0.150533,0.2271185] [100,1000,100,1000,100,40,40,20,20,20,20,0.5] [0.01,0.001,1e-06,0.001,1e-06,0,0,1e-05,1e-10,1e-10,1e-10,1e-05] [100,10] fmin
founder_asym_hist_3epoch_exp_growth_p1 50 [NAM,HAW] False 2 [34.7935487,446.2424594,29.1176101,297.1102805,6.5650222,1.0182849,7.4346777,5.3207633,1.8519022,0.4967441,0.150533,0.2271185] [100,1000,100,1000,100,40,40,20,20,20,20,0.5] [0.01,0.001,1e-06,0.001,1e-06,0,0,1e-05,1e-10,1e-10,1e-10,1e-05] [100,10] fmin
founder_asym_hist_3epoch_exp_growth_p1 50 [NAM,HAW] False 2 [34.7935487,446.2424594,29.1176101,297.1102805,6.5650222,1.0182849,7.4346777,5.3207633,1.8519022,0.4967441,0.150533,0.2271185] [100,1000,100,1000,100,40,40,20,20,20,20,0.5] [0.01,0.001,1e-06,0.001,1e-06,0,0,1e-05,1e-10,1e-10,1e-10,1e-05] [100,10] fmin
founder_asym_hist_3epoch_exp_growth_p1 50 [NAM,HAW] False 2 [34.7935487,446.2424594,29.1176101,297.1102805,6.5650222,1.0182849,7.4346777,5.3207633,1.8519022,0.4967441,0.150533,0.2271185] [100,1000,100,1000,100,40,40,20,20,20,20,0.5] [0.01,0.001,1e-06,0.001,1e-06,0,0,1e-05,1e-10,1e-10,1e-10,1e-05] [100,10] fmin
founder_asym_hist_3epoch_exp_growth_p1 50 [NAM,HAW] False 2 [34.7935487,446.2424594,29.1176101,297.1102805,6.5650222,1.0182849,7.4346777,5.3207633,1.8519022,0.4967441,0.150533,0.2271185] [100,1000,100,1000,100,40,40,20,20,20,20,0.5] [0.01,0.001,1e-06,0.001,1e-06,0,0,1e-05,1e-10,1e-10,1e-10,1e-05] [100,10] fmin
founder_asym_hist_3epoch_exp_growth_p1 50 [NAM,HAW] False 2 [34.7935487,446.2424594,29.1176101,297.1102805,6.5650222,1.0182849,7.4346777,5.3207633,1.8519022,0.4967441,0.150533,0.2271185] [100,1000,100,1000,100,40,40,20,20,20,20,0.5] [0.01,0.001,1e-06,0.001,1e-06,0,0,1e-05,1e-10,1e-10,1e-10,1e-05] [100,10] fmin
founder_asym_hist_3epoch_exp_growth_p1 50 [NAM,HAW] False 2 [34.7935487,446.2424594,29.1176101,297.1102805,6.5650222,1.0182849,7.4346777,5.3207633,1.8519022,0.4967441,0.150533,0.2271185] [100,1000,100,1000,100,40,40,20,20,20,20,0.5] [0.01,0.001,1e-06,0.001,1e-06,0,0,1e-05,1e-10,1e-10,1e-10,1e-05] [100,10] fmin
founder_asym_hist_3epoch_exp_growth_p1 50 [NAM,HAW] False 2 [34.7935487,446.2424594,29.1176101,297.1102805,6.5650222,1.0182849,7.4346777,5.3207633,1.8519022,0.4967441,0.150533,0.2271185] [100,1000,100,1000,100,40,40,20,20,20,20,0.5] [0.01,0.001,1e-06,0.001,1e-06,0,0,1e-05,1e-10,1e-10,1e-10,1e-05] [100,10] fmin
founder_asym_hist_3epoch_exp_growth_p1 50 [NAM,HAW] False 2 [34.7935487,446.2424594,29.1176101,297.1102805,6.5650222,1.0182849,7.4346777,5.3207633,1.8519022,0.4967441,0.150533,0.2271185] [100,1000,100,1000,100,40,40,20,20,20,20,0.5] [0.01,0.001,1e-06,0.001,1e-06,0,0,1e-05,1e-10,1e-10,1e-10,1e-05] [100,10] fmin
founder_asym_hist_3epoch_exp_growth_p1 50 [NAM,HAW] False 2 [34.7935487,446.2424594,29.1176101,297.1102805,6.5650222,1.0182849,7.4346777,5.3207633,1.8519022,0.4967441,0.150533,0.2271185] [100,1000,100,1000,100,40,40,20,20,20,20,0.5] [0.01,0.001,1e-06,0.001,1e-06,0,0,1e-05,1e-10,1e-10,1e-10,1e-05] [100,10] fmin
founder_asym_hist_3epoch_exp_growth_p1 50 [NAM,HAW] False 2 [34.7935487,446.2424594,29.1176101,297.1102805,6.5650222,1.0182849,7.4346777,5.3207633,1.8519022,0.4967441,0.150533,0.2271185] [100,1000,100,1000,100,40,40,20,20,20,20,0.5] [0.01,0.001,1e-06,0.001,1e-06,0,0,1e-05,1e-10,1e-10,1e-10,1e-05] [100,10] fmin
founder_asym_hist_3epoch_exp_growth_p1 50 [NAM,HAW] False 2 [34.7935487,446.2424594,29.1176101,297.1102805,6.5650222,1.0182849,7.4346777,5.3207633,1.8519022,0.4967441,0.150533,0.2271185] [100,1000,100,1000,100,40,40,20,20,20,20,0.5] [0.01,0.001,1e-06,0.001,1e-06,0,0,1e-05,1e-10,1e-10,1e-10,1e-05] [100,10] fmin
founder_asym_hist_3epoch_exp_growth_p1 50 [NAM,HAW] False 2 [34.7935487,446.2424594,29.1176101,297.1102805,6.5650222,1.0182849,7.4346777,5.3207633,1.8519022,0.4967441,0.150533,0.2271185] [100,1000,100,1000,100,40,40,20,20,20,20,0.5] [0.01,0.001,1e-06,0.001,1e-06,0,0,1e-05,1e-10,1e-10,1e-10,1e-05] [100,10] fmin
founder_asym_hist_3epoch_exp_growth_p1 50 [NAM,HAW] False 2 [34.7935487,446.2424594,29.1176101,297.1102805,6.5650222,1.0182849,7.4346777,5.3207633,1.8519022,0.4967441,0.150533,0.2271185] [100,1000,100,1000,100,40,40,20,20,20,20,0.5] [0.01,0.001,1e-06,0.001,1e-06,0,0,1e-05,1e-10,1e-10,1e-10,1e-05] [100,10] fmin
founder_asym_hist_3epoch_exp_growth_p1 50 [NAM,HAW] False 2 [34.7935487,446.2424594,29.1176101,297.1102805,6.5650222,1.0182849,7.4346777,5.3207633,1.8519022,0.4967441,0.150533,0.2271185] [100,1000,100,1000,100,40,40,20,20,20,20,0.5] [0.01,0.001,1e-06,0.001,1e-06,0,0,1e-05,1e-10,1e-10,1e-10,1e-05] [100,10] fmin
founder_asym_hist_3epoch_exp_growth_p1 50 [NAM,HAW] False 2 [34.7935487,446.2424594,29.1176101,297.1102805,6.5650222,1.0182849,7.4346777,5.3207633,1.8519022,0.4967441,0.150533,0.2271185] [100,1000,100,1000,100,40,40,20,20,20,20,0.5] [0.01,0.001,1e-06,0.001,1e-06,0,0,1e-05,1e-10,1e-10,1e-10,1e-05] [100,10] fmin
founder_asym_hist_3epoch_exp_growth_p1 50 [NAM,HAW] False 2 [34.7935487,446.2424594,29.1176101,297.1102805,6.5650222,1.0182849,7.4346777,5.3207633,1.8519022,0.4967441,0.150533,0.2271185] [100,1000,100,1000,100,40,40,20,20,20,20,0.5] [0.01,0.001,1e-06,0.001,1e-06,0,0,1e-05,1e-10,1e-10,1e-10,1e-05] [100,10] fmin
founder_asym_hist_3epoch_exp_growth_p1 50 [NAM,HAW] False 2 [34.7935487,446.2424594,29.1176101,297.1102805,6.5650222,1.0182849,7.4346777,5.3207633,1.8519022,0.4967441,0.150533,0.2271185] [100,1000,100,1000,100,40,40,20,20,20,20,0.5] [0.01,0.001,1e-06,0.001,1e-06,0,0,1e-05,1e-10,1e-10,1e-10,1e-05] [100,10] fmin
founder_asym_hist_3epoch_exp_growth_p1 50 [NAM,HAW] False 2 [34.7935487,446.2424594,29.1176101,297.1102805,6.5650222,1.0182849,7.4346777,5.3207633,1.8519022,0.4967441,0.150533,0.2271185] [100,1000,100,1000,100,40,40,20,20,20,20,0.5] [0.01,0.001,1e-06,0.001,1e-06,0,0,1e-05,1e-10,1e-10,1e-10,1e-05] [100,10] fmin
founder_asym_hist_3epoch_exp_growth_p1 50 [NAM,HAW] False 2 [34.7935487,446.2424594,29.1176101,297.1102805,6.5650222,1.0182849,7.4346777,5.3207633,1.8519022,0.4967441,0.150533,0.2271185] [100,1000,100,1000,100,40,40,20,20,20,20,0.5] [0.01,0.001,1e-06,0.001,1e-06,0,0,1e-05,1e-10,1e-10,1e-10,1e-05] [100,10] fmin
founder_asym_hist_3epoch_exp_growth_p1 50 [NAM,HAW] False 2 [34.7935487,446.2424594,29.1176101,297.1102805,6.5650222,1.0182849,7.4346777,5.3207633,1.8519022,0.4967441,0.150533,0.2271185] [100,1000,100,1000,100,40,40,20,20,20,20,0.5] [0.01,0.001,1e-06,0.001,1e-06,0,0,1e-05,1e-10,1e-10,1e-10,1e-05] [100,10] fmin
founder_asym_hist_3epoch_exp_growth_p1 50 [NAM,HAW] False 2 [34.7935487,446.2424594,29.1176101,297.1102805,6.5650222,1.0182849,7.4346777,5.3207633,1.8519022,0.4967441,0.150533,0.2271185] [100,1000,100,1000,100,40,40,20,20,20,20,0.5] [0.01,0.001,1e-06,0.001,1e-06,0,0,1e-05,1e-10,1e-10,1e-10,1e-05] [100,10] fmin
founder_asym_hist_3epoch_exp_growth_p1 50 [NAM,HAW] False 2 [34.7935487,446.2424594,29.1176101,297.1102805,6.5650222,1.0182849,7.4346777,5.3207633,1.8519022,0.4967441,0.150533,0.2271185] [100,1000,100,1000,100,40,40,20,20,20,20,0.5] [0.01,0.001,1e-06,0.001,1e-06,0,0,1e-05,1e-10,1e-10,1e-10,1e-05] [100,10] fmin
founder_asym_hist_3epoch_exp_growth_p1 50 [NAM,HAW] False 2 [34.7935487,446.2424594,29.1176101,297.1102805,6.5650222,1.0182849,7.4346777,5.3207633,1.8519022,0.4967441,0.150533,0.2271185] [100,1000,100,1000,100,40,40,20,20,20,20,0.5] [0.01,0.001,1e-06,0.001,1e-06,0,0,1e-05,1e-10,1e-10,1e-10,1e-05] [100,10] fmin
founder_asym_hist_3epoch_exp_growth_p1 50 [NAM,HAW] False 2 [34.7935487,446.2424594,29.1176101,297.1102805,6.5650222,1.0182849,7.4346777,5.3207633,1.8519022,0.4967441,0.150533,0.2271185] [100,1000,100,1000,100,40,40,20,20,20,20,0.5] [0.01,0.001,1e-06,0.001,1e-06,0,0,1e-05,1e-10,1e-10,1e-10,1e-05] [100,10] fmin
founder_asym_hist_3epoch_exp_growth_p1 50 [NAM,HAW] False 2 [34.7935487,446.2424594,29.1176101,297.1102805,6.5650222,1.0182849,7.4346777,5.3207633,1.8519022,0.4967441,0.150533,0.2271185] [100,1000,100,1000,100,40,40,20,20,20,20,0.5] [0.01,0.001,1e-06,0.001,1e-06,0,0,1e-05,1e-10,1e-10,1e-10,1e-05] [100,10] fmin
founder_asym_hist_3epoch_exp_growth_p1 50 [NAM,HAW] False 2 [34.7935487,446.2424594,29.1176101,297.1102805,6.5650222,1.0182849,7.4346777,5.3207633,1.8519022,0.4967441,0.150533,0.2271185] [100,1000,100,1000,100,40,40,20,20,20,20,0.5] [0.01,0.001,1e-06,0.001,1e-06,0,0,1e-05,1e-10,1e-10,1e-10,1e-05] [100,10] fmin
founder_asym_hist_3epoch_exp_growth_p1 50 [NAM,HAW] False 2 [34.7935487,446.2424594,29.1176101,297.1102805,6.5650222,1.0182849,7.4346777,5.3207633,1.8519022,0.4967441,0.150533,0.2271185] [100,1000,100,1000,100,40,40,20,20,20,20,0.5] [0.01,0.001,1e-06,0.001,1e-06,0,0,1e-05,1e-10,1e-10,1e-10,1e-05] [100,10] fmin
founder_asym_hist_3epoch_exp_growth_p1 50 [NAM,HAW] False 2 [34.7935487,446.2424594,29.1176101,297.1102805,6.5650222,1.0182849,7.4346777,5.3207633,1.8519022,0.4967441,0.150533,0.2271185] [100,1000,100,1000,100,40,40,20,20,20,20,0.5] [0.01,0.001,1e-06,0.001,1e-06,0,0,1e-05,1e-10,1e-10,1e-10,1e-05] [100,10] fmin
founder_asym_hist_3epoch_exp_growth_p1 50 [NAM,HAW] False 2 [34.7935487,446.2424594,29.1176101,297.1102805,6.5650222,1.0182849,7.4346777,5.3207633,1.8519022,0.4967441,0.150533,0.2271185] [100,1000,100,1000,100,40,40,20,20,20,20,0.5] [0.01,0.001,1e-06,0.001,1e-06,0,0,1e-05,1e-10,1e-10,1e-10,1e-05] [100,10] fmin
founder_asym_hist_3epoch_exp_growth_p1 50 [NAM,HAW] False 2 [34.7935487,446.2424594,29.1176101,297.1102805,6.5650222,1.0182849,7.4346777,5.3207633,1.8519022,0.4967441,0.150533,0.2271185] [100,1000,100,1000,100,40,40,20,20,20,20,0.5] [0.01,0.001,1e-06,0.001,1e-06,0,0,1e-05,1e-10,1e-10,1e-10,1e-05] [100,10] fmin
founder_asym_hist_3epoch_exp_growth_p1 50 [NAM,HAW] False 2 [34.7935487,446.2424594,29.1176101,297.1102805,6.5650222,1.0182849,7.4346777,5.3207633,1.8519022,0.4967441,0.150533,0.2271185] [100,1000,100,1000,100,40,40,20,20,20,20,0.5] [0.01,0.001,1e-06,0.001,1e-06,0,0,1e-05,1e-10,1e-10,1e-10,1e-05] [100,10] fmin
founder_asym_hist_3epoch_exp_growth_p1 50 [NAM,HAW] False 2 [34.7935487,446.2424594,29.1176101,297.1102805,6.5650222,1.0182849,7.4346777,5.3207633,1.8519022,0.4967441,0.150533,0.2271185] [100,1000,100,1000,100,40,40,20,20,20,20,0.5] [0.01,0.001,1e-06,0.001,1e-06,0,0,1e-05,1e-10,1e-10,1e-10,1e-05] [100,10] fmin
founder_asym_hist_3epoch_exp_growth_p1 50 [NAM,HAW] False 2 [34.7935487,446.2424594,29.1176101,297.1102805,6.5650222,1.0182849,7.4346777,5.3207633,1.8519022,0.4967441,0.150533,0.2271185] [100,1000,100,1000,100,40,40,20,20,20,20,0.5] [0.01,0.001,1e-06,0.001,1e-06,0,0,1e-05,1e-10,1e-10,1e-10,1e-05] [100,10] fmin
founder_asym_hist_3epoch_exp_growth_p1 50 [NAM,HAW] False 2 [34.7935487,446.2424594,29.1176101,297.1102805,6.5650222,1.0182849,7.4346777,5.3207633,1.8519022,0.4967441,0.150533,0.2271185] [100,1000,100,1000,100,40,40,20,20,20,20,0.5] [0.01,0.001,1e-06,0.001,1e-06,0,0,1e-05,1e-10,1e-10,1e-10,1e-05] [100,10] fmin
founder_asym_hist_3epoch_exp_growth_p1 50 [NAM,HAW] False 2 [34.7935487,446.2424594,29.1176101,297.1102805,6.5650222,1.0182849,7.4346777,5.3207633,1.8519022,0.4967441,0.150533,0.2271185] [100,1000,100,1000,100,40,40,20,20,20,20,0.5] [0.01,0.001,1e-06,0.001,1e-06,0,0,1e-05,1e-10,1e-10,1e-10,1e-05] [100,10] fmin
founder_asym_hist_3epoch_exp_growth_p1 50 [NAM,HAW] False 2 [34.7935487,446.2424594,29.1176101,297.1102805,6.5650222,1.0182849,7.4346777,5.3207633,1.8519022,0.4967441,0.150533,0.2271185] [100,1000,100,1000,100,40,40,20,20,20,20,0.5] [0.01,0.001,1e-06,0.001,1e-06,0,0,1e-05,1e-10,1e-10,1e-10,1e-05] [100,10] fmin
founder_asym_hist_3epoch_exp_growth_p1 50 [NAM,HAW] False 2 [34.7935487,446.2424594,29.1176101,297.1102805,6.5650222,1.0182849,7.4346777,5.3207633,1.8519022,0.4967441,0.150533,0.2271185] [100,1000,100,1000,100,40,40,20,20,20,20,0.5] [0.01,0.001,1e-06,0.001,1e-06,0,0,1e-05,1e-10,1e-10,1e-10,1e-05] [100,10] fmin
founder_asym_hist_3epoch_exp_growth_p1 50 [NAM,HAW] False 2 [34.7935487,446.2424594,29.1176101,297.1102805,6.5650222,1.0182849,7.4346777,5.3207633,1.8519022,0.4967441,0.150533,0.2271185] [100,1000,100,1000,100,40,40,20,20,20,20,0.5] [0.01,0.001,1e-06,0.001,1e-06,0,0,1e-05,1e-10,1e-10,1e-10,1e-05] [100,10] fmin
founder_asym_hist_3epoch_exp_growth_p1 50 [NAM,HAW] False 2 [34.7935487,446.2424594,29.1176101,297.1102805,6.5650222,1.0182849,7.4346777,5.3207633,1.8519022,0.4967441,0.150533,0.2271185] [100,1000,100,1000,100,40,40,20,20,20,20,0.5] [0.01,0.001,1e-06,0.001,1e-06,0,0,1e-05,1e-10,1e-10,1e-10,1e-05] [100,10] fmin
founder_asym_hist_3epoch_exp_growth_p1 50 [NAM,HAW] False 2 [34.7935487,446.2424594,29.1176101,297.1102805,6.5650222,1.0182849,7.4346777,5.3207633,1.8519022,0.4967441,0.150533,0.2271185] [100,1000,100,1000,100,40,40,20,20,20,20,0.5] [0.01,0.001,1e-06,0.001,1e-06,0,0,1e-05,1e-10,1e-10,1e-10,1e-05] [100,10] fmin
founder_asym_hist_3epoch_exp_growth_p1 50 [NAM,HAW] False 2 [34.7935487,446.2424594,29.1176101,297.1102805,6.5650222,1.0182849,7.4346777,5.3207633,1.8519022,0.4967441,0.150533,0.2271185] [100,1000,100,1000,100,40,40,20,20,20,20,0.5] [0.01,0.001,1e-06,0.001,1e-06,0,0,1e-05,1e-10,1e-10,1e-10,1e-05] [100,10] fmin
founder_asym_hist_3epoch_exp_growth_p1 50 [NAM,HAW] False 2 [34.7935487,446.2424594,29.1176101,297.1102805,6.5650222,1.0182849,7.4346777,5.3207633,1.8519022,0.4967441,0.150533,0.2271185] [100,1000,100,1000,100,40,40,20,20,20,20,0.5] [0.01,0.001,1e-06,0.001,1e-06,0,0,1e-05,1e-10,1e-10,1e-10,1e-05] [100,10] fmin
founder_asym_hist_3epoch_exp_growth_p1 50 [NAM,HAW] False 2 [34.7935487,446.2424594,29.1176101,297.1102805,6.5650222,1.0182849,7.4346777,5.3207633,1.8519022,0.4967441,0.150533,0.2271185] [100,1000,100,1000,100,40,40,20,20,20,20,0.5] [0.01,0.001,1e-06,0.001,1e-06,0,0,1e-05,1e-10,1e-10,1e-10,1e-05] [100,10] fmin
founder_asym_hist_3epoch_exp_growth_p1 50 [NAM,HAW] False 2 [34.7935487,446.2424594,29.1176101,297.1102805,6.5650222,1.0182849,7.4346777,5.3207633,1.8519022,0.4967441,0.150533,0.2271185] [100,1000,100,1000,100,40,40,20,20,20,20,0.5] [0.01,0.001,1e-06,0.001,1e-06,0,0,1e-05,1e-10,1e-10,1e-10,1e-05] [100,10] fmin
founder_asym_hist_3epoch_exp_growth_p1 50 [NAM,HAW] False 2 [34.7935487,446.2424594,29.1176101,297.1102805,6.5650222,1.0182849,7.4346777,5.3207633,1.8519022,0.4967441,0.150533,0.2271185] [100,1000,100,1000,100,40,40,20,20,20,20,0.5] [0.01,0.001,1e-06,0.001,1e-06,0,0,1e-05,1e-10,1e-10,1e-10,1e-05] [100,10] fmin
founder_asym_hist_3epoch_exp_growth_p1 50 [NAM,HAW] False 2 [34.7935487,446.2424594,29.1176101,297.1102805,6.5650222,1.0182849,7.4346777,5.3207633,1.8519022,0.4967441,0.150533,0.2271185] [100,1000,100,1000,100,40,40,20,20,20,20,0.5] [0.01,0.001,1e-06,0.001,1e-06,0,0,1e-05,1e-10,1e-10,1e-10,1e-05] [100,10] fmin
founder_asym_hist_3epoch_exp_growth_p1 50 [NAM,HAW] False 2 [34.7935487,446.2424594,29.1176101,297.1102805,6.5650222,1.0182849,7.4346777,5.3207633,1.8519022,0.4967441,0.150533,0.2271185] [100,1000,100,1000,100,40,40,20,20,20,20,0.5] [0.01,0.001,1e-06,0.001,1e-06,0,0,1e-05,1e-10,1e-10,1e-10,1e-05] [100,10] fmin
founder_asym_hist_3epoch_exp_growth_p1 50 [NAM,HAW] False 2 [34.7935487,446.2424594,29.1176101,297.1102805,6.5650222,1.0182849,7.4346777,5.3207633,1.8519022,0.4967441,0.150533,0.2271185] [100,1000,100,1000,100,40,40,20,20,20,20,0.5] [0.01,0.001,1e-06,0.001,1e-06,0,0,1e-05,1e-10,1e-10,1e-10,1e-05] [100,10] fmin
founder_asym_hist_3epoch_exp_growth_p1 50 [NAM,HAW] False 2 [34.7935487,446.2424594,29.1176101,297.1102805,6.5650222,1.0182849,7.4346777,5.3207633,1.8519022,0.4967441,0.150533,0.2271185] [100,1000,100,1000,100,40,40,20,20,20,20,0.5] [0.01,0.001,1e-06,0.001,1e-06,0,0,1e-05,1e-10,1e-10,1e-10,1e-05] [100,10] fmin
founder_asym_hist_3epoch_exp_growth_p1 50 [NAM,HAW] False 2 [34.7935487,446.2424594,29.1176101,297.1102805,6.5650222,1.0182849,7.4346777,5.3207633,1.8519022,0.4967441,0.150533,0.2271185] [100,1000,100,1000,100,40,40,20,20,20,20,0.5] [0.01,0.001,1e-06,0.001,1e-06,0,0,1e-05,1e-10,1e-10,1e-10,1e-05] [100,10] fmin
founder_asym_hist_3epoch_exp_growth_p1 50 [NAM,HAW] False 2 [34.7935487,446.2424594,29.1176101,297.1102805,6.5650222,1.0182849,7.4346777,5.3207633,1.8519022,0.4967441,0.150533,0.2271185] [100,1000,100,1000,100,40,40,20,20,20,20,0.5] [0.01,0.001,1e-06,0.001,1e-06,0,0,1e-05,1e-10,1e-10,1e-10,1e-05] [100,10] fmin
founder_asym_hist_3epoch_exp_growth_p1 50 [NAM,HAW] False 2 [34.7935487,446.2424594,29.1176101,297.1102805,6.5650222,1.0182849,7.4346777,5.3207633,1.8519022,0.4967441,0.150533,0.2271185] [100,1000,100,1000,100,40,40,20,20,20,20,0.5] [0.01,0.001,1e-06,0.001,1e-06,0,0,1e-05,1e-10,1e-10,1e-10,1e-05] [100,10] fmin
founder_asym_hist_3epoch_exp_growth_p1 50 [NAM,HAW] False 2 [34.7935487,446.2424594,29.1176101,297.1102805,6.5650222,1.0182849,7.4346777,5.3207633,1.8519022,0.4967441,0.150533,0.2271185] [100,1000,100,1000,100,40,40,20,20,20,20,0.5] [0.01,0.001,1e-06,0.001,1e-06,0,0,1e-05,1e-10,1e-10,1e-10,1e-05] [100,10] fmin
founder_asym_hist_3epoch_exp_growth_p1 50 [NAM,HAW] False 2 [34.7935487,446.2424594,29.1176101,297.1102805,6.5650222,1.0182849,7.4346777,5.3207633,1.8519022,0.4967441,0.150533,0.2271185] [100,1000,100,1000,100,40,40,20,20,20,20,0.5] [0.01,0.001,1e-06,0.001,1e-06,0,0,1e-05,1e-10,1e-10,1e-10,1e-05] [100,10] fmin
founder_asym_hist_3epoch_exp_growth_p1 50 [NAM,HAW] False 2 [34.7935487,446.2424594,29.1176101,297.1102805,6.5650222,1.0182849,7.4346777,5.3207633,1.8519022,0.4967441,0.150533,0.2271185] [100,1000,100,1000,100,40,40,20,20,20,20,0.5] [0.01,0.001,1e-06,0.001,1e-06,0,0,1e-05,1e-10,1e-10,1e-10,1e-05] [100,10] fmin
founder_asym_hist_3epoch_exp_growth_p1 50 [NAM,HAW] False 2 [34.7935487,446.2424594,29.1176101,297.1102805,6.5650222,1.0182849,7.4346777,5.3207633,1.8519022,0.4967441,0.150533,0.2271185] [100,1000,100,1000,100,40,40,20,20,20,20,0.5] [0.01,0.001,1e-06,0.001,1e-06,0,0,1e-05,1e-10,1e-10,1e-10,1e-05] [100,10] fmin
founder_asym_hist_3epoch_exp_growth_p1 50 [NAM,HAW] False 2 [34.7935487,446.2424594,29.1176101,297.1102805,6.5650222,1.0182849,7.4346777,5.3207633,1.8519022,0.4967441,0.150533,0.2271185] [100,1000,100,1000,100,40,40,20,20,20,20,0.5] [0.01,0.001,1e-06,0.001,1e-06,0,0,1e-05,1e-10,1e-10,1e-10,1e-05] [100,10] fmin
founder_asym_hist_igrowth_p2 50 [NAM,HAW] False 2 [21.2813413,87.1693052,7.4932924,0.8779554,12.2069071,3.1695342,0.7110887,0.2214129,0.2426481] [100,1000,100,40,40,20,20,20,0.5] [0.01,0.001,1e-06,0,0,1e-05,1e-10,1e-10,1e-05] [100,10] fmin
founder_asym_hist_igrowth_p2 50 [NAM,HAW] False 2 [21.2813413,87.1693052,7.4932924,0.8779554,12.2069071,3.1695342,0.7110887,0.2214129,0.2426481] [100,1000,100,40,40,20,20,20,0.5] [0.01,0.001,1e-06,0,0,1e-05,1e-10,1e-10,1e-05] [100,10] fmin
founder_asym_hist_igrowth_p2 50 [NAM,HAW] False 2 [21.2813413,87.1693052,7.4932924,0.8779554,12.2069071,3.1695342,0.7110887,0.2214129,0.2426481] [100,1000,100,40,40,20,20,20,0.5] [0.01,0.001,1e-06,0,0,1e-05,1e-10,1e-10,1e-05] [100,10] fmin
founder_asym_hist_igrowth_p2 50 [NAM,HAW] False 2 [21.2813413,87.1693052,7.4932924,0.8779554,12.2069071,3.1695342,0.7110887,0.2214129,0.2426481] [100,1000,100,40,40,20,20,20,0.5] [0.01,0.001,1e-06,0,0,1e-05,1e-10,1e-10,1e-05] [100,10] fmin
founder_asym_hist_igrowth_p2 50 [NAM,HAW] False 2 [21.2813413,87.1693052,7.4932924,0.8779554,12.2069071,3.1695342,0.7110887,0.2214129,0.2426481] [100,1000,100,40,40,20,20,20,0.5] [0.01,0.001,1e-06,0,0,1e-05,1e-10,1e-10,1e-05] [100,10] fmin
founder_asym_hist_igrowth_p2 50 [NAM,HAW] False 2 [21.2813413,87.1693052,7.4932924,0.8779554,12.2069071,3.1695342,0.7110887,0.2214129,0.2426481] [100,1000,100,40,40,20,20,20,0.5] [0.01,0.001,1e-06,0,0,1e-05,1e-10,1e-10,1e-05] [100,10] fmin
founder_asym_hist_igrowth_p2 50 [NAM,HAW] False 2 [21.2813413,87.1693052,7.4932924,0.8779554,12.2069071,3.1695342,0.7110887,0.2214129,0.2426481] [100,1000,100,40,40,20,20,20,0.5] [0.01,0.001,1e-06,0,0,1e-05,1e-10,1e-10,1e-05] [100,10] fmin
founder_asym_hist_igrowth_p2 50 [NAM,HAW] False 2 [21.2813413,87.1693052,7.4932924,0.8779554,12.2069071,3.1695342,0.7110887,0.2214129,0.2426481] [100,1000,100,40,40,20,20,20,0.5] [0.01,0.001,1e-06,0,0,1e-05,1e-10,1e-10,1e-05] [100,10] fmin
founder_asym_hist_igrowth_p2 50 [NAM,HAW] False 2 [21.2813413,87.1693052,7.4932924,0.8779554,12.2069071,3.1695342,0.7110887,0.2214129,0.2426481] [100,1000,100,40,40,20,20,20,0.5] [0.01,0.001,1e-06,0,0,1e-05,1e-10,1e-10,1e-05] [100,10] fmin
founder_asym_hist_igrowth_p2 50 [NAM,HAW] False 2 [21.2813413,87.1693052,7.4932924,0.8779554,12.2069071,3.1695342,0.7110887,0.2214129,0.2426481] [100,1000,100,40,40,20,20,20,0.5] [0.01,0.001,1e-06,0,0,1e-05,1e-10,1e-10,1e-05] [100,10] fmin
founder_asym_hist_igrowth_p2 50 [NAM,HAW] False 2 [21.2813413,87.1693052,7.4932924,0.8779554,12.2069071,3.1695342,0.7110887,0.2214129,0.2426481] [100,1000,100,40,40,20,20,20,0.5] [0.01,0.001,1e-06,0,0,1e-05,1e-10,1e-10,1e-05] [100,10] fmin
founder_asym_hist_igrowth_p2 50 [NAM,HAW] False 2 [21.2813413,87.1693052,7.4932924,0.8779554,12.2069071,3.1695342,0.7110887,0.2214129,0.2426481] [100,1000,100,40,40,20,20,20,0.5] [0.01,0.001,1e-06,0,0,1e-05,1e-10,1e-10,1e-05] [100,10] fmin
founder_asym_hist_igrowth_p2 50 [NAM,HAW] False 2 [21.2813413,87.1693052,7.4932924,0.8779554,12.2069071,3.1695342,0.7110887,0.2214129,0.2426481] [100,1000,100,40,40,20,20,20,0.5] [0.01,0.001,1e-06,0,0,1e-05,1e-10,1e-10,1e-05] [100,10] fmin
founder_asym_hist_igrowth_p2 50 [NAM,HAW] False 2 [21.2813413,87.1693052,7.4932924,0.8779554,12.2069071,3.1695342,0.7110887,0.2214129,0.2426481] [100,1000,100,40,40,20,20,20,0.5] [0.01,0.001,1e-06,0,0,1e-05,1e-10,1e-10,1e-05] [100,10] fmin
founder_asym_hist_igrowth_p2 50 [NAM,HAW] False 2 [21.2813413,87.1693052,7.4932924,0.8779554,12.2069071,3.1695342,0.7110887,0.2214129,0.2426481] [100,1000,100,40,40,20,20,20,0.5] [0.01,0.001,1e-06,0,0,1e-05,1e-10,1e-10,1e-05] [100,10] fmin
founder_asym_hist_igrowth_p2 50 [NAM,HAW] False 2 [21.2813413,87.1693052,7.4932924,0.8779554,12.2069071,3.1695342,0.7110887,0.2214129,0.2426481] [100,1000,100,40,40,20,20,20,0.5] [0.01,0.001,1e-06,0,0,1e-05,1e-10,1e-10,1e-05] [100,10] fmin
founder_asym_hist_igrowth_p2 50 [NAM,HAW] False 2 [21.2813413,87.1693052,7.4932924,0.8779554,12.2069071,3.1695342,0.7110887,0.2214129,0.2426481] [100,1000,100,40,40,20,20,20,0.5] [0.01,0.001,1e-06,0,0,1e-05,1e-10,1e-10,1e-05] [100,10] fmin
founder_asym_hist_igrowth_p2 50 [NAM,HAW] False 2 [21.2813413,87.1693052,7.4932924,0.8779554,12.2069071,3.1695342,0.7110887,0.2214129,0.2426481] [100,1000,100,40,40,20,20,20,0.5] [0.01,0.001,1e-06,0,0,1e-05,1e-10,1e-10,1e-05] [100,10] fmin
founder_asym_hist_igrowth_p2 50 [NAM,HAW] False 2 [21.2813413,87.1693052,7.4932924,0.8779554,12.2069071,3.1695342,0.7110887,0.2214129,0.2426481] [100,1000,100,40,40,20,20,20,0.5] [0.01,0.001,1e-06,0,0,1e-05,1e-10,1e-10,1e-05] [100,10] fmin
founder_asym_hist_igrowth_p2 50 [NAM,HAW] False 2 [21.2813413,87.1693052,7.4932924,0.8779554,12.2069071,3.1695342,0.7110887,0.2214129,0.2426481] [100,1000,100,40,40,20,20,20,0.5] [0.01,0.001,1e-06,0,0,1e-05,1e-10,1e-10,1e-05] [100,10] fmin
founder_asym_hist_igrowth_p2 50 [NAM,HAW] False 2 [21.2813413,87.1693052,7.4932924,0.8779554,12.2069071,3.1695342,0.7110887,0.2214129,0.2426481] [100,1000,100,40,40,20,20,20,0.5] [0.01,0.001,1e-06,0,0,1e-05,1e-10,1e-10,1e-05] [100,10] fmin
founder_asym_hist_igrowth_p2 50 [NAM,HAW] False 2 [21.2813413,87.1693052,7.4932924,0.8779554,12.2069071,3.1695342,0.7110887,0.2214129,0.2426481] [100,1000,100,40,40,20,20,20,0.5] [0.01,0.001,1e-06,0,0,1e-05,1e-10,1e-10,1e-05] [100,10] fmin
founder_asym_hist_igrowth_p2 50 [NAM,HAW] False 2 [21.2813413,87.1693052,7.4932924,0.8779554,12.2069071,3.1695342,0.7110887,0.2214129,0.2426481] [100,1000,100,40,40,20,20,20,0.5] [0.01,0.001,1e-06,0,0,1e-05,1e-10,1e-10,1e-05] [100,10] fmin
founder_asym_hist_igrowth_p2 50 [NAM,HAW] False 2 [21.2813413,87.1693052,7.4932924,0.8779554,12.2069071,3.1695342,0.7110887,0.2214129,0.2426481] [100,1000,100,40,40,20,20,20,0.5] [0.01,0.001,1e-06,0,0,1e-05,1e-10,1e-10,1e-05] [100,10] fmin
founder_asym_hist_igrowth_p2 50 [NAM,HAW] False 2 [21.2813413,87.1693052,7.4932924,0.8779554,12.2069071,3.1695342,0.7110887,0.2214129,0.2426481] [100,1000,100,40,40,20,20,20,0.5] [0.01,0.001,1e-06,0,0,1e-05,1e-10,1e-10,1e-05] [100,10] fmin
founder_asym_hist_igrowth_p2 50 [NAM,HAW] False 2 [21.2813413,87.1693052,7.4932924,0.8779554,12.2069071,3.1695342,0.7110887,0.2214129,0.2426481] [100,1000,100,40,40,20,20,20,0.5] [0.01,0.001,1e-06,0,0,1e-05,1e-10,1e-10,1e-05] [100,10] fmin
founder_asym_hist_igrowth_p2 50 [NAM,HAW] False 2 [21.2813413,87.1693052,7.4932924,0.8779554,12.2069071,3.1695342,0.7110887,0.2214129,0.2426481] [100,1000,100,40,40,20,20,20,0.5] [0.01,0.001,1e-06,0,0,1e-05,1e-10,1e-10,1e-05] [100,10] fmin
founder_asym_hist_igrowth_p2 50 [NAM,HAW] False 2 [21.2813413,87.1693052,7.4932924,0.8779554,12.2069071,3.1695342,0.7110887,0.2214129,0.2426481] [100,1000,100,40,40,20,20,20,0.5] [0.01,0.001,1e-06,0,0,1e-05,1e-10,1e-10,1e-05] [100,10] fmin
founder_asym_hist_igrowth_p2 50 [NAM,HAW] False 2 [21.2813413,87.1693052,7.4932924,0.8779554,12.2069071,3.1695342,0.7110887,0.2214129,0.2426481] [100,1000,100,40,40,20,20,20,0.5] [0.01,0.001,1e-06,0,0,1e-05,1e-10,1e-10,1e-05] [100,10] fmin
founder_asym_hist_igrowth_p2 50 [NAM,HAW] False 2 [21.2813413,87.1693052,7.4932924,0.8779554,12.2069071,3.1695342,0.7110887,0.2214129,0.2426481] [100,1000,100,40,40,20,20,20,0.5] [0.01,0.001,1e-06,0,0,1e-05,1e-10,1e-10,1e-05] [100,10] fmin
founder_asym_hist_igrowth_p2 50 [NAM,HAW] False 2 [21.2813413,87.1693052,7.4932924,0.8779554,12.2069071,3.1695342,0.7110887,0.2214129,0.2426481] [100,1000,100,40,40,20,20,20,0.5] [0.01,0.001,1e-06,0,0,1e-05,1e-10,1e-10,1e-05] [100,10] fmin
founder_asym_hist_igrowth_p2 50 [NAM,HAW] False 2 [21.2813413,87.1693052,7.4932924,0.8779554,12.2069071,3.1695342,0.7110887,0.2214129,0.2426481] [100,1000,100,40,40,20,20,20,0.5] [0.01,0.001,1e-06,0,0,1e-05,1e-10,1e-10,1e-05] [100,10] fmin
founder_asym_hist_igrowth_p2 50 [NAM,HAW] False 2 [21.2813413,87.1693052,7.4932924,0.8779554,12.2069071,3.1695342,0.7110887,0.2214129,0.2426481] [100,1000,100,40,40,20,20,20,0.5] [0.01,0.001,1e-06,0,0,1e-05,1e-10,1e-10,1e-05] [100,10] fmin
founder_asym_hist_igrowth_p2 50 [NAM,HAW] False 2 [21.2813413,87.1693052,7.4932924,0.8779554,12.2069071,3.1695342,0.7110887,0.2214129,0.2426481] [100,1000,100,40,40,20,20,20,0.5] [0.01,0.001,1e-06,0,0,1e-05,1e-10,1e-10,1e-05] [100,10] fmin
founder_asym_hist_igrowth_p2 50 [NAM,HAW] False 2 [21.2813413,87.1693052,7.4932924,0.8779554,12.2069071,3.1695342,0.7110887,0.2214129,0.2426481] [100,1000,100,40,40,20,20,20,0.5] [0.01,0.001,1e-06,0,0,1e-05,1e-10,1e-10,1e-05] [100,10] fmin
founder_asym_hist_igrowth_p2 50 [NAM,HAW] False 2 [21.2813413,87.1693052,7.4932924,0.8779554,12.2069071,3.1695342,0.7110887,0.2214129,0.2426481] [100,1000,100,40,40,20,20,20,0.5] [0.01,0.001,1e-06,0,0,1e-05,1e-10,1e-10,1e-05] [100,10] fmin
founder_asym_hist_igrowth_p2 50 [NAM,HAW] False 2 [21.2813413,87.1693052,7.4932924,0.8779554,12.2069071,3.1695342,0.7110887,0.2214129,0.2426481] [100,1000,100,40,40,20,20,20,0.5] [0.01,0.001,1e-06,0,0,1e-05,1e-10,1e-10,1e-05] [100,10] fmin
founder_asym_hist_igrowth_p2 50 [NAM,HAW] False 2 [21.2813413,87.1693052,7.4932924,0.8779554,12.2069071,3.1695342,0.7110887,0.2214129,0.2426481] [100,1000,100,40,40,20,20,20,0.5] [0.01,0.001,1e-06,0,0,1e-05,1e-10,1e-10,1e-05] [100,10] fmin
founder_asym_hist_igrowth_p2 50 [NAM,HAW] False 2 [21.2813413,87.1693052,7.4932924,0.8779554,12.2069071,3.1695342,0.7110887,0.2214129,0.2426481] [100,1000,100,40,40,20,20,20,0.5] [0.01,0.001,1e-06,0,0,1e-05,1e-10,1e-10,1e-05] [100,10] fmin
founder_asym_hist_igrowth_p2 50 [NAM,HAW] False 2 [21.2813413,87.1693052,7.4932924,0.8779554,12.2069071,3.1695342,0.7110887,0.2214129,0.2426481] [100,1000,100,40,40,20,20,20,0.5] [0.01,0.001,1e-06,0,0,1e-05,1e-10,1e-10,1e-05] [100,10] fmin
founder_asym_hist_igrowth_p2 50 [NAM,HAW] False 2 [21.2813413,87.1693052,7.4932924,0.8779554,12.2069071,3.1695342,0.7110887,0.2214129,0.2426481] [100,1000,100,40,40,20,20,20,0.5] [0.01,0.001,1e-06,0,0,1e-05,1e-10,1e-10,1e-05] [100,10] fmin
founder_asym_hist_igrowth_p2 50 [NAM,HAW] False 2 [21.2813413,87.1693052,7.4932924,0.8779554,12.2069071,3.1695342,0.7110887,0.2214129,0.2426481] [100,1000,100,40,40,20,20,20,0.5] [0.01,0.001,1e-06,0,0,1e-05,1e-10,1e-10,1e-05] [100,10] fmin
founder_asym_hist_igrowth_p2 50 [NAM,HAW] False 2 [21.2813413,87.1693052,7.4932924,0.8779554,12.2069071,3.1695342,0.7110887,0.2214129,0.2426481] [100,1000,100,40,40,20,20,20,0.5] [0.01,0.001,1e-06,0,0,1e-05,1e-10,1e-10,1e-05] [100,10] fmin
founder_asym_hist_igrowth_p2 50 [NAM,HAW] False 2 [21.2813413,87.1693052,7.4932924,0.8779554,12.2069071,3.1695342,0.7110887,0.2214129,0.2426481] [100,1000,100,40,40,20,20,20,0.5] [0.01,0.001,1e-06,0,0,1e-05,1e-10,1e-10,1e-05] [100,10] fmin
founder_asym_hist_igrowth_p2 50 [NAM,HAW] False 2 [21.2813413,87.1693052,7.4932924,0.8779554,12.2069071,3.1695342,0.7110887,0.2214129,0.2426481] [100,1000,100,40,40,20,20,20,0.5] [0.01,0.001,1e-06,0,0,1e-05,1e-10,1e-10,1e-05] [100,10] fmin
founder_asym_hist_igrowth_p2 50 [NAM,HAW] False 2 [21.2813413,87.1693052,7.4932924,0.8779554,12.2069071,3.1695342,0.7110887,0.2214129,0.2426481] [100,1000,100,40,40,20,20,20,0.5] [0.01,0.001,1e-06,0,0,1e-05,1e-10,1e-10,1e-05] [100,10] fmin
founder_asym_hist_igrowth_p2 50 [NAM,HAW] False 2 [21.2813413,87.1693052,7.4932924,0.8779554,12.2069071,3.1695342,0.7110887,0.2214129,0.2426481] [100,1000,100,40,40,20,20,20,0.5] [0.01,0.001,1e-06,0,0,1e-05,1e-10,1e-10,1e-05] [100,10] fmin
founder_asym_hist_igrowth_p2 50 [NAM,HAW] False 2 [21.2813413,87.1693052,7.4932924,0.8779554,12.2069071,3.1695342,0.7110887,0.2214129,0.2426481] [100,1000,100,40,40,20,20,20,0.5] [0.01,0.001,1e-06,0,0,1e-05,1e-10,1e-10,1e-05] [100,10] fmin
founder_asym_hist_igrowth_p2 50 [NAM,HAW] False 2 [21.2813413,87.1693052,7.4932924,0.8779554,12.2069071,3.1695342,0.7110887,0.2214129,0.2426481] [100,1000,100,40,40,20,20,20,0.5] [0.01,0.001,1e-06,0,0,1e-05,1e-10,1e-10,1e-05] [100,10] fmin
founder_asym_hist_igrowth_p2 50 [NAM,HAW] False 2 [21.2813413,87.1693052,7.4932924,0.8779554,12.2069071,3.1695342,0.7110887,0.2214129,0.2426481] [100,1000,100,40,40,20,20,20,0.5] [0.01,0.001,1e-06,0,0,1e-05,1e-10,1e-10,1e-05] [100,10] fmin
founder_asym_hist_igrowth_p2 50 [NAM,HAW] False 2 [21.2813413,87.1693052,7.4932924,0.8779554,12.2069071,3.1695342,0.7110887,0.2214129,0.2426481] [100,1000,100,40,40,20,20,20,0.5] [0.01,0.001,1e-06,0,0,1e-05,1e-10,1e-10,1e-05] [100,10] fmin
founder_asym_hist_igrowth_p2 50 [NAM,HAW] False 2 [21.2813413,87.1693052,7.4932924,0.8779554,12.2069071,3.1695342,0.7110887,0.2214129,0.2426481] [100,1000,100,40,40,20,20,20,0.5] [0.01,0.001,1e-06,0,0,1e-05,1e-10,1e-10,1e-05] [100,10] fmin
founder_asym_hist_igrowth_p2 50 [NAM,HAW] False 2 [21.2813413,87.1693052,7.4932924,0.8779554,12.2069071,3.1695342,0.7110887,0.2214129,0.2426481] [100,1000,100,40,40,20,20,20,0.5] [0.01,0.001,1e-06,0,0,1e-05,1e-10,1e-10,1e-05] [100,10] fmin
founder_asym_hist_igrowth_p2 50 [NAM,HAW] False 2 [21.2813413,87.1693052,7.4932924,0.8779554,12.2069071,3.1695342,0.7110887,0.2214129,0.2426481] [100,1000,100,40,40,20,20,20,0.5] [0.01,0.001,1e-06,0,0,1e-05,1e-10,1e-10,1e-05] [100,10] fmin
founder_asym_hist_igrowth_p2 50 [NAM,HAW] False 2 [21.2813413,87.1693052,7.4932924,0.8779554,12.2069071,3.1695342,0.7110887,0.2214129,0.2426481] [100,1000,100,40,40,20,20,20,0.5] [0.01,0.001,1e-06,0,0,1e-05,1e-10,1e-10,1e-05] [100,10] fmin
founder_asym_hist_igrowth_p2 50 [NAM,HAW] False 2 [21.2813413,87.1693052,7.4932924,0.8779554,12.2069071,3.1695342,0.7110887,0.2214129,0.2426481] [100,1000,100,40,40,20,20,20,0.5] [0.01,0.001,1e-06,0,0,1e-05,1e-10,1e-10,1e-05] [100,10] fmin
founder_asym_hist_igrowth_p2 50 [NAM,HAW] False 2 [21.2813413,87.1693052,7.4932924,0.8779554,12.2069071,3.1695342,0.7110887,0.2214129,0.2426481] [100,1000,100,40,40,20,20,20,0.5] [0.01,0.001,1e-06,0,0,1e-05,1e-10,1e-10,1e-05] [100,10] fmin
founder_asym_hist_igrowth_p2 50 [NAM,HAW] False 2 [21.2813413,87.1693052,7.4932924,0.8779554,12.2069071,3.1695342,0.7110887,0.2214129,0.2426481] [100,1000,100,40,40,20,20,20,0.5] [0.01,0.001,1e-06,0,0,1e-05,1e-10,1e-10,1e-05] [100,10] fmin
founder_asym_hist_igrowth_p2 50 [NAM,HAW] False 2 [21.2813413,87.1693052,7.4932924,0.8779554,12.2069071,3.1695342,0.7110887,0.2214129,0.2426481] [100,1000,100,40,40,20,20,20,0.5] [0.01,0.001,1e-06,0,0,1e-05,1e-10,1e-10,1e-05] [100,10] fmin
founder_asym_hist_igrowth_p2 50 [NAM,HAW] False 2 [21.2813413,87.1693052,7.4932924,0.8779554,12.2069071,3.1695342,0.7110887,0.2214129,0.2426481] [100,1000,100,40,40,20,20,20,0.5] [0.01,0.001,1e-06,0,0,1e-05,1e-10,1e-10,1e-05] [100,10] fmin
