founder_asym_hist_igrowth_p2 50 [NAM,HAW] False 2 [15.2064943,58.2245309,13.8829563,1.0209753,8.1784974,2.305676,0.2854619,0.1857172,0.2328014] [100,1000,100,40,40,20,20,20,0.5] [0.01,0.001,1e-06,0,0,1e-05,1e-10,1e-10,1e-05] [100,10] fmin
founder_asym_hist_igrowth_p2 50 [NAM,HAW] False 2 [15.2064943,58.2245309,13.8829563,1.0209753,8.1784974,2.305676,0.2854619,0.1857172,0.2328014] [100,1000,100,40,40,20,20,20,0.5] [0.01,0.001,1e-06,0,0,1e-05,1e-10,1e-10,1e-05] [100,10] fmin
founder_asym_hist_igrowth_p2 50 [NAM,HAW] False 2 [15.2064943,58.2245309,13.8829563,1.0209753,8.1784974,2.305676,0.2854619,0.1857172,0.2328014] [100,1000,100,40,40,20,20,20,0.5] [0.01,0.001,1e-06,0,0,1e-05,1e-10,1e-10,1e-05] [100,10] fmin
founder_asym_hist_igrowth_p2 50 [NAM,HAW] False 2 [15.2064943,58.2245309,13.8829563,1.0209753,8.1784974,2.305676,0.2854619,0.1857172,0.2328014] [100,1000,100,40,40,20,20,20,0.5] [0.01,0.001,1e-06,0,0,1e-05,1e-10,1e-10,1e-05] [100,10] fmin
founder_asym_hist_igrowth_p2 50 [NAM,HAW] False 2 [15.2064943,58.2245309,13.8829563,1.0209753,8.1784974,2.305676,0.2854619,0.1857172,0.2328014] [100,1000,100,40,40,20,20,20,0.5] [0.01,0.001,1e-06,0,0,1e-05,1e-10,1e-10,1e-05] [100,10] fmin
founder_asym_hist_igrowth_p2 50 [NAM,HAW] False 2 [15.2064943,58.2245309,13.8829563,1.0209753,8.1784974,2.305676,0.2854619,0.1857172,0.2328014] [100,1000,100,40,40,20,20,20,0.5] [0.01,0.001,1e-06,0,0,1e-05,1e-10,1e-10,1e-05] [100,10] fmin
founder_asym_hist_igrowth_p2 50 [NAM,HAW] False 2 [15.2064943,58.2245309,13.8829563,1.0209753,8.1784974,2.305676,0.2854619,0.1857172,0.2328014] [100,1000,100,40,40,20,20,20,0.5] [0.01,0.001,1e-06,0,0,1e-05,1e-10,1e-10,1e-05] [100,10] fmin
founder_asym_hist_igrowth_p2 50 [NAM,HAW] False 2 [15.2064943,58.2245309,13.8829563,1.0209753,8.1784974,2.305676,0.2854619,0.1857172,0.2328014] [100,1000,100,40,40,20,20,20,0.5] [0.01,0.001,1e-06,0,0,1e-05,1e-10,1e-10,1e-05] [100,10] fmin
founder_asym_hist_igrowth_p2 50 [NAM,HAW] False 2 [15.2064943,58.2245309,13.8829563,1.0209753,8.1784974,2.305676,0.2854619,0.1857172,0.2328014] [100,1000,100,40,40,20,20,20,0.5] [0.01,0.001,1e-06,0,0,1e-05,1e-10,1e-10,1e-05] [100,10] fmin
founder_asym_hist_igrowth_p2 50 [NAM,HAW] False 2 [15.2064943,58.2245309,13.8829563,1.0209753,8.1784974,2.305676,0.2854619,0.1857172,0.2328014] [100,1000,100,40,40,20,20,20,0.5] [0.01,0.001,1e-06,0,0,1e-05,1e-10,1e-10,1e-05] [100,10] fmin
founder_asym_hist_igrowth_p2 50 [NAM,HAW] False 2 [15.2064943,58.2245309,13.8829563,1.0209753,8.1784974,2.305676,0.2854619,0.1857172,0.2328014] [100,1000,100,40,40,20,20,20,0.5] [0.01,0.001,1e-06,0,0,1e-05,1e-10,1e-10,1e-05] [100,10] fmin
founder_asym_hist_igrowth_p2 50 [NAM,HAW] False 2 [15.2064943,58.2245309,13.8829563,1.0209753,8.1784974,2.305676,0.2854619,0.1857172,0.2328014] [100,1000,100,40,40,20,20,20,0.5] [0.01,0.001,1e-06,0,0,1e-05,1e-10,1e-10,1e-05] [100,10] fmin
founder_asym_hist_igrowth_p2 50 [NAM,HAW] False 2 [15.2064943,58.2245309,13.8829563,1.0209753,8.1784974,2.305676,0.2854619,0.1857172,0.2328014] [100,1000,100,40,40,20,20,20,0.5] [0.01,0.001,1e-06,0,0,1e-05,1e-10,1e-10,1e-05] [100,10] fmin
founder_asym_hist_igrowth_p2 50 [NAM,HAW] False 2 [15.2064943,58.2245309,13.8829563,1.0209753,8.1784974,2.305676,0.2854619,0.1857172,0.2328014] [100,1000,100,40,40,20,20,20,0.5] [0.01,0.001,1e-06,0,0,1e-05,1e-10,1e-10,1e-05] [100,10] fmin
founder_asym_hist_igrowth_p2 50 [NAM,HAW] False 2 [15.2064943,58.2245309,13.8829563,1.0209753,8.1784974,2.305676,0.2854619,0.1857172,0.2328014] [100,1000,100,40,40,20,20,20,0.5] [0.01,0.001,1e-06,0,0,1e-05,1e-10,1e-10,1e-05] [100,10] fmin
founder_asym_hist_igrowth_p2 50 [NAM,HAW] False 2 [15.2064943,58.2245309,13.8829563,1.0209753,8.1784974,2.305676,0.2854619,0.1857172,0.2328014] [100,1000,100,40,40,20,20,20,0.5] [0.01,0.001,1e-06,0,0,1e-05,1e-10,1e-10,1e-05] [100,10] fmin
founder_asym_hist_igrowth_p2 50 [NAM,HAW] False 2 [15.2064943,58.2245309,13.8829563,1.0209753,8.1784974,2.305676,0.2854619,0.1857172,0.2328014] [100,1000,100,40,40,20,20,20,0.5] [0.01,0.001,1e-06,0,0,1e-05,1e-10,1e-10,1e-05] [100,10] fmin
founder_asym_hist_igrowth_p2 50 [NAM,HAW] False 2 [15.2064943,58.2245309,13.8829563,1.0209753,8.1784974,2.305676,0.2854619,0.1857172,0.2328014] [100,1000,100,40,40,20,20,20,0.5] [0.01,0.001,1e-06,0,0,1e-05,1e-10,1e-10,1e-05] [100,10] fmin
founder_asym_hist_igrowth_p2 50 [NAM,HAW] False 2 [15.2064943,58.2245309,13.8829563,1.0209753,8.1784974,2.305676,0.2854619,0.1857172,0.2328014] [100,1000,100,40,40,20,20,20,0.5] [0.01,0.001,1e-06,0,0,1e-05,1e-10,1e-10,1e-05] [100,10] fmin
founder_asym_hist_igrowth_p2 50 [NAM,HAW] False 2 [15.2064943,58.2245309,13.8829563,1.0209753,8.1784974,2.305676,0.2854619,0.1857172,0.2328014] [100,1000,100,40,40,20,20,20,0.5] [0.01,0.001,1e-06,0,0,1e-05,1e-10,1e-10,1e-05] [100,10] fmin
founder_asym_hist_igrowth_p2 50 [NAM,HAW] False 2 [15.2064943,58.2245309,13.8829563,1.0209753,8.1784974,2.305676,0.2854619,0.1857172,0.2328014] [100,1000,100,40,40,20,20,20,0.5] [0.01,0.001,1e-06,0,0,1e-05,1e-10,1e-10,1e-05] [100,10] fmin
founder_asym_hist_igrowth_p2 50 [NAM,HAW] False 2 [15.2064943,58.2245309,13.8829563,1.0209753,8.1784974,2.305676,0.2854619,0.1857172,0.2328014] [100,1000,100,40,40,20,20,20,0.5] [0.01,0.001,1e-06,0,0,1e-05,1e-10,1e-10,1e-05] [100,10] fmin
founder_asym_hist_igrowth_p2 50 [NAM,HAW] False 2 [15.2064943,58.2245309,13.8829563,1.0209753,8.1784974,2.305676,0.2854619,0.1857172,0.2328014] [100,1000,100,40,40,20,20,20,0.5] [0.01,0.001,1e-06,0,0,1e-05,1e-10,1e-10,1e-05] [100,10] fmin
founder_asym_hist_igrowth_p2 50 [NAM,HAW] False 2 [15.2064943,58.2245309,13.8829563,1.0209753,8.1784974,2.305676,0.2854619,0.1857172,0.2328014] [100,1000,100,40,40,20,20,20,0.5] [0.01,0.001,1e-06,0,0,1e-05,1e-10,1e-10,1e-05] [100,10] fmin
founder_asym_hist_igrowth_p2 50 [NAM,HAW] False 2 [15.2064943,58.2245309,13.8829563,1.0209753,8.1784974,2.305676,0.2854619,0.1857172,0.2328014] [100,1000,100,40,40,20,20,20,0.5] [0.01,0.001,1e-06,0,0,1e-05,1e-10,1e-10,1e-05] [100,10] fmin
founder_asym_hist_igrowth_p2 50 [NAM,HAW] False 2 [15.2064943,58.2245309,13.8829563,1.0209753,8.1784974,2.305676,0.2854619,0.1857172,0.2328014] [100,1000,100,40,40,20,20,20,0.5] [0.01,0.001,1e-06,0,0,1e-05,1e-10,1e-10,1e-05] [100,10] fmin
founder_asym_hist_igrowth_p2 50 [NAM,HAW] False 2 [15.2064943,58.2245309,13.8829563,1.0209753,8.1784974,2.305676,0.2854619,0.1857172,0.2328014] [100,1000,100,40,40,20,20,20,0.5] [0.01,0.001,1e-06,0,0,1e-05,1e-10,1e-10,1e-05] [100,10] fmin
founder_asym_hist_igrowth_p2 50 [NAM,HAW] False 2 [15.2064943,58.2245309,13.8829563,1.0209753,8.1784974,2.305676,0.2854619,0.1857172,0.2328014] [100,1000,100,40,40,20,20,20,0.5] [0.01,0.001,1e-06,0,0,1e-05,1e-10,1e-10,1e-05] [100,10] fmin
founder_asym_hist_igrowth_p2 50 [NAM,HAW] False 2 [15.2064943,58.2245309,13.8829563,1.0209753,8.1784974,2.305676,0.2854619,0.1857172,0.2328014] [100,1000,100,40,40,20,20,20,0.5] [0.01,0.001,1e-06,0,0,1e-05,1e-10,1e-10,1e-05] [100,10] fmin
founder_asym_hist_igrowth_p2 50 [NAM,HAW] False 2 [15.2064943,58.2245309,13.8829563,1.0209753,8.1784974,2.305676,0.2854619,0.1857172,0.2328014] [100,1000,100,40,40,20,20,20,0.5] [0.01,0.001,1e-06,0,0,1e-05,1e-10,1e-10,1e-05] [100,10] fmin
founder_asym_hist_igrowth_p2 50 [NAM,HAW] False 2 [15.2064943,58.2245309,13.8829563,1.0209753,8.1784974,2.305676,0.2854619,0.1857172,0.2328014] [100,1000,100,40,40,20,20,20,0.5] [0.01,0.001,1e-06,0,0,1e-05,1e-10,1e-10,1e-05] [100,10] fmin
founder_asym_hist_igrowth_p2 50 [NAM,HAW] False 2 [15.2064943,58.2245309,13.8829563,1.0209753,8.1784974,2.305676,0.2854619,0.1857172,0.2328014] [100,1000,100,40,40,20,20,20,0.5] [0.01,0.001,1e-06,0,0,1e-05,1e-10,1e-10,1e-05] [100,10] fmin
founder_asym_hist_igrowth_p2 50 [NAM,HAW] False 2 [15.2064943,58.2245309,13.8829563,1.0209753,8.1784974,2.305676,0.2854619,0.1857172,0.2328014] [100,1000,100,40,40,20,20,20,0.5] [0.01,0.001,1e-06,0,0,1e-05,1e-10,1e-10,1e-05] [100,10] fmin
founder_asym_hist_igrowth_p2 50 [NAM,HAW] False 2 [15.2064943,58.2245309,13.8829563,1.0209753,8.1784974,2.305676,0.2854619,0.1857172,0.2328014] [100,1000,100,40,40,20,20,20,0.5] [0.01,0.001,1e-06,0,0,1e-05,1e-10,1e-10,1e-05] [100,10] fmin
founder_asym_hist_igrowth_p2 50 [NAM,HAW] False 2 [15.2064943,58.2245309,13.8829563,1.0209753,8.1784974,2.305676,0.2854619,0.1857172,0.2328014] [100,1000,100,40,40,20,20,20,0.5] [0.01,0.001,1e-06,0,0,1e-05,1e-10,1e-10,1e-05] [100,10] fmin
founder_asym_hist_igrowth_p2 50 [NAM,HAW] False 2 [15.2064943,58.2245309,13.8829563,1.0209753,8.1784974,2.305676,0.2854619,0.1857172,0.2328014] [100,1000,100,40,40,20,20,20,0.5] [0.01,0.001,1e-06,0,0,1e-05,1e-10,1e-10,1e-05] [100,10] fmin
founder_asym_hist_igrowth_p2 50 [NAM,HAW] False 2 [15.2064943,58.2245309,13.8829563,1.0209753,8.1784974,2.305676,0.2854619,0.1857172,0.2328014] [100,1000,100,40,40,20,20,20,0.5] [0.01,0.001,1e-06,0,0,1e-05,1e-10,1e-10,1e-05] [100,10] fmin
founder_asym_hist_igrowth_p2 50 [NAM,HAW] False 2 [15.2064943,58.2245309,13.8829563,1.0209753,8.1784974,2.305676,0.2854619,0.1857172,0.2328014] [100,1000,100,40,40,20,20,20,0.5] [0.01,0.001,1e-06,0,0,1e-05,1e-10,1e-10,1e-05] [100,10] fmin
founder_asym_hist_igrowth_p2 50 [NAM,HAW] False 2 [15.2064943,58.2245309,13.8829563,1.0209753,8.1784974,2.305676,0.2854619,0.1857172,0.2328014] [100,1000,100,40,40,20,20,20,0.5] [0.01,0.001,1e-06,0,0,1e-05,1e-10,1e-10,1e-05] [100,10] fmin
founder_asym_hist_igrowth_p2 50 [NAM,HAW] False 2 [15.2064943,58.2245309,13.8829563,1.0209753,8.1784974,2.305676,0.2854619,0.1857172,0.2328014] [100,1000,100,40,40,20,20,20,0.5] [0.01,0.001,1e-06,0,0,1e-05,1e-10,1e-10,1e-05] [100,10] fmin
founder_asym_hist_igrowth_p2 50 [NAM,HAW] False 2 [15.2064943,58.2245309,13.8829563,1.0209753,8.1784974,2.305676,0.2854619,0.1857172,0.2328014] [100,1000,100,40,40,20,20,20,0.5] [0.01,0.001,1e-06,0,0,1e-05,1e-10,1e-10,1e-05] [100,10] fmin
founder_asym_hist_igrowth_p2 50 [NAM,HAW] False 2 [15.2064943,58.2245309,13.8829563,1.0209753,8.1784974,2.305676,0.2854619,0.1857172,0.2328014] [100,1000,100,40,40,20,20,20,0.5] [0.01,0.001,1e-06,0,0,1e-05,1e-10,1e-10,1e-05] [100,10] fmin
founder_asym_hist_igrowth_p2 50 [NAM,HAW] False 2 [15.2064943,58.2245309,13.8829563,1.0209753,8.1784974,2.305676,0.2854619,0.1857172,0.2328014] [100,1000,100,40,40,20,20,20,0.5] [0.01,0.001,1e-06,0,0,1e-05,1e-10,1e-10,1e-05] [100,10] fmin
founder_asym_hist_igrowth_p2 50 [NAM,HAW] False 2 [15.2064943,58.2245309,13.8829563,1.0209753,8.1784974,2.305676,0.2854619,0.1857172,0.2328014] [100,1000,100,40,40,20,20,20,0.5] [0.01,0.001,1e-06,0,0,1e-05,1e-10,1e-10,1e-05] [100,10] fmin
founder_asym_hist_igrowth_p2 50 [NAM,HAW] False 2 [15.2064943,58.2245309,13.8829563,1.0209753,8.1784974,2.305676,0.2854619,0.1857172,0.2328014] [100,1000,100,40,40,20,20,20,0.5] [0.01,0.001,1e-06,0,0,1e-05,1e-10,1e-10,1e-05] [100,10] fmin
founder_asym_hist_igrowth_p2 50 [NAM,HAW] False 2 [15.2064943,58.2245309,13.8829563,1.0209753,8.1784974,2.305676,0.2854619,0.1857172,0.2328014] [100,1000,100,40,40,20,20,20,0.5] [0.01,0.001,1e-06,0,0,1e-05,1e-10,1e-10,1e-05] [100,10] fmin
founder_asym_hist_igrowth_p2 50 [NAM,HAW] False 2 [15.2064943,58.2245309,13.8829563,1.0209753,8.1784974,2.305676,0.2854619,0.1857172,0.2328014] [100,1000,100,40,40,20,20,20,0.5] [0.01,0.001,1e-06,0,0,1e-05,1e-10,1e-10,1e-05] [100,10] fmin
founder_asym_hist_igrowth_p2 50 [NAM,HAW] False 2 [15.2064943,58.2245309,13.8829563,1.0209753,8.1784974,2.305676,0.2854619,0.1857172,0.2328014] [100,1000,100,40,40,20,20,20,0.5] [0.01,0.001,1e-06,0,0,1e-05,1e-10,1e-10,1e-05] [100,10] fmin
founder_asym_hist_igrowth_p2 50 [NAM,HAW] False 2 [15.2064943,58.2245309,13.8829563,1.0209753,8.1784974,2.305676,0.2854619,0.1857172,0.2328014] [100,1000,100,40,40,20,20,20,0.5] [0.01,0.001,1e-06,0,0,1e-05,1e-10,1e-10,1e-05] [100,10] fmin
founder_asym_hist_igrowth_p2 50 [NAM,HAW] False 2 [15.2064943,58.2245309,13.8829563,1.0209753,8.1784974,2.305676,0.2854619,0.1857172,0.2328014] [100,1000,100,40,40,20,20,20,0.5] [0.01,0.001,1e-06,0,0,1e-05,1e-10,1e-10,1e-05] [100,10] fmin
founder_asym_hist_igrowth_p2 50 [NAM,HAW] False 2 [15.2064943,58.2245309,13.8829563,1.0209753,8.1784974,2.305676,0.2854619,0.1857172,0.2328014] [100,1000,100,40,40,20,20,20,0.5] [0.01,0.001,1e-06,0,0,1e-05,1e-10,1e-10,1e-05] [100,10] fmin
founder_asym_hist_igrowth_p2 50 [NAM,HAW] False 2 [15.2064943,58.2245309,13.8829563,1.0209753,8.1784974,2.305676,0.2854619,0.1857172,0.2328014] [100,1000,100,40,40,20,20,20,0.5] [0.01,0.001,1e-06,0,0,1e-05,1e-10,1e-10,1e-05] [100,10] fmin
founder_asym_hist_igrowth_p2 50 [NAM,HAW] False 2 [15.2064943,58.2245309,13.8829563,1.0209753,8.1784974,2.305676,0.2854619,0.1857172,0.2328014] [100,1000,100,40,40,20,20,20,0.5] [0.01,0.001,1e-06,0,0,1e-05,1e-10,1e-10,1e-05] [100,10] fmin
founder_asym_hist_igrowth_p2 50 [NAM,HAW] False 2 [15.2064943,58.2245309,13.8829563,1.0209753,8.1784974,2.305676,0.2854619,0.1857172,0.2328014] [100,1000,100,40,40,20,20,20,0.5] [0.01,0.001,1e-06,0,0,1e-05,1e-10,1e-10,1e-05] [100,10] fmin
founder_asym_hist_igrowth_p2 50 [NAM,HAW] False 2 [15.2064943,58.2245309,13.8829563,1.0209753,8.1784974,2.305676,0.2854619,0.1857172,0.2328014] [100,1000,100,40,40,20,20,20,0.5] [0.01,0.001,1e-06,0,0,1e-05,1e-10,1e-10,1e-05] [100,10] fmin
founder_asym_hist_igrowth_p2 50 [NAM,HAW] False 2 [15.2064943,58.2245309,13.8829563,1.0209753,8.1784974,2.305676,0.2854619,0.1857172,0.2328014] [100,1000,100,40,40,20,20,20,0.5] [0.01,0.001,1e-06,0,0,1e-05,1e-10,1e-10,1e-05] [100,10] fmin
founder_asym_hist_igrowth_p2 50 [NAM,HAW] False 2 [15.2064943,58.2245309,13.8829563,1.0209753,8.1784974,2.305676,0.2854619,0.1857172,0.2328014] [100,1000,100,40,40,20,20,20,0.5] [0.01,0.001,1e-06,0,0,1e-05,1e-10,1e-10,1e-05] [100,10] fmin
founder_asym_hist_igrowth_p2 50 [NAM,HAW] False 2 [15.2064943,58.2245309,13.8829563,1.0209753,8.1784974,2.305676,0.2854619,0.1857172,0.2328014] [100,1000,100,40,40,20,20,20,0.5] [0.01,0.001,1e-06,0,0,1e-05,1e-10,1e-10,1e-05] [100,10] fmin
founder_asym_hist_igrowth_p2 50 [NAM,HAW] False 2 [15.2064943,58.2245309,13.8829563,1.0209753,8.1784974,2.305676,0.2854619,0.1857172,0.2328014] [100,1000,100,40,40,20,20,20,0.5] [0.01,0.001,1e-06,0,0,1e-05,1e-10,1e-10,1e-05] [100,10] fmin
founder_asym_hist_igrowth_p2 50 [NAM,HAW] False 2 [15.2064943,58.2245309,13.8829563,1.0209753,8.1784974,2.305676,0.2854619,0.1857172,0.2328014] [100,1000,100,40,40,20,20,20,0.5] [0.01,0.001,1e-06,0,0,1e-05,1e-10,1e-10,1e-05] [100,10] fmin
founder_asym_hist_3epoch_exp_growth_p1 50 [NAM,HAW] False 2 [16.5703841,128.1426482,13.6675393,88.9537511,5.9382433,1.1968666,6.9346447,4.5318753,0.8347673,0.3128691,0.0980577,0.2160906] [100,1000,100,1000,100,40,40,20,20,20,20,0.5] [0.01,0.001,1e-06,0.001,1e-06,0,0,1e-05,1e-10,1e-10,1e-10,1e-05] [100,10] fmin
founder_asym_hist_3epoch_exp_growth_p1 50 [NAM,HAW] False 2 [16.5703841,128.1426482,13.6675393,88.9537511,5.9382433,1.1968666,6.9346447,4.5318753,0.8347673,0.3128691,0.0980577,0.2160906] [100,1000,100,1000,100,40,40,20,20,20,20,0.5] [0.01,0.001,1e-06,0.001,1e-06,0,0,1e-05,1e-10,1e-10,1e-10,1e-05] [100,10] fmin
founder_asym_hist_3epoch_exp_growth_p1 50 [NAM,HAW] False 2 [16.5703841,128.1426482,13.6675393,88.9537511,5.9382433,1.1968666,6.9346447,4.5318753,0.8347673,0.3128691,0.0980577,0.2160906] [100,1000,100,1000,100,40,40,20,20,20,20,0.5] [0.01,0.001,1e-06,0.001,1e-06,0,0,1e-05,1e-10,1e-10,1e-10,1e-05] [100,10] fmin
founder_asym_hist_3epoch_exp_growth_p1 50 [NAM,HAW] False 2 [16.5703841,128.1426482,13.6675393,88.9537511,5.9382433,1.1968666,6.9346447,4.5318753,0.8347673,0.3128691,0.0980577,0.2160906] [100,1000,100,1000,100,40,40,20,20,20,20,0.5] [0.01,0.001,1e-06,0.001,1e-06,0,0,1e-05,1e-10,1e-10,1e-10,1e-05] [100,10] fmin
founder_asym_hist_3epoch_exp_growth_p1 50 [NAM,HAW] False 2 [16.5703841,128.1426482,13.6675393,88.9537511,5.9382433,1.1968666,6.9346447,4.5318753,0.8347673,0.3128691,0.0980577,0.2160906] [100,1000,100,1000,100,40,40,20,20,20,20,0.5] [0.01,0.001,1e-06,0.001,1e-06,0,0,1e-05,1e-10,1e-10,1e-10,1e-05] [100,10] fmin
founder_asym_hist_3epoch_exp_growth_p1 50 [NAM,HAW] False 2 [16.5703841,128.1426482,13.6675393,88.9537511,5.9382433,1.1968666,6.9346447,4.5318753,0.8347673,0.3128691,0.0980577,0.2160906] [100,1000,100,1000,100,40,40,20,20,20,20,0.5] [0.01,0.001,1e-06,0.001,1e-06,0,0,1e-05,1e-10,1e-10,1e-10,1e-05] [100,10] fmin
founder_asym_hist_3epoch_exp_growth_p1 50 [NAM,HAW] False 2 [16.5703841,128.1426482,13.6675393,88.9537511,5.9382433,1.1968666,6.9346447,4.5318753,0.8347673,0.3128691,0.0980577,0.2160906] [100,1000,100,1000,100,40,40,20,20,20,20,0.5] [0.01,0.001,1e-06,0.001,1e-06,0,0,1e-05,1e-10,1e-10,1e-10,1e-05] [100,10] fmin
founder_asym_hist_3epoch_exp_growth_p1 50 [NAM,HAW] False 2 [16.5703841,128.1426482,13.6675393,88.9537511,5.9382433,1.1968666,6.9346447,4.5318753,0.8347673,0.3128691,0.0980577,0.2160906] [100,1000,100,1000,100,40,40,20,20,20,20,0.5] [0.01,0.001,1e-06,0.001,1e-06,0,0,1e-05,1e-10,1e-10,1e-10,1e-05] [100,10] fmin
founder_asym_hist_3epoch_exp_growth_p1 50 [NAM,HAW] False 2 [16.5703841,128.1426482,13.6675393,88.9537511,5.9382433,1.1968666,6.9346447,4.5318753,0.8347673,0.3128691,0.0980577,0.2160906] [100,1000,100,1000,100,40,40,20,20,20,20,0.5] [0.01,0.001,1e-06,0.001,1e-06,0,0,1e-05,1e-10,1e-10,1e-10,1e-05] [100,10] fmin
founder_asym_hist_3epoch_exp_growth_p1 50 [NAM,HAW] False 2 [16.5703841,128.1426482,13.6675393,88.9537511,5.9382433,1.1968666,6.9346447,4.5318753,0.8347673,0.3128691,0.0980577,0.2160906] [100,1000,100,1000,100,40,40,20,20,20,20,0.5] [0.01,0.001,1e-06,0.001,1e-06,0,0,1e-05,1e-10,1e-10,1e-10,1e-05] [100,10] fmin
founder_asym_hist_3epoch_exp_growth_p1 50 [NAM,HAW] False 2 [16.5703841,128.1426482,13.6675393,88.9537511,5.9382433,1.1968666,6.9346447,4.5318753,0.8347673,0.3128691,0.0980577,0.2160906] [100,1000,100,1000,100,40,40,20,20,20,20,0.5] [0.01,0.001,1e-06,0.001,1e-06,0,0,1e-05,1e-10,1e-10,1e-10,1e-05] [100,10] fmin
founder_asym_hist_3epoch_exp_growth_p1 50 [NAM,HAW] False 2 [16.5703841,128.1426482,13.6675393,88.9537511,5.9382433,1.1968666,6.9346447,4.5318753,0.8347673,0.3128691,0.0980577,0.2160906] [100,1000,100,1000,100,40,40,20,20,20,20,0.5] [0.01,0.001,1e-06,0.001,1e-06,0,0,1e-05,1e-10,1e-10,1e-10,1e-05] [100,10] fmin
founder_asym_hist_3epoch_exp_growth_p1 50 [NAM,HAW] False 2 [16.5703841,128.1426482,13.6675393,88.9537511,5.9382433,1.1968666,6.9346447,4.5318753,0.8347673,0.3128691,0.0980577,0.2160906] [100,1000,100,1000,100,40,40,20,20,20,20,0.5] [0.01,0.001,1e-06,0.001,1e-06,0,0,1e-05,1e-10,1e-10,1e-10,1e-05] [100,10] fmin
founder_asym_hist_3epoch_exp_growth_p1 50 [NAM,HAW] False 2 [16.5703841,128.1426482,13.6675393,88.9537511,5.9382433,1.1968666,6.9346447,4.5318753,0.8347673,0.3128691,0.0980577,0.2160906] [100,1000,100,1000,100,40,40,20,20,20,20,0.5] [0.01,0.001,1e-06,0.001,1e-06,0,0,1e-05,1e-10,1e-10,1e-10,1e-05] [100,10] fmin
founder_asym_hist_3epoch_exp_growth_p1 50 [NAM,HAW] False 2 [16.5703841,128.1426482,13.6675393,88.9537511,5.9382433,1.1968666,6.9346447,4.5318753,0.8347673,0.3128691,0.0980577,0.2160906] [100,1000,100,1000,100,40,40,20,20,20,20,0.5] [0.01,0.001,1e-06,0.001,1e-06,0,0,1e-05,1e-10,1e-10,1e-10,1e-05] [100,10] fmin
founder_asym_hist_3epoch_exp_growth_p1 50 [NAM,HAW] False 2 [16.5703841,128.1426482,13.6675393,88.9537511,5.9382433,1.1968666,6.9346447,4.5318753,0.8347673,0.3128691,0.0980577,0.2160906] [100,1000,100,1000,100,40,40,20,20,20,20,0.5] [0.01,0.001,1e-06,0.001,1e-06,0,0,1e-05,1e-10,1e-10,1e-10,1e-05] [100,10] fmin
founder_asym_hist_3epoch_exp_growth_p1 50 [NAM,HAW] False 2 [16.5703841,128.1426482,13.6675393,88.9537511,5.9382433,1.1968666,6.9346447,4.5318753,0.8347673,0.3128691,0.0980577,0.2160906] [100,1000,100,1000,100,40,40,20,20,20,20,0.5] [0.01,0.001,1e-06,0.001,1e-06,0,0,1e-05,1e-10,1e-10,1e-10,1e-05] [100,10] fmin
founder_asym_hist_3epoch_exp_growth_p1 50 [NAM,HAW] False 2 [16.5703841,128.1426482,13.6675393,88.9537511,5.9382433,1.1968666,6.9346447,4.5318753,0.8347673,0.3128691,0.0980577,0.2160906] [100,1000,100,1000,100,40,40,20,20,20,20,0.5] [0.01,0.001,1e-06,0.001,1e-06,0,0,1e-05,1e-10,1e-10,1e-10,1e-05] [100,10] fmin
founder_asym_hist_3epoch_exp_growth_p1 50 [NAM,HAW] False 2 [16.5703841,128.1426482,13.6675393,88.9537511,5.9382433,1.1968666,6.9346447,4.5318753,0.8347673,0.3128691,0.0980577,0.2160906] [100,1000,100,1000,100,40,40,20,20,20,20,0.5] [0.01,0.001,1e-06,0.001,1e-06,0,0,1e-05,1e-10,1e-10,1e-10,1e-05] [100,10] fmin
founder_asym_hist_3epoch_exp_growth_p1 50 [NAM,HAW] False 2 [16.5703841,128.1426482,13.6675393,88.9537511,5.9382433,1.1968666,6.9346447,4.5318753,0.8347673,0.3128691,0.0980577,0.2160906] [100,1000,100,1000,100,40,40,20,20,20,20,0.5] [0.01,0.001,1e-06,0.001,1e-06,0,0,1e-05,1e-10,1e-10,1e-10,1e-05] [100,10] fmin
founder_asym_hist_3epoch_exp_growth_p1 50 [NAM,HAW] False 2 [16.5703841,128.1426482,13.6675393,88.9537511,5.9382433,1.1968666,6.9346447,4.5318753,0.8347673,0.3128691,0.0980577,0.2160906] [100,1000,100,1000,100,40,40,20,20,20,20,0.5] [0.01,0.001,1e-06,0.001,1e-06,0,0,1e-05,1e-10,1e-10,1e-10,1e-05] [100,10] fmin
founder_asym_hist_3epoch_exp_growth_p1 50 [NAM,HAW] False 2 [16.5703841,128.1426482,13.6675393,88.9537511,5.9382433,1.1968666,6.9346447,4.5318753,0.8347673,0.3128691,0.0980577,0.2160906] [100,1000,100,1000,100,40,40,20,20,20,20,0.5] [0.01,0.001,1e-06,0.001,1e-06,0,0,1e-05,1e-10,1e-10,1e-10,1e-05] [100,10] fmin
founder_asym_hist_3epoch_exp_growth_p1 50 [NAM,HAW] False 2 [16.5703841,128.1426482,13.6675393,88.9537511,5.9382433,1.1968666,6.9346447,4.5318753,0.8347673,0.3128691,0.0980577,0.2160906] [100,1000,100,1000,100,40,40,20,20,20,20,0.5] [0.01,0.001,1e-06,0.001,1e-06,0,0,1e-05,1e-10,1e-10,1e-10,1e-05] [100,10] fmin
founder_asym_hist_3epoch_exp_growth_p1 50 [NAM,HAW] False 2 [16.5703841,128.1426482,13.6675393,88.9537511,5.9382433,1.1968666,6.9346447,4.5318753,0.8347673,0.3128691,0.0980577,0.2160906] [100,1000,100,1000,100,40,40,20,20,20,20,0.5] [0.01,0.001,1e-06,0.001,1e-06,0,0,1e-05,1e-10,1e-10,1e-10,1e-05] [100,10] fmin
founder_asym_hist_3epoch_exp_growth_p1 50 [NAM,HAW] False 2 [16.5703841,128.1426482,13.6675393,88.9537511,5.9382433,1.1968666,6.9346447,4.5318753,0.8347673,0.3128691,0.0980577,0.2160906] [100,1000,100,1000,100,40,40,20,20,20,20,0.5] [0.01,0.001,1e-06,0.001,1e-06,0,0,1e-05,1e-10,1e-10,1e-10,1e-05] [100,10] fmin
founder_asym_hist_3epoch_exp_growth_p1 50 [NAM,HAW] False 2 [16.5703841,128.1426482,13.6675393,88.9537511,5.9382433,1.1968666,6.9346447,4.5318753,0.8347673,0.3128691,0.0980577,0.2160906] [100,1000,100,1000,100,40,40,20,20,20,20,0.5] [0.01,0.001,1e-06,0.001,1e-06,0,0,1e-05,1e-10,1e-10,1e-10,1e-05] [100,10] fmin
founder_asym_hist_3epoch_exp_growth_p1 50 [NAM,HAW] False 2 [16.5703841,128.1426482,13.6675393,88.9537511,5.9382433,1.1968666,6.9346447,4.5318753,0.8347673,0.3128691,0.0980577,0.2160906] [100,1000,100,1000,100,40,40,20,20,20,20,0.5] [0.01,0.001,1e-06,0.001,1e-06,0,0,1e-05,1e-10,1e-10,1e-10,1e-05] [100,10] fmin
founder_asym_hist_3epoch_exp_growth_p1 50 [NAM,HAW] False 2 [16.5703841,128.1426482,13.6675393,88.9537511,5.9382433,1.1968666,6.9346447,4.5318753,0.8347673,0.3128691,0.0980577,0.2160906] [100,1000,100,1000,100,40,40,20,20,20,20,0.5] [0.01,0.001,1e-06,0.001,1e-06,0,0,1e-05,1e-10,1e-10,1e-10,1e-05] [100,10] fmin
founder_asym_hist_3epoch_exp_growth_p1 50 [NAM,HAW] False 2 [16.5703841,128.1426482,13.6675393,88.9537511,5.9382433,1.1968666,6.9346447,4.5318753,0.8347673,0.3128691,0.0980577,0.2160906] [100,1000,100,1000,100,40,40,20,20,20,20,0.5] [0.01,0.001,1e-06,0.001,1e-06,0,0,1e-05,1e-10,1e-10,1e-10,1e-05] [100,10] fmin
founder_asym_hist_3epoch_exp_growth_p1 50 [NAM,HAW] False 2 [16.5703841,128.1426482,13.6675393,88.9537511,5.9382433,1.1968666,6.9346447,4.5318753,0.8347673,0.3128691,0.0980577,0.2160906] [100,1000,100,1000,100,40,40,20,20,20,20,0.5] [0.01,0.001,1e-06,0.001,1e-06,0,0,1e-05,1e-10,1e-10,1e-10,1e-05] [100,10] fmin
founder_asym_hist_3epoch_exp_growth_p1 50 [NAM,HAW] False 2 [16.5703841,128.1426482,13.6675393,88.9537511,5.9382433,1.1968666,6.9346447,4.5318753,0.8347673,0.3128691,0.0980577,0.2160906] [100,1000,100,1000,100,40,40,20,20,20,20,0.5] [0.01,0.001,1e-06,0.001,1e-06,0,0,1e-05,1e-10,1e-10,1e-10,1e-05] [100,10] fmin
founder_asym_hist_3epoch_exp_growth_p1 50 [NAM,HAW] False 2 [16.5703841,128.1426482,13.6675393,88.9537511,5.9382433,1.1968666,6.9346447,4.5318753,0.8347673,0.3128691,0.0980577,0.2160906] [100,1000,100,1000,100,40,40,20,20,20,20,0.5] [0.01,0.001,1e-06,0.001,1e-06,0,0,1e-05,1e-10,1e-10,1e-10,1e-05] [100,10] fmin
founder_asym_hist_3epoch_exp_growth_p1 50 [NAM,HAW] False 2 [16.5703841,128.1426482,13.6675393,88.9537511,5.9382433,1.1968666,6.9346447,4.5318753,0.8347673,0.3128691,0.0980577,0.2160906] [100,1000,100,1000,100,40,40,20,20,20,20,0.5] [0.01,0.001,1e-06,0.001,1e-06,0,0,1e-05,1e-10,1e-10,1e-10,1e-05] [100,10] fmin
founder_asym_hist_3epoch_exp_growth_p1 50 [NAM,HAW] False 2 [16.5703841,128.1426482,13.6675393,88.9537511,5.9382433,1.1968666,6.9346447,4.5318753,0.8347673,0.3128691,0.0980577,0.2160906] [100,1000,100,1000,100,40,40,20,20,20,20,0.5] [0.01,0.001,1e-06,0.001,1e-06,0,0,1e-05,1e-10,1e-10,1e-10,1e-05] [100,10] fmin
founder_asym_hist_3epoch_exp_growth_p1 50 [NAM,HAW] False 2 [16.5703841,128.1426482,13.6675393,88.9537511,5.9382433,1.1968666,6.9346447,4.5318753,0.8347673,0.3128691,0.0980577,0.2160906] [100,1000,100,1000,100,40,40,20,20,20,20,0.5] [0.01,0.001,1e-06,0.001,1e-06,0,0,1e-05,1e-10,1e-10,1e-10,1e-05] [100,10] fmin
founder_asym_hist_3epoch_exp_growth_p1 50 [NAM,HAW] False 2 [16.5703841,128.1426482,13.6675393,88.9537511,5.9382433,1.1968666,6.9346447,4.5318753,0.8347673,0.3128691,0.0980577,0.2160906] [100,1000,100,1000,100,40,40,20,20,20,20,0.5] [0.01,0.001,1e-06,0.001,1e-06,0,0,1e-05,1e-10,1e-10,1e-10,1e-05] [100,10] fmin
founder_asym_hist_3epoch_exp_growth_p1 50 [NAM,HAW] False 2 [16.5703841,128.1426482,13.6675393,88.9537511,5.9382433,1.1968666,6.9346447,4.5318753,0.8347673,0.3128691,0.0980577,0.2160906] [100,1000,100,1000,100,40,40,20,20,20,20,0.5] [0.01,0.001,1e-06,0.001,1e-06,0,0,1e-05,1e-10,1e-10,1e-10,1e-05] [100,10] fmin
founder_asym_hist_3epoch_exp_growth_p1 50 [NAM,HAW] False 2 [16.5703841,128.1426482,13.6675393,88.9537511,5.9382433,1.1968666,6.9346447,4.5318753,0.8347673,0.3128691,0.0980577,0.2160906] [100,1000,100,1000,100,40,40,20,20,20,20,0.5] [0.01,0.001,1e-06,0.001,1e-06,0,0,1e-05,1e-10,1e-10,1e-10,1e-05] [100,10] fmin
founder_asym_hist_3epoch_exp_growth_p1 50 [NAM,HAW] False 2 [16.5703841,128.1426482,13.6675393,88.9537511,5.9382433,1.1968666,6.9346447,4.5318753,0.8347673,0.3128691,0.0980577,0.2160906] [100,1000,100,1000,100,40,40,20,20,20,20,0.5] [0.01,0.001,1e-06,0.001,1e-06,0,0,1e-05,1e-10,1e-10,1e-10,1e-05] [100,10] fmin
founder_asym_hist_3epoch_exp_growth_p1 50 [NAM,HAW] False 2 [16.5703841,128.1426482,13.6675393,88.9537511,5.9382433,1.1968666,6.9346447,4.5318753,0.8347673,0.3128691,0.0980577,0.2160906] [100,1000,100,1000,100,40,40,20,20,20,20,0.5] [0.01,0.001,1e-06,0.001,1e-06,0,0,1e-05,1e-10,1e-10,1e-10,1e-05] [100,10] fmin
founder_asym_hist_3epoch_exp_growth_p1 50 [NAM,HAW] False 2 [16.5703841,128.1426482,13.6675393,88.9537511,5.9382433,1.1968666,6.9346447,4.5318753,0.8347673,0.3128691,0.0980577,0.2160906] [100,1000,100,1000,100,40,40,20,20,20,20,0.5] [0.01,0.001,1e-06,0.001,1e-06,0,0,1e-05,1e-10,1e-10,1e-10,1e-05] [100,10] fmin
founder_asym_hist_3epoch_exp_growth_p1 50 [NAM,HAW] False 2 [16.5703841,128.1426482,13.6675393,88.9537511,5.9382433,1.1968666,6.9346447,4.5318753,0.8347673,0.3128691,0.0980577,0.2160906] [100,1000,100,1000,100,40,40,20,20,20,20,0.5] [0.01,0.001,1e-06,0.001,1e-06,0,0,1e-05,1e-10,1e-10,1e-10,1e-05] [100,10] fmin
founder_asym_hist_3epoch_exp_growth_p1 50 [NAM,HAW] False 2 [16.5703841,128.1426482,13.6675393,88.9537511,5.9382433,1.1968666,6.9346447,4.5318753,0.8347673,0.3128691,0.0980577,0.2160906] [100,1000,100,1000,100,40,40,20,20,20,20,0.5] [0.01,0.001,1e-06,0.001,1e-06,0,0,1e-05,1e-10,1e-10,1e-10,1e-05] [100,10] fmin
founder_asym_hist_3epoch_exp_growth_p1 50 [NAM,HAW] False 2 [16.5703841,128.1426482,13.6675393,88.9537511,5.9382433,1.1968666,6.9346447,4.5318753,0.8347673,0.3128691,0.0980577,0.2160906] [100,1000,100,1000,100,40,40,20,20,20,20,0.5] [0.01,0.001,1e-06,0.001,1e-06,0,0,1e-05,1e-10,1e-10,1e-10,1e-05] [100,10] fmin
founder_asym_hist_3epoch_exp_growth_p1 50 [NAM,HAW] False 2 [16.5703841,128.1426482,13.6675393,88.9537511,5.9382433,1.1968666,6.9346447,4.5318753,0.8347673,0.3128691,0.0980577,0.2160906] [100,1000,100,1000,100,40,40,20,20,20,20,0.5] [0.01,0.001,1e-06,0.001,1e-06,0,0,1e-05,1e-10,1e-10,1e-10,1e-05] [100,10] fmin
founder_asym_hist_3epoch_exp_growth_p1 50 [NAM,HAW] False 2 [16.5703841,128.1426482,13.6675393,88.9537511,5.9382433,1.1968666,6.9346447,4.5318753,0.8347673,0.3128691,0.0980577,0.2160906] [100,1000,100,1000,100,40,40,20,20,20,20,0.5] [0.01,0.001,1e-06,0.001,1e-06,0,0,1e-05,1e-10,1e-10,1e-10,1e-05] [100,10] fmin
founder_asym_hist_3epoch_exp_growth_p1 50 [NAM,HAW] False 2 [16.5703841,128.1426482,13.6675393,88.9537511,5.9382433,1.1968666,6.9346447,4.5318753,0.8347673,0.3128691,0.0980577,0.2160906] [100,1000,100,1000,100,40,40,20,20,20,20,0.5] [0.01,0.001,1e-06,0.001,1e-06,0,0,1e-05,1e-10,1e-10,1e-10,1e-05] [100,10] fmin
founder_asym_hist_3epoch_exp_growth_p1 50 [NAM,HAW] False 2 [16.5703841,128.1426482,13.6675393,88.9537511,5.9382433,1.1968666,6.9346447,4.5318753,0.8347673,0.3128691,0.0980577,0.2160906] [100,1000,100,1000,100,40,40,20,20,20,20,0.5] [0.01,0.001,1e-06,0.001,1e-06,0,0,1e-05,1e-10,1e-10,1e-10,1e-05] [100,10] fmin
founder_asym_hist_3epoch_exp_growth_p1 50 [NAM,HAW] False 2 [16.5703841,128.1426482,13.6675393,88.9537511,5.9382433,1.1968666,6.9346447,4.5318753,0.8347673,0.3128691,0.0980577,0.2160906] [100,1000,100,1000,100,40,40,20,20,20,20,0.5] [0.01,0.001,1e-06,0.001,1e-06,0,0,1e-05,1e-10,1e-10,1e-10,1e-05] [100,10] fmin
founder_asym_hist_3epoch_exp_growth_p1 50 [NAM,HAW] False 2 [16.5703841,128.1426482,13.6675393,88.9537511,5.9382433,1.1968666,6.9346447,4.5318753,0.8347673,0.3128691,0.0980577,0.2160906] [100,1000,100,1000,100,40,40,20,20,20,20,0.5] [0.01,0.001,1e-06,0.001,1e-06,0,0,1e-05,1e-10,1e-10,1e-10,1e-05] [100,10] fmin
founder_asym_hist_3epoch_exp_growth_p1 50 [NAM,HAW] False 2 [16.5703841,128.1426482,13.6675393,88.9537511,5.9382433,1.1968666,6.9346447,4.5318753,0.8347673,0.3128691,0.0980577,0.2160906] [100,1000,100,1000,100,40,40,20,20,20,20,0.5] [0.01,0.001,1e-06,0.001,1e-06,0,0,1e-05,1e-10,1e-10,1e-10,1e-05] [100,10] fmin
founder_asym_hist_3epoch_exp_growth_p1 50 [NAM,HAW] False 2 [16.5703841,128.1426482,13.6675393,88.9537511,5.9382433,1.1968666,6.9346447,4.5318753,0.8347673,0.3128691,0.0980577,0.2160906] [100,1000,100,1000,100,40,40,20,20,20,20,0.5] [0.01,0.001,1e-06,0.001,1e-06,0,0,1e-05,1e-10,1e-10,1e-10,1e-05] [100,10] fmin
founder_asym_hist_3epoch_exp_growth_p1 50 [NAM,HAW] False 2 [16.5703841,128.1426482,13.6675393,88.9537511,5.9382433,1.1968666,6.9346447,4.5318753,0.8347673,0.3128691,0.0980577,0.2160906] [100,1000,100,1000,100,40,40,20,20,20,20,0.5] [0.01,0.001,1e-06,0.001,1e-06,0,0,1e-05,1e-10,1e-10,1e-10,1e-05] [100,10] fmin
founder_asym_hist_3epoch_exp_growth_p1 50 [NAM,HAW] False 2 [16.5703841,128.1426482,13.6675393,88.9537511,5.9382433,1.1968666,6.9346447,4.5318753,0.8347673,0.3128691,0.0980577,0.2160906] [100,1000,100,1000,100,40,40,20,20,20,20,0.5] [0.01,0.001,1e-06,0.001,1e-06,0,0,1e-05,1e-10,1e-10,1e-10,1e-05] [100,10] fmin
founder_asym_hist_3epoch_exp_growth_p1 50 [NAM,HAW] False 2 [16.5703841,128.1426482,13.6675393,88.9537511,5.9382433,1.1968666,6.9346447,4.5318753,0.8347673,0.3128691,0.0980577,0.2160906] [100,1000,100,1000,100,40,40,20,20,20,20,0.5] [0.01,0.001,1e-06,0.001,1e-06,0,0,1e-05,1e-10,1e-10,1e-10,1e-05] [100,10] fmin
founder_asym_hist_3epoch_exp_growth_p1 50 [NAM,HAW] False 2 [16.5703841,128.1426482,13.6675393,88.9537511,5.9382433,1.1968666,6.9346447,4.5318753,0.8347673,0.3128691,0.0980577,0.2160906] [100,1000,100,1000,100,40,40,20,20,20,20,0.5] [0.01,0.001,1e-06,0.001,1e-06,0,0,1e-05,1e-10,1e-10,1e-10,1e-05] [100,10] fmin
founder_asym_hist_3epoch_exp_growth_p1 50 [NAM,HAW] False 2 [16.5703841,128.1426482,13.6675393,88.9537511,5.9382433,1.1968666,6.9346447,4.5318753,0.8347673,0.3128691,0.0980577,0.2160906] [100,1000,100,1000,100,40,40,20,20,20,20,0.5] [0.01,0.001,1e-06,0.001,1e-06,0,0,1e-05,1e-10,1e-10,1e-10,1e-05] [100,10] fmin
founder_asym_hist_3epoch_exp_growth_p1 50 [NAM,HAW] False 2 [16.5703841,128.1426482,13.6675393,88.9537511,5.9382433,1.1968666,6.9346447,4.5318753,0.8347673,0.3128691,0.0980577,0.2160906] [100,1000,100,1000,100,40,40,20,20,20,20,0.5] [0.01,0.001,1e-06,0.001,1e-06,0,0,1e-05,1e-10,1e-10,1e-10,1e-05] [100,10] fmin
founder_asym_hist_3epoch_exp_growth_p1 50 [NAM,HAW] False 2 [16.5703841,128.1426482,13.6675393,88.9537511,5.9382433,1.1968666,6.9346447,4.5318753,0.8347673,0.3128691,0.0980577,0.2160906] [100,1000,100,1000,100,40,40,20,20,20,20,0.5] [0.01,0.001,1e-06,0.001,1e-06,0,0,1e-05,1e-10,1e-10,1e-10,1e-05] [100,10] fmin
founder_asym_hist_3epoch_exp_growth_p1 50 [NAM,HAW] False 2 [16.5703841,128.1426482,13.6675393,88.9537511,5.9382433,1.1968666,6.9346447,4.5318753,0.8347673,0.3128691,0.0980577,0.2160906] [100,1000,100,1000,100,40,40,20,20,20,20,0.5] [0.01,0.001,1e-06,0.001,1e-06,0,0,1e-05,1e-10,1e-10,1e-10,1e-05] [100,10] fmin
