founder_asym_growth_both 30 [NAM,HAW] False 3 [5,5,5,0.1,0.1,1,0.01] [100,100,100,40,40,20,0.5] [0.01,0.001,1e-06,0,0,1e-05,1e-05] [100,10] fmin
founder_asym_growth_both 30 [NAM,HAW] False 3 [5,5,5,0.1,0.1,1,0.01] [100,100,100,40,40,20,0.5] [0.01,0.001,1e-06,0,0,1e-05,1e-05] [100,10] fmin
founder_asym_growth_both 30 [NAM,HAW] False 3 [5,5,5,0.1,0.1,1,0.01] [100,100,100,40,40,20,0.5] [0.01,0.001,1e-06,0,0,1e-05,1e-05] [100,10] fmin
founder_asym_growth_both 30 [NAM,HAW] False 3 [5,5,5,0.1,0.1,1,0.01] [100,100,100,40,40,20,0.5] [0.01,0.001,1e-06,0,0,1e-05,1e-05] [100,10] fmin
founder_asym_growth_both 30 [NAM,HAW] False 3 [5,5,5,0.1,0.1,1,0.01] [100,100,100,40,40,20,0.5] [0.01,0.001,1e-06,0,0,1e-05,1e-05] [100,10] fmin
founder_asym_growth_both 30 [NAM,HAW] False 3 [5,5,5,0.1,0.1,1,0.01] [100,100,100,40,40,20,0.5] [0.01,0.001,1e-06,0,0,1e-05,1e-05] [100,10] fmin
founder_asym_growth_both 30 [NAM,HAW] False 3 [5,5,5,0.1,0.1,1,0.01] [100,100,100,40,40,20,0.5] [0.01,0.001,1e-06,0,0,1e-05,1e-05] [100,10] fmin
founder_asym_growth_both 30 [NAM,HAW] False 3 [5,5,5,0.1,0.1,1,0.01] [100,100,100,40,40,20,0.5] [0.01,0.001,1e-06,0,0,1e-05,1e-05] [100,10] fmin
founder_asym_growth_both 30 [NAM,HAW] False 3 [5,5,5,0.1,0.1,1,0.01] [100,100,100,40,40,20,0.5] [0.01,0.001,1e-06,0,0,1e-05,1e-05] [100,10] fmin
founder_asym_growth_both 30 [NAM,HAW] False 3 [5,5,5,0.1,0.1,1,0.01] [100,100,100,40,40,20,0.5] [0.01,0.001,1e-06,0,0,1e-05,1e-05] [100,10] fmin
founder_asym_growth_both 30 [NAM,HAW] False 3 [5,5,5,0.1,0.1,1,0.01] [100,100,100,40,40,20,0.5] [0.01,0.001,1e-06,0,0,1e-05,1e-05] [100,10] fmin
founder_asym_growth_both 30 [NAM,HAW] False 3 [5,5,5,0.1,0.1,1,0.01] [100,100,100,40,40,20,0.5] [0.01,0.001,1e-06,0,0,1e-05,1e-05] [100,10] fmin
founder_asym_growth_both 30 [NAM,HAW] False 3 [5,5,5,0.1,0.1,1,0.01] [100,100,100,40,40,20,0.5] [0.01,0.001,1e-06,0,0,1e-05,1e-05] [100,10] fmin
founder_asym_growth_both 30 [NAM,HAW] False 3 [5,5,5,0.1,0.1,1,0.01] [100,100,100,40,40,20,0.5] [0.01,0.001,1e-06,0,0,1e-05,1e-05] [100,10] fmin
founder_asym_growth_both 30 [NAM,HAW] False 3 [5,5,5,0.1,0.1,1,0.01] [100,100,100,40,40,20,0.5] [0.01,0.001,1e-06,0,0,1e-05,1e-05] [100,10] fmin
founder_asym_growth_both 30 [NAM,HAW] False 3 [5,5,5,0.1,0.1,1,0.01] [100,100,100,40,40,20,0.5] [0.01,0.001,1e-06,0,0,1e-05,1e-05] [100,10] fmin
founder_asym_growth_both 30 [NAM,HAW] False 3 [5,5,5,0.1,0.1,1,0.01] [100,100,100,40,40,20,0.5] [0.01,0.001,1e-06,0,0,1e-05,1e-05] [100,10] fmin
founder_asym_growth_both 30 [NAM,HAW] False 3 [5,5,5,0.1,0.1,1,0.01] [100,100,100,40,40,20,0.5] [0.01,0.001,1e-06,0,0,1e-05,1e-05] [100,10] fmin
founder_asym_growth_both 30 [NAM,HAW] False 3 [5,5,5,0.1,0.1,1,0.01] [100,100,100,40,40,20,0.5] [0.01,0.001,1e-06,0,0,1e-05,1e-05] [100,10] fmin
founder_asym_growth_both 30 [NAM,HAW] False 3 [5,5,5,0.1,0.1,1,0.01] [100,100,100,40,40,20,0.5] [0.01,0.001,1e-06,0,0,1e-05,1e-05] [100,10] fmin
founder_asym_growth_both 30 [NAM,HAW] False 3 [5,5,5,0.1,0.1,1,0.01] [100,100,100,40,40,20,0.5] [0.01,0.001,1e-06,0,0,1e-05,1e-05] [100,10] fmin
founder_asym_growth_both 30 [NAM,HAW] False 3 [5,5,5,0.1,0.1,1,0.01] [100,100,100,40,40,20,0.5] [0.01,0.001,1e-06,0,0,1e-05,1e-05] [100,10] fmin
founder_asym_growth_both 30 [NAM,HAW] False 3 [5,5,5,0.1,0.1,1,0.01] [100,100,100,40,40,20,0.5] [0.01,0.001,1e-06,0,0,1e-05,1e-05] [100,10] fmin
founder_asym_growth_both 30 [NAM,HAW] False 3 [5,5,5,0.1,0.1,1,0.01] [100,100,100,40,40,20,0.5] [0.01,0.001,1e-06,0,0,1e-05,1e-05] [100,10] fmin
founder_asym_growth_both 30 [NAM,HAW] False 3 [5,5,5,0.1,0.1,1,0.01] [100,100,100,40,40,20,0.5] [0.01,0.001,1e-06,0,0,1e-05,1e-05] [100,10] fmin
founder_asym_growth_both 30 [NAM,HAW] False 3 [5,5,5,0.1,0.1,1,0.01] [100,100,100,40,40,20,0.5] [0.01,0.001,1e-06,0,0,1e-05,1e-05] [100,10] fmin
founder_asym_growth_both 30 [NAM,HAW] False 3 [5,5,5,0.1,0.1,1,0.01] [100,100,100,40,40,20,0.5] [0.01,0.001,1e-06,0,0,1e-05,1e-05] [100,10] fmin
founder_asym_growth_both 30 [NAM,HAW] False 3 [5,5,5,0.1,0.1,1,0.01] [100,100,100,40,40,20,0.5] [0.01,0.001,1e-06,0,0,1e-05,1e-05] [100,10] fmin
founder_asym_growth_both 30 [NAM,HAW] False 3 [5,5,5,0.1,0.1,1,0.01] [100,100,100,40,40,20,0.5] [0.01,0.001,1e-06,0,0,1e-05,1e-05] [100,10] fmin
founder_asym_growth_both 30 [NAM,HAW] False 3 [5,5,5,0.1,0.1,1,0.01] [100,100,100,40,40,20,0.5] [0.01,0.001,1e-06,0,0,1e-05,1e-05] [100,10] fmin
founder_asym_growth_both 30 [NAM,HAW] False 3 [5,5,5,0.1,0.1,1,0.01] [100,100,100,40,40,20,0.5] [0.01,0.001,1e-06,0,0,1e-05,1e-05] [100,10] fmin
founder_asym_growth_both 30 [NAM,HAW] False 3 [5,5,5,0.1,0.1,1,0.01] [100,100,100,40,40,20,0.5] [0.01,0.001,1e-06,0,0,1e-05,1e-05] [100,10] fmin
founder_asym_growth_both 30 [NAM,HAW] False 3 [5,5,5,0.1,0.1,1,0.01] [100,100,100,40,40,20,0.5] [0.01,0.001,1e-06,0,0,1e-05,1e-05] [100,10] fmin
founder_asym_growth_both 30 [NAM,HAW] False 3 [5,5,5,0.1,0.1,1,0.01] [100,100,100,40,40,20,0.5] [0.01,0.001,1e-06,0,0,1e-05,1e-05] [100,10] fmin
founder_asym_growth_both 30 [NAM,HAW] False 3 [5,5,5,0.1,0.1,1,0.01] [100,100,100,40,40,20,0.5] [0.01,0.001,1e-06,0,0,1e-05,1e-05] [100,10] fmin
founder_asym_growth_both 30 [NAM,HAW] False 3 [5,5,5,0.1,0.1,1,0.01] [100,100,100,40,40,20,0.5] [0.01,0.001,1e-06,0,0,1e-05,1e-05] [100,10] fmin
founder_asym_growth_both 30 [NAM,HAW] False 3 [5,5,5,0.1,0.1,1,0.01] [100,100,100,40,40,20,0.5] [0.01,0.001,1e-06,0,0,1e-05,1e-05] [100,10] fmin
founder_asym_growth_both 30 [NAM,HAW] False 3 [5,5,5,0.1,0.1,1,0.01] [100,100,100,40,40,20,0.5] [0.01,0.001,1e-06,0,0,1e-05,1e-05] [100,10] fmin
founder_asym_growth_both 30 [NAM,HAW] False 3 [5,5,5,0.1,0.1,1,0.01] [100,100,100,40,40,20,0.5] [0.01,0.001,1e-06,0,0,1e-05,1e-05] [100,10] fmin
founder_asym_growth_both 30 [NAM,HAW] False 3 [5,5,5,0.1,0.1,1,0.01] [100,100,100,40,40,20,0.5] [0.01,0.001,1e-06,0,0,1e-05,1e-05] [100,10] fmin
founder_asym_growth_both 30 [NAM,HAW] False 3 [5,5,5,0.1,0.1,1,0.01] [100,100,100,40,40,20,0.5] [0.01,0.001,1e-06,0,0,1e-05,1e-05] [100,10] fmin
founder_asym_growth_both 30 [NAM,HAW] False 3 [5,5,5,0.1,0.1,1,0.01] [100,100,100,40,40,20,0.5] [0.01,0.001,1e-06,0,0,1e-05,1e-05] [100,10] fmin
founder_asym_growth_both 30 [NAM,HAW] False 3 [5,5,5,0.1,0.1,1,0.01] [100,100,100,40,40,20,0.5] [0.01,0.001,1e-06,0,0,1e-05,1e-05] [100,10] fmin
founder_asym_growth_both 30 [NAM,HAW] False 3 [5,5,5,0.1,0.1,1,0.01] [100,100,100,40,40,20,0.5] [0.01,0.001,1e-06,0,0,1e-05,1e-05] [100,10] fmin
founder_asym_growth_both 30 [NAM,HAW] False 3 [5,5,5,0.1,0.1,1,0.01] [100,100,100,40,40,20,0.5] [0.01,0.001,1e-06,0,0,1e-05,1e-05] [100,10] fmin
founder_asym_growth_both 30 [NAM,HAW] False 3 [5,5,5,0.1,0.1,1,0.01] [100,100,100,40,40,20,0.5] [0.01,0.001,1e-06,0,0,1e-05,1e-05] [100,10] fmin
founder_asym_growth_both 30 [NAM,HAW] False 3 [5,5,5,0.1,0.1,1,0.01] [100,100,100,40,40,20,0.5] [0.01,0.001,1e-06,0,0,1e-05,1e-05] [100,10] fmin
founder_asym_growth_both 30 [NAM,HAW] False 3 [5,5,5,0.1,0.1,1,0.01] [100,100,100,40,40,20,0.5] [0.01,0.001,1e-06,0,0,1e-05,1e-05] [100,10] fmin
founder_asym_growth_both 30 [NAM,HAW] False 3 [5,5,5,0.1,0.1,1,0.01] [100,100,100,40,40,20,0.5] [0.01,0.001,1e-06,0,0,1e-05,1e-05] [100,10] fmin
founder_asym_growth_both 30 [NAM,HAW] False 3 [5,5,5,0.1,0.1,1,0.01] [100,100,100,40,40,20,0.5] [0.01,0.001,1e-06,0,0,1e-05,1e-05] [100,10] fmin
