37 191844 1667290.32575959
37 19185 1219691.58404793
37 1919 944868.803461406
37 200 682837.120706127
37 199 644094.388406219
37 198 659703.841769133
37 197 684006.854683369
37 196 643549.231728215
37 195 630008.621915664
37 194 667730.264611893
37 193 621369.072554883
37 192 646970.316682584
37 191 662422.568015183
37 190 652225.950141695
37 189 622545.142121419
37 188 670822.368432527
37 187 627524.290711015
37 186 620388.004677198
37 185 646624.123975537
37 184 637952.829726575
37 183 645205.729386507
37 182 622192.883269169
37 181 644642.678766208
37 180 656644.456557099
37 179 597369.21941067
37 178 625997.817466795
37 177 599930.413443427
37 176 661011.440947947
37 175 655901.040820041
37 174 614542.254195303
37 173 604461.380825513
37 172 616720.71692678
37 171 605315.713201409
37 170 607141.618800533
37 169 603009.017984995
37 168 633103.777925736
37 167 616286.252269757
37 166 591625.089514717
37 165 612267.035705
37 164 621888.103523518
37 163 600159.818009752
37 162 579472.699331341
37 161 595900.268326576
37 160 632462.477374499
37 159 619856.004066324
37 158 623545.397418651
37 157 605479.295990916
37 156 600136.300623168
37 155 630941.301779475
37 154 620090.812763964
37 153 619627.948948666
37 152 608660.711786139
37 151 609969.647457812
37 150 610597.393695929
37 149 597075.325401852
37 148 598399.283707452
37 147 594213.130819904
37 146 622142.9955441
37 145 577484.299112621
37 144 597094.323090011
37 143 601153.822330684
37 142 593758.571018232
37 141 606409.569445685
37 140 637205.951941657
37 139 586856.603090928
37 138 626495.397331069
37 137 622120.723585911
37 136 587512.762065193
37 135 638691.382187334
37 134 599307.613284305
37 133 632194.093309288
37 132 614458.834139974
37 131 571587.718292944
37 130 570066.437413682
37 129 597708.034165617
37 128 588682.003174364
37 127 568543.408157163
37 126 579916.214656602
37 125 574654.780555449
37 124 571528.781495222
37 123 584345.479020967
37 122 589419.741347958
37 121 553606.105022887
37 120 578603.072664392
37 119 572899.998293846
37 118 541349.148368059
37 117 568724.484145056
37 116 537352.105175242
37 115 562701.362082153
37 114 555818.341054288
37 113 587338.186404594
37 112 586444.455018183
37 111 546121.547106841
37 110 616211.175122616
37 109 572200.024154892
37 108 550738.449859201
37 107 592973.297068113
37 106 550138.963855709
37 105 576313.977174279
37 104 551397.953377367
37 103 552412.392916504
37 102 547738.431799612
37 101 584700.8239143
37 100 543657.935337503
37 99 537289.432584423
37 98 569255.466921442
37 97 573377.580434033
37 96 550477.522525408
37 95 552052.98227652
37 94 512209.049689149
37 93 534590.70137654
37 92 530849.485822349
37 91 557481.232179338
37 90 549650.726450583
37 89 523321.546845006
37 88 526325.324722174
37 87 569712.449263647
37 86 527394.122893789
37 85 531326.678901522
37 84 555509.327268742
37 83 496381.89787091
37 82 550547.063320127
37 81 520095.969719145
37 80 524599.555975032
37 79 533051.802255655
37 78 539597.851164721
37 77 520895.020824097
37 76 518649.986740157
37 75 508172.436730239
37 74 522757.233995182
37 73 531716.330954675
37 72 508055.167110499
37 71 489671.941753547
37 70 530695.662418118
37 69 535178.729578155
37 68 495631.652696096
37 67 529387.537106443
37 66 530307.311841135
37 65 493180.340133901
37 64 519137.229702018
37 63 501515.611783752
37 62 573284.092911021
37 61 531146.158301528
37 60 534870.847355321
37 59 530330.451301866
37 58 559538.072980557
37 57 519216.65820703
37 56 502712.347280451
37 55 496925.947467131
37 54 535692.599246766
37 53 496461.377811843
37 52 534828.937065839
37 51 524389.095698453
37 50 510240.612566638
37 49 511049.92111329
37 48 487510.248044017
37 47 482901.981364015
37 46 514425.132058755
37 45 489039.312492918
37 44 479795.178544767
37 43 481411.379124897
37 42 502407.380818122
37 41 491132.259457972
37 40 472714.072453326
37 39 501060.528658606
37 38 455525.85262935
37 37 483572.377568336
37 36 503520.186754725
37 35 449608.216375181
37 34 472386.508122179
37 33 521108.575135199
37 32 506344.070800274
37 31 502017.835719732
37 30 475980.083223068
37 29 494813.969280042
37 28 556551.989021844
37 27 520535.974664108
37 26 534907.21827077
37 25 492538.824805726
37 24 526895.184654221
37 23 566683.754815828
37 22 472187.114282247
37 21 462979.983902637
37 20 469509.952494285
37 19 485598.852973046
37 18 476010.039817965
37 17 480802.28305978
37 16 501941.007202939
37 15 486797.3643331
37 14 515530.582008843
37 13 501956.254036311
37 12 515517.078264734
37 11 543743.66642757
37 10 513208.507957956
37 9 524186.340824567
37 8 551472.166026184
37 7 550433.177473964
37 6 621563.796878872
37 5 665266.548832242
37 4 634040.996043136
37 3 641093.000971493
37 2 842827.634274905
37 1 1159594.50670094
