69 191844 1630254.91736894
69 19185 1317930.94024204
69 1919 977057.198161243
69 200 709491.117652103
69 199 685183.049902433
69 198 689230.218447049
69 197 703537.115668073
69 196 691405.910611245
69 195 711231.314680231
69 194 682934.221699076
69 193 680058.652394797
69 192 706799.180494005
69 191 738250.307273713
69 190 685987.030590899
69 189 700988.341500705
69 188 716854.11581595
69 187 662613.128849025
69 186 703973.099793178
69 185 670976.357174657
69 184 681095.57180563
69 183 697442.21297249
69 182 652998.976954663
69 181 706124.235899776
69 180 666619.182742728
69 179 704837.077137105
69 178 691870.842011657
69 177 702817.144957531
69 176 684705.153405715
69 175 681769.481655936
69 174 675059.831814969
69 173 715495.803182654
69 172 681212.571340023
69 171 669279.927451471
69 170 678033.814367671
69 169 691315.250414677
69 168 662790.285270911
69 167 689743.124553316
69 166 680098.290013903
69 165 677903.515387421
69 164 668378.675069917
69 163 686799.494849915
69 162 735882.47572177
69 161 660531.849218976
69 160 718874.965514881
69 159 663212.391311072
69 158 663414.671262616
69 157 655273.336563198
69 156 691276.850943553
69 155 709328.870245196
69 154 657839.532331452
69 153 670021.165146756
69 152 663094.0287215
69 151 671220.687833832
69 150 646063.092785132
69 149 665424.901032853
69 148 636196.652236272
69 147 635438.434692102
69 146 646822.4303575
69 145 643859.238952394
69 144 630895.90769821
69 143 644784.408361661
69 142 669744.020695386
69 141 646750.095880413
69 140 627784.963126236
69 139 625174.586281992
69 138 633709.938760097
69 137 666208.498218885
69 136 663000.910714796
69 135 639143.901802579
69 134 619220.926822617
69 133 626293.585669213
69 132 662302.861989181
69 131 678476.226852685
69 130 646712.658896779
69 129 666918.384385791
69 128 635246.699745788
69 127 650669.843566638
69 126 649140.685810001
69 125 606640.408086283
69 124 678924.745132721
69 123 637391.36038133
69 122 635298.382605412
69 121 641806.587818507
69 120 632166.27917015
69 119 627952.672926218
69 118 637882.903093389
69 117 641497.009827221
69 116 674749.236356569
69 115 623006.432627703
69 114 684279.511791769
69 113 634157.520256475
69 112 633954.578086431
69 111 650076.475446258
69 110 647261.279047744
69 109 616296.127311109
69 108 604455.44044428
69 107 611945.906494188
69 106 597351.049056663
69 105 603832.36364565
69 104 622743.507220695
69 103 608564.291741159
69 102 628592.502351448
69 101 609909.529848
69 100 597510.864428148
69 99 620073.237446732
69 98 621516.020295968
69 97 596858.301798935
69 96 650054.628734785
69 95 602208.561934469
69 94 595763.670574807
69 93 604359.631382274
69 92 631299.579751544
69 91 579724.905362581
69 90 598243.470134244
69 89 637821.623803197
69 88 598971.841758451
69 87 629501.381394713
69 86 604180.152920759
69 85 639112.427287796
69 84 566974.157511566
69 83 623109.20471081
69 82 620693.898980008
69 81 597049.940509359
69 80 591260.045734872
69 79 589354.03422256
69 78 585558.380425654
69 77 626265.803028363
69 76 625026.812971599
69 75 612809.534714202
69 74 573769.373989257
69 73 570919.643076879
69 72 584394.375694356
69 71 616717.213217767
69 70 600682.20969594
69 69 566442.230068381
69 68 561973.399125337
69 67 598086.788577242
69 66 610045.644639132
69 65 558966.576681845
69 64 580530.475402747
69 63 567954.536738476
69 62 574141.689859723
69 61 595803.141142915
69 60 578197.29000836
69 59 550542.278161336
69 58 541293.596643938
69 57 590836.296459811
69 56 584044.591427836
69 55 551209.120751307
69 54 591758.653736963
69 53 602047.056341134
69 52 566511.345710373
69 51 563543.549876213
69 50 580074.852963632
69 49 548799.658056391
69 48 571143.987168604
69 47 590929.089062454
69 46 580745.512997137
69 45 535104.6026954
69 44 556033.663027766
69 43 508946.473166325
69 42 544364.762384788
69 41 559652.110591737
69 40 530006.816006863
69 39 569367.122321547
69 38 546740.331334739
69 37 546381.781390314
69 36 529549.144951817
69 35 540682.535836101
69 34 508825.452648674
69 33 584217.79518017
69 32 508727.987935932
69 31 527824.421409357
69 30 593503.245590458
69 29 551145.630560819
69 28 494286.202975046
69 27 575364.258525002
69 26 507920.958669319
69 25 488403.89823238
69 24 512531.20141624
69 23 547815.20163813
69 22 527376.155816038
69 21 526071.472691484
69 20 577084.049740669
69 19 507984.426235778
69 18 488290.083653272
69 17 534298.735843668
69 16 468128.663643304
69 15 543010.432467086
69 14 489128.920132941
69 13 536297.676564424
69 12 497742.259357449
69 11 556588.002935176
69 10 569851.334749482
69 9 540731.25707987
69 8 583826.506892956
69 7 607802.331531465
69 6 646613.012707557
69 5 730357.558920719
69 4 776146.101098881
69 3 958812.585528531
69 2 986896.337321401
69 1 1338476.65885211
