4 191844 1580832.74792659
4 19185 1307093.36778408
4 1919 968828.353903504
4 200 695048.120611617
4 199 738555.456020669
4 198 698027.319162178
4 197 682990.867474305
4 196 731701.56440867
4 195 660983.259793186
4 194 691283.244300063
4 193 723428.431520676
4 192 724149.729507494
4 191 689218.336672953
4 190 669488.834422182
4 189 703235.432059601
4 188 690772.090582475
4 187 713226.319328841
4 186 693040.115284071
4 185 745027.095174357
4 184 672871.000105371
4 183 756472.033665227
4 182 666557.75388916
4 181 681396.496664127
4 180 648177.814541635
4 179 704204.182600751
4 178 675325.007155758
4 177 675860.942212602
4 176 678837.533630018
4 175 649401.718111199
4 174 687451.533637512
4 173 679080.339264855
4 172 681586.985526751
4 171 686503.382681643
4 170 702018.151011096
4 169 656107.053755844
4 168 659124.541819894
4 167 668723.14440883
4 166 646775.848473598
4 165 666201.225922381
4 164 650429.29637972
4 163 656120.229062074
4 162 695657.483024294
4 161 657292.403366178
4 160 639376.809139365
4 159 633027.716589943
4 158 642008.174541986
4 157 685580.979649695
4 156 691024.845741479
4 155 624358.680419056
4 154 624495.489110412
4 153 672818.132210293
4 152 678072.912976089
4 151 637168.689953475
4 150 654201.895049085
4 149 624399.331996855
4 148 642464.517778146
4 147 628480.732234922
4 146 632809.137025734
4 145 655035.047552759
4 144 700767.869474746
4 143 621394.158862086
4 142 632645.380767992
4 141 596363.311885388
4 140 665334.976593499
4 139 610804.23322661
4 138 668936.610998182
4 137 636849.853125333
4 136 633930.653265669
4 135 607067.318528178
4 134 623283.832136713
4 133 624767.299358848
4 132 601941.970301506
4 131 647905.57899111
4 130 624815.271914905
4 129 620566.653517247
4 128 637262.890070321
4 127 626482.349511439
4 126 618143.56222302
4 125 624130.396879251
4 124 616973.792518885
4 123 629555.556192958
4 122 677603.011239207
4 121 638648.213498114
4 120 610824.258182982
4 119 647477.48699774
4 118 591576.787839432
4 117 612338.157797682
4 116 601212.616613451
4 115 620129.811832067
4 114 633268.913790998
4 113 605236.867900079
4 112 614123.562392309
4 111 579070.368203248
4 110 615658.865678288
4 109 606114.942358069
4 108 613462.172628265
4 107 600598.531737654
4 106 607584.922299116
4 105 574663.383051527
4 104 592537.53121412
4 103 656517.306784322
4 102 619178.132989517
4 101 590437.634573605
4 100 599147.447111162
4 99 598905.410862975
4 98 606273.007682626
4 97 576674.67213224
4 96 610250.937019989
4 95 557255.503017205
4 94 620785.620848805
4 93 608558.390324396
4 92 631251.813086825
4 91 569975.316804824
4 90 574304.471849922
4 89 569626.698646858
4 88 564494.078884742
4 87 635604.34115304
4 86 576149.219337029
4 85 612641.620970219
4 84 555251.140234451
4 83 574009.824698811
4 82 596410.795902536
4 81 559240.38644505
4 80 592504.601047335
4 79 563258.31682175
4 78 546487.246559751
4 77 571152.401629569
4 76 592265.615144201
4 75 571634.832365093
4 74 556857.065993609
4 73 564598.945594026
4 72 562793.72541975
4 71 594251.0321384
4 70 536066.159268239
4 69 555446.349987732
4 68 561121.761418418
4 67 557714.397662419
4 66 544346.600750763
4 65 552004.774440173
4 64 543018.085127426
4 63 623727.18619227
4 62 541040.977979308
4 61 543456.503509255
4 60 538334.215398257
4 59 545317.761430738
4 58 583367.752670185
4 57 516944.372700971
4 56 553580.427067656
4 55 536043.069603266
4 54 539176.261713601
4 53 537084.82493782
4 52 539208.381946572
4 51 541465.078332925
4 50 527840.576229561
4 49 495353.920827462
4 48 512125.73573368
4 47 540925.870170284
4 46 545859.184549692
4 45 532613.467470626
4 44 483441.301911115
4 43 558352.974420485
4 42 507619.274844323
4 41 526092.11615965
4 40 486519.847318211
4 39 530845.904186564
4 38 512751.161277444
4 37 495394.776453335
4 36 507568.580691736
4 35 552391.71376041
4 34 496338.005271339
4 33 494682.568494826
4 32 517220.00240572
4 31 521746.011238768
4 30 517499.242333416
4 29 508176.668970659
4 28 493161.58418332
4 27 513444.805250363
4 26 522768.070278871
4 25 546193.472221033
4 24 527849.368753879
4 23 512385.502270218
4 22 541682.0869154
4 21 505950.883899739
4 20 547843.584801626
4 19 545620.69716977
4 18 530613.322493012
4 17 564677.741631256
4 16 527360.279788051
4 15 577375.942791652
4 14 551666.483053245
4 13 571949.965486694
4 12 573447.194775262
4 11 554278.502800361
4 10 583566.209578842
4 9 632900.427897541
4 8 626481.189144894
4 7 664002.064765806
4 6 645871.826270523
4 5 656963.538380102
4 4 838385.114756172
4 3 910473.86013292
4 2 1165701.17923447
4 1 1247730.67759754
