36 191844 1532465.77947153
36 19185 1336164.95908904
36 1919 1048465.28054452
36 200 675236.090506032
36 199 702871.327632903
36 198 753481.20953604
36 197 682288.242625784
36 196 709575.181577022
36 195 746437.679897415
36 194 703216.2609497
36 193 709310.331277346
36 192 702520.8253653
36 191 725690.416347943
36 190 679395.494501203
36 189 698888.222050948
36 188 694896.405919493
36 187 713669.380011738
36 186 710288.33656051
36 185 700483.839325443
36 184 698465.855330005
36 183 685703.671389899
36 182 684777.802528565
36 181 685230.951457255
36 180 680207.620624645
36 179 706633.604060093
36 178 699958.038502609
36 177 694084.688920427
36 176 685204.623220269
36 175 670129.896888699
36 174 679072.033213388
36 173 695982.272319368
36 172 699419.520418763
36 171 690524.035348126
36 170 703548.81265595
36 169 640986.110409223
36 168 708633.270994622
36 167 702397.60733376
36 166 675715.255934895
36 165 710982.026802841
36 164 696764.986166746
36 163 686490.904715708
36 162 711745.447053431
36 161 732490.558888874
36 160 696026.125147343
36 159 670601.748163072
36 158 668420.062748921
36 157 681829.775191998
36 156 681894.238370702
36 155 672022.565173031
36 154 680858.509591545
36 153 657489.34050621
36 152 680673.528717744
36 151 683941.964204495
36 150 641985.114208509
36 149 670411.782406249
36 148 658022.05296241
36 147 644875.542806697
36 146 671746.351289759
36 145 671509.794326007
36 144 691197.463713549
36 143 664467.498134985
36 142 662241.048010966
36 141 651371.566763399
36 140 682077.571236316
36 139 658166.308379355
36 138 646415.590019547
36 137 633320.121407785
36 136 638075.258284987
36 135 697745.52393675
36 134 726978.631809467
36 133 642404.53564975
36 132 660155.847924145
36 131 645695.453634251
36 130 652531.224901965
36 129 662608.674884755
36 128 646005.857429717
36 127 648807.999210777
36 126 678441.930508943
36 125 667163.235310003
36 124 651247.95374696
36 123 671390.819012247
36 122 640267.022514391
36 121 647459.542540589
36 120 716581.729267441
36 119 615786.428856568
36 118 598025.576762369
36 117 666362.916519148
36 116 603749.726120405
36 115 617881.934225089
36 114 613164.901478405
36 113 630828.940960586
36 112 674505.242867894
36 111 624112.197266368
36 110 673933.498888132
36 109 653614.375446018
36 108 618771.630402065
36 107 632334.521433946
36 106 621975.244304209
36 105 644019.999539147
36 104 619280.297318261
36 103 672116.430587365
36 102 612400.34783133
36 101 608839.261394289
36 100 649514.423937835
36 99 667735.376867126
36 98 637958.38127325
36 97 688295.52246136
36 96 643598.235021484
36 95 625323.717949772
36 94 622459.409012196
36 93 633996.683513424
36 92 604055.303786597
36 91 636002.776109538
36 90 651174.018020776
36 89 589880.877374584
36 88 586165.412550778
36 87 602847.918931742
36 86 647364.50840245
36 85 602881.737616103
36 84 590886.730201163
36 83 588155.154504161
36 82 628143.149513807
36 81 608818.224146612
36 80 653877.236609682
36 79 615887.431255517
36 78 637335.951862579
36 77 579237.657539528
36 76 594139.048192341
36 75 599982.293419529
36 74 605792.304163264
36 73 603531.330382551
36 72 574710.522836483
36 71 596662.549149487
36 70 590432.459622978
36 69 598870.913775289
36 68 608173.176486177
36 67 623016.139036329
36 66 608729.419380035
36 65 598266.507550335
36 64 638812.047403041
36 63 609382.202633507
36 62 603267.098543721
36 61 558754.167749174
36 60 619611.678968244
36 59 616128.183471144
36 58 550786.837630237
36 57 584125.825834347
36 56 596733.699024639
36 55 612702.925836819
36 54 627582.332537822
36 53 589062.402796051
36 52 588952.081764374
36 51 578908.936200797
36 50 589381.430616026
36 49 593401.110347465
36 48 634972.017764477
36 47 593923.37067164
36 46 586093.859126749
36 45 616737.244108896
36 44 586777.320189855
36 43 592544.418358888
36 42 605690.846709817
36 41 591460.280594171
36 40 622751.03324064
36 39 628639.35462234
36 38 591881.185542497
36 37 566762.254108043
36 36 607861.675276996
36 35 594698.682757435
36 34 624723.252452608
36 33 556704.618126109
36 32 599842.505641831
36 31 647200.572761711
36 30 612488.922741637
36 29 599104.132804888
36 28 602674.790639688
36 27 594304.019330747
36 26 583229.970657785
36 25 580784.490355311
36 24 623086.973175826
36 23 547393.049482501
36 22 549061.470459405
36 21 574612.404947002
36 20 552934.520589554
36 19 565885.317758268
36 18 574086.348419569
36 17 599821.960006804
36 16 560847.887045225
36 15 696576.681062722
36 14 621542.348707776
36 13 625643.837705805
36 12 662130.245161135
36 11 590321.076471559
36 10 590875.919441253
36 9 618287.24281144
36 8 680181.843916032
36 7 742913.720988002
36 6 749643.60663802
36 5 740951.317036866
36 4 763755.277166645
36 3 888854.768242807
36 2 1148545.64874114
36 1 1295462.56432395
