6 191844 1491475.80683709
6 19185 1215472.05252783
6 1919 939781.925836747
6 200 733254.062549123
6 199 726010.161874007
6 198 685973.757233066
6 197 675769.910186516
6 196 676315.055285666
6 195 678197.694802798
6 194 675886.742375016
6 193 711152.501202919
6 192 668263.758507321
6 191 722847.392968965
6 190 671125.129358515
6 189 666221.900105786
6 188 658428.259429769
6 187 711348.947008714
6 186 664982.91081033
6 185 673529.741013624
6 184 685187.421061987
6 183 676297.132294948
6 182 673955.419844472
6 181 685587.492258326
6 180 678670.639538025
6 179 669426.594220261
6 178 689705.067351773
6 177 668583.498539944
6 176 670097.878141211
6 175 680639.926097738
6 174 630961.840980413
6 173 642681.529555654
6 172 681914.6375015
6 171 700233.409834643
6 170 648465.026016501
6 169 670652.750298797
6 168 664941.476192324
6 167 632279.607069484
6 166 652897.587783901
6 165 733286.324215369
6 164 628853.625552874
6 163 639704.748767514
6 162 667224.325859302
6 161 660735.170918632
6 160 629755.832141414
6 159 679334.604141327
6 158 616265.075057347
6 157 598769.482652628
6 156 627321.239807771
6 155 651674.373205668
6 154 651048.275727927
6 153 654124.005363248
6 152 649822.143644463
6 151 637598.561135477
6 150 683281.762863471
6 149 680297.226354148
6 148 661348.836324242
6 147 624243.5159796
6 146 690224.325323751
6 145 617426.254599618
6 144 623993.735249908
6 143 608390.335823104
6 142 637522.306494488
6 141 599855.02121346
6 140 627764.13911403
6 139 640798.605497998
6 138 672456.33052876
6 137 650493.276536882
6 136 623693.329844298
6 135 618110.009216603
6 134 665532.53686835
6 133 590296.840779901
6 132 638290.411223899
6 131 593612.551601826
6 130 590915.586426573
6 129 574693.428222807
6 128 623860.210817319
6 127 618202.972850518
6 126 601331.388309313
6 125 635725.163620241
6 124 652213.637230766
6 123 637143.526580474
6 122 598913.309343601
6 121 608527.093747007
6 120 615050.767349865
6 119 610376.136192172
6 118 588383.213946095
6 117 610604.685626016
6 116 611044.295135825
6 115 606594.044063193
6 114 609558.185201366
6 113 605802.647771068
6 112 594347.170399876
6 111 584780.424688178
6 110 588099.836905835
6 109 623779.003398833
6 108 619015.827938764
6 107 591954.826256589
6 106 587221.82286261
6 105 572635.28582509
6 104 583505.188929015
6 103 575271.684329344
6 102 658279.13867901
6 101 557088.669413581
6 100 572790.776963767
6 99 576804.30137364
6 98 555596.47794519
6 97 586544.226072785
6 96 598119.257457092
6 95 605434.628240122
6 94 589837.237292137
6 93 556822.486113209
6 92 561316.019231033
6 91 588572.873743689
6 90 582137.278130157
6 89 610067.914941592
6 88 578905.849424442
6 87 576995.014737743
6 86 639291.317647005
6 85 623000.173148591
6 84 611948.911792828
6 83 581141.70980605
6 82 570793.327173884
6 81 644642.230344067
6 80 571159.293694232
6 79 588876.780182846
6 78 624495.194132327
6 77 558415.200386933
6 76 581298.296934451
6 75 568463.617131142
6 74 610175.176404033
6 73 553807.02692407
6 72 589436.732311587
6 71 566659.738297479
6 70 613792.027738256
6 69 550292.343514734
6 68 545187.212774079
6 67 545434.456491639
6 66 576602.550972647
6 65 564703.67006263
6 64 523316.395727889
6 63 536414.891950442
6 62 527685.822376811
6 61 550825.130893429
6 60 579414.794495407
6 59 520283.543299989
6 58 565707.269344017
6 57 553347.689626151
6 56 559477.32612059
6 55 549905.424235748
6 54 537500.771058139
6 53 531446.017772665
6 52 510443.346758355
6 51 511334.255869794
6 50 565266.61336786
6 49 566006.498657932
6 48 514584.516112721
6 47 527210.016689623
6 46 525088.98875997
6 45 525013.865315103
6 44 526060.163307478
6 43 495877.548909969
6 42 530377.925010649
6 41 527938.188031815
6 40 510423.469829371
6 39 560520.421270872
6 38 532465.971662311
6 37 558344.706967439
6 36 546132.237531539
6 35 507018.209700428
6 34 550594.476848698
6 33 496550.057995491
6 32 566262.887990469
6 31 533171.793267129
6 30 597864.353523378
6 29 590480.673832339
6 28 541462.356495215
6 27 558929.308580902
6 26 530705.755839044
6 25 554013.813093373
6 24 550854.455019018
6 23 634272.977155626
6 22 581703.517721462
6 21 525273.91776763
6 20 551182.791659612
6 19 581445.728131413
6 18 561847.97365232
6 17 550505.138177094
6 16 589761.81641595
6 15 556249.31950351
6 14 576694.983149241
6 13 591390.116462766
6 12 601609.705948973
6 11 635864.617672618
6 10 574201.532936945
6 9 580161.479173945
6 8 640595.146000943
6 7 641779.284001125
6 6 626221.583612949
6 5 699862.823457883
6 4 743513.365635492
6 3 735655.682298638
6 2 885563.04457873
6 1 1216931.15455139
