11 191844 1611347.81260372
11 19185 1311904.47199152
11 1919 983607.006682942
11 200 728448.760964633
11 199 746654.416161774
11 198 723089.607724406
11 197 741945.773806517
11 196 704831.153853083
11 195 694109.015653361
11 194 683723.910210244
11 193 701635.066009348
11 192 700412.924893003
11 191 688538.507492109
11 190 682703.063021254
11 189 697628.364903887
11 188 722606.17649923
11 187 737176.808928664
11 186 680109.837454995
11 185 707977.163990466
11 184 697566.944540142
11 183 714553.988091964
11 182 720157.728534164
11 181 736211.574270585
11 180 741290.648297575
11 179 676320.476762071
11 178 704301.969240592
11 177 690034.720482681
11 176 667112.088380153
11 175 656011.858414516
11 174 672370.663140084
11 173 697215.175002182
11 172 693697.817946009
11 171 651142.553465341
11 170 751526.590684198
11 169 710591.467307305
11 168 686330.95575735
11 167 676331.235348615
11 166 679114.896358081
11 165 670893.072168758
11 164 685444.279948185
11 163 658939.894018668
11 162 687805.05465224
11 161 681577.847762151
11 160 673840.745121541
11 159 675354.715630336
11 158 655791.632791296
11 157 711618.757240103
11 156 689586.048834925
11 155 663905.812716139
11 154 660984.313921077
11 153 654242.130248206
11 152 683922.97279383
11 151 668217.284783022
11 150 652159.656145608
11 149 686697.6829819
11 148 658620.141806415
11 147 640300.553160746
11 146 668771.353235289
11 145 649384.830651159
11 144 623457.935885995
11 143 676246.859080467
11 142 670550.93927868
11 141 654111.635188625
11 140 653650.779289921
11 139 657966.233992445
11 138 627623.5941326
11 137 652892.597013726
11 136 650362.892148815
11 135 643561.558494994
11 134 675958.551801844
11 133 630082.432803076
11 132 673722.001097975
11 131 652744.712501502
11 130 655787.291105732
11 129 604840.224681909
11 128 620597.174656075
11 127 630079.150992993
11 126 621104.463982081
11 125 645207.638119057
11 124 674558.936104154
11 123 635899.436321033
11 122 642601.30690273
11 121 665249.322345897
11 120 641783.087662238
11 119 655861.029365034
11 118 631677.933863387
11 117 668593.42482558
11 116 656536.321469246
11 115 666636.994278789
11 114 668401.840835484
11 113 604871.283638023
11 112 626648.354119089
11 111 628415.932896088
11 110 655595.172014416
11 109 612318.350449316
11 108 616989.318006658
11 107 619340.772545949
11 106 620045.036287785
11 105 639245.787438927
11 104 639288.580207644
11 103 622796.313007907
11 102 603687.378805913
11 101 663395.723252325
11 100 649600.404439675
11 99 605507.429202874
11 98 643421.274427526
11 97 633764.653819061
11 96 630635.192490434
11 95 628386.265562381
11 94 588989.931496956
11 93 593514.531868985
11 92 627688.326955984
11 91 587966.828027905
11 90 594682.400175486
11 89 591283.107531422
11 88 640356.755118518
11 87 617954.328027532
11 86 605053.623407445
11 85 618034.108507173
11 84 612016.608522254
11 83 597321.596261939
11 82 601709.920787809
11 81 607226.260875872
11 80 592418.681635531
11 79 557843.255079685
11 78 587750.681396569
11 77 587504.774483273
11 76 614722.303663532
11 75 644975.542094838
11 74 596972.618483436
11 73 595258.913450894
11 72 590669.518598315
11 71 564190.431157653
11 70 621446.431397406
11 69 563018.616729312
11 68 565992.244651523
11 67 556535.382970324
11 66 585612.867090647
11 65 539075.336549329
11 64 564734.884891199
11 63 596733.489301619
11 62 557038.254279639
11 61 564269.176220228
11 60 549669.121735398
11 59 577270.177428394
11 58 572195.166692277
11 57 566259.133267913
11 56 555311.636949012
11 55 592742.872524248
11 54 549899.324018412
11 53 581726.389420282
11 52 548830.046616637
11 51 591372.264685643
11 50 562818.596281131
11 49 570078.670799241
11 48 545396.367177315
11 47 561285.385038514
11 46 575095.651823868
11 45 542466.894572421
11 44 541001.217159323
11 43 558409.558158653
11 42 533484.028214277
11 41 584620.129806413
11 40 587088.920632208
11 39 556301.771121427
11 38 527210.63203518
11 37 535670.682435573
11 36 564111.740592143
11 35 560622.922408869
11 34 515539.444101645
11 33 540552.950149286
11 32 534857.214947679
11 31 539334.666468904
11 30 555903.251556314
11 29 541456.872708097
11 28 556062.244335724
11 27 560315.380084706
11 26 572223.563653419
11 25 508978.945209257
11 24 521201.161992249
11 23 595404.017589824
11 22 542128.006428137
11 21 512541.451570643
11 20 581839.841390018
11 19 591214.332916094
11 18 549817.549762117
11 17 574482.672717316
11 16 578408.941772954
11 15 535400.520724627
11 14 630547.532144117
11 13 637332.419234183
11 12 572614.529759566
11 11 686197.975456339
11 10 591425.821401968
11 9 618217.517307622
11 8 605510.25018381
11 7 648720.419751583
11 6 762768.812491331
11 5 807785.626577544
11 4 847267.667228805
11 3 884430.384663219
11 2 1069574.51830203
11 1 1264852.8984249
