58 191844 1568064.72511934
58 19185 1285000.01813947
58 1919 953860.794244765
58 200 679241.151820367
58 199 646461.185727188
58 198 686130.959672031
58 197 684079.382163531
58 196 679565.8235685
58 195 679315.391544395
58 194 677746.557096631
58 193 639596.878158638
58 192 716296.644970261
58 191 658393.875996922
58 190 660738.733111534
58 189 650135.423557469
58 188 680246.329949199
58 187 689946.462546366
58 186 640169.438433975
58 185 695514.502378935
58 184 651769.404265286
58 183 664244.260786244
58 182 659083.624630889
58 181 637021.124403571
58 180 605787.413938277
58 179 642780.414436512
58 178 643720.220581357
58 177 639620.559563934
58 176 636229.793676184
58 175 650933.167659672
58 174 656053.925964949
58 173 646810.579338702
58 172 650551.318005528
58 171 610316.957346641
58 170 715792.1804135
58 169 637981.673553288
58 168 656387.785618152
58 167 651066.029418331
58 166 666147.451002206
58 165 618233.233817936
58 164 637383.7642549
58 163 643985.379979249
58 162 627775.653841943
58 161 635227.39649728
58 160 672704.890914379
58 159 623844.961737464
58 158 600000.398683037
58 157 623046.292833591
58 156 634226.658287676
58 155 624278.191034814
58 154 579347.816494538
58 153 635476.543014067
58 152 622592.646230997
58 151 631572.61996169
58 150 601064.364180215
58 149 617048.739887401
58 148 622923.137792941
58 147 624804.692623727
58 146 603323.406369891
58 145 599015.458872823
58 144 647691.557110297
58 143 636566.764877511
58 142 628197.903429454
58 141 636694.013188178
58 140 623672.88127799
58 139 610783.615353299
58 138 615500.300824726
58 137 639665.337469666
58 136 632695.435739772
58 135 614101.936597684
58 134 625695.882088673
58 133 579688.936632816
58 132 670548.497384785
58 131 600317.993242086
58 130 629764.491512966
58 129 592400.809251368
58 128 650729.208750965
58 127 576763.619385008
58 126 588981.631610237
58 125 611599.085442357
58 124 608601.952947883
58 123 627854.825387422
58 122 580991.492047466
58 121 623232.357922722
58 120 566408.536679368
58 119 599145.729790532
58 118 634279.815424299
58 117 598424.082724197
58 116 626504.132566961
58 115 593209.007750434
58 114 594611.540880707
58 113 609477.257296559
58 112 575515.183071917
58 111 566468.541893702
58 110 590979.492106453
58 109 542756.474944646
58 108 569078.395905646
58 107 593087.157154517
58 106 587138.935469154
58 105 574215.048771503
58 104 625681.461033835
58 103 591279.509259991
58 102 584928.607091843
58 101 612670.946060102
58 100 561404.808374928
58 99 542125.915577221
58 98 592309.293149924
58 97 575810.490241022
58 96 541924.695121495
58 95 561677.23483785
58 94 562813.445519872
58 93 610488.016009201
58 92 548447.217190434
58 91 555697.062419696
58 90 533122.782980072
58 89 585550.664532897
58 88 589688.262172902
58 87 563709.617765627
58 86 542626.446761154
58 85 574394.304486509
58 84 553033.731689041
58 83 573035.831943567
58 82 527984.582647663
58 81 554559.438776711
58 80 535335.928880434
58 79 558099.310325487
58 78 550398.324376647
58 77 522115.208458621
58 76 545383.008064341
58 75 518714.187000804
58 74 580038.820077166
58 73 523634.914673971
58 72 543891.023118449
58 71 520143.353416625
58 70 530458.535931374
58 69 498271.868035974
58 68 530167.550551856
58 67 587194.060204904
58 66 545665.568614326
58 65 633430.713271949
58 64 505765.79466836
58 63 526724.785050491
58 62 515334.495875719
58 61 575817.823049931
58 60 528962.095805911
58 59 535166.654838633
58 58 543608.730090373
58 57 518294.082520391
58 56 511650.119392667
58 55 492051.609712883
58 54 524553.117561847
58 53 556462.396355185
58 52 521878.40054877
58 51 545539.734748304
58 50 532529.357576059
58 49 515904.119782053
58 48 486702.70601639
58 47 528739.043030613
58 46 489629.969673403
58 45 501686.452594669
58 44 487176.078791272
58 43 499187.701760992
58 42 475355.028610745
58 41 484764.095609404
58 40 484880.354538836
58 39 488108.146627821
58 38 489689.310376589
58 37 501445.93266495
58 36 472629.016802453
58 35 473620.737502838
58 34 536705.994644174
58 33 487130.158281041
58 32 466246.563441239
58 31 518414.249523442
58 30 509990.178241041
58 29 517482.706293322
58 28 477591.367541022
58 27 512544.410851073
58 26 507781.684049447
58 25 533136.25771522
58 24 516700.212517207
58 23 511390.893895286
58 22 516475.360046085
58 21 512969.946904104
58 20 559973.8117206
58 19 511955.722349237
58 18 511239.743629389
58 17 538089.429410922
58 16 510254.424834579
58 15 497600.366784025
58 14 533675.694843992
58 13 518532.988823984
58 12 517928.653296187
58 11 548483.591930557
58 10 543385.908006689
58 9 544872.981532658
58 8 567396.34969911
58 7 650623.326498998
58 6 608751.719441044
58 5 666217.670977713
58 4 735088.589261001
58 3 699301.88541632
58 2 1033181.67134435
58 1 1182246.34795948
