25 191844 1596476.30550752
25 19185 1281102.51161851
25 1919 991758.316251513
25 200 682555.121120225
25 199 647207.370780646
25 198 644368.843363469
25 197 695420.792391204
25 196 650807.918815816
25 195 677954.088483243
25 194 656825.683614758
25 193 666020.162596067
25 192 707862.175008146
25 191 690695.243453903
25 190 700001.517746187
25 189 691498.216421386
25 188 654647.120350125
25 187 661687.899511157
25 186 673029.322000107
25 185 670626.007535037
25 184 654268.255392746
25 183 652250.395597974
25 182 671700.254713765
25 181 624167.010420437
25 180 687082.989169586
25 179 636998.480854718
25 178 675210.604177807
25 177 706789.163283463
25 176 651719.162277751
25 175 672087.780801217
25 174 665985.99094439
25 173 646046.726796785
25 172 678994.58511548
25 171 625253.815325857
25 170 633885.795196863
25 169 667568.335875468
25 168 655960.04874699
25 167 673289.104105751
25 166 656882.42058979
25 165 636467.139642465
25 164 640329.994308954
25 163 685303.082368947
25 162 680285.139653959
25 161 679862.57946623
25 160 648605.049025702
25 159 632599.517930752
25 158 642468.50519418
25 157 654031.918810784
25 156 632867.183875227
25 155 637726.330781818
25 154 636562.953917345
25 153 655656.297361626
25 152 630234.416481705
25 151 630002.405297088
25 150 616150.418590178
25 149 656634.992785511
25 148 631281.45506628
25 147 652856.046510232
25 146 631688.261783697
25 145 647348.316641898
25 144 626020.439954757
25 143 620856.686334545
25 142 665708.035665039
25 141 613993.217510278
25 140 627563.997775057
25 139 593643.367708406
25 138 584877.513385557
25 137 590388.900646812
25 136 635441.893123997
25 135 607014.719863724
25 134 637014.194028268
25 133 604347.194437178
25 132 623705.268499327
25 131 600481.114519815
25 130 596740.821974856
25 129 596470.172388145
25 128 603614.545036032
25 127 622132.988182739
25 126 581069.452100532
25 125 590592.156542601
25 124 634960.9100766
25 123 579102.965673219
25 122 615641.244600722
25 121 627092.09712865
25 120 576725.845001913
25 119 585970.908273248
25 118 645264.689437438
25 117 595196.139776986
25 116 624568.796528896
25 115 589011.003979942
25 114 579286.204859925
25 113 599988.778913356
25 112 605975.612371378
25 111 597672.957498389
25 110 586109.151882971
25 109 584168.026709212
25 108 560338.310645784
25 107 585657.729070312
25 106 557461.805930629
25 105 591851.236953936
25 104 581498.318211405
25 103 600392.585294434
25 102 649497.702971289
25 101 575937.266962053
25 100 577568.142260564
25 99 562355.027445917
25 98 575781.009791778
25 97 555663.253294197
25 96 547127.561362063
25 95 570389.202611431
25 94 590773.18332285
25 93 526737.357977396
25 92 590604.304674933
25 91 545823.049222405
25 90 574549.962748384
25 89 574686.128465729
25 88 569655.437431535
25 87 556277.829740811
25 86 559406.107494848
25 85 582343.011295553
25 84 557374.600929447
25 83 564231.653022476
25 82 551479.563752358
25 81 545811.428652812
25 80 586246.051499509
25 79 576092.811314083
25 78 525690.790284059
25 77 567149.544559068
25 76 585939.279458003
25 75 531284.280208079
25 74 589561.376882957
25 73 533400.465865063
25 72 553815.488795845
25 71 566358.101870362
25 70 551953.954846946
25 69 568541.678570082
25 68 558249.021039763
25 67 574485.801640943
25 66 591322.64969561
25 65 539698.522147757
25 64 555354.066115061
25 63 561145.693735641
25 62 545691.172012402
25 61 542038.332612028
25 60 568584.124675804
25 59 604181.427253606
25 58 542460.95296464
25 57 572495.460892448
25 56 594567.520154912
25 55 537474.091536839
25 54 594302.058008086
25 53 602705.546696677
25 52 590724.36417838
25 51 557200.395708445
25 50 539390.597560793
25 49 536122.033400683
25 48 560648.098718808
25 47 506163.148372204
25 46 537483.731826005
25 45 514061.1270592
25 44 560040.026877983
25 43 518914.677298426
25 42 524556.882964814
25 41 506209.422480477
25 40 551564.311715302
25 39 505712.028660734
25 38 561540.141091703
25 37 502993.857258438
25 36 511281.384813292
25 35 481483.88867111
25 34 512290.654463155
25 33 485663.57906357
25 32 500963.05231169
25 31 497545.26740499
25 30 556583.942115357
25 29 494000.864051013
25 28 548368.458909465
25 27 490579.31364858
25 26 504418.30064411
25 25 496615.6108455
25 24 501343.428410361
25 23 486746.851267785
25 22 488869.156447798
25 21 492800.176155751
25 20 556713.321155993
25 19 515732.552076024
25 18 537252.785391323
25 17 458796.504942425
25 16 495908.480699333
25 15 508519.393800565
25 14 531895.026561409
25 13 530281.282856437
25 12 508881.501861952
25 11 608064.568496443
25 10 563629.365705999
25 9 570469.085338406
25 8 607682.801203867
25 7 654536.656229515
25 6 596497.729554617
25 5 575004.114649779
25 4 620320.22796478
25 3 725995.822439701
25 2 892436.361196047
25 1 1280767.71972154
