66 191844 1503535.41936867
66 19185 1231030.65235138
66 1919 955060.498921401
66 200 650920.789333065
66 199 698035.404673032
66 198 691516.088746116
66 197 673483.178250593
66 196 698303.163041221
66 195 735930.21766495
66 194 670426.652436754
66 193 708524.987602814
66 192 682819.46220083
66 191 667828.027468529
66 190 678327.611077212
66 189 658438.525701997
66 188 692912.872935295
66 187 661889.596718341
66 186 639861.807670221
66 185 671228.544300423
66 184 721997.651629379
66 183 707079.169025951
66 182 707675.774835156
66 181 797129.972410939
66 180 678771.255272026
66 179 685661.381207963
66 178 700549.900814119
66 177 668240.780269735
66 176 714866.620040315
66 175 700299.921335828
66 174 688862.783114767
66 173 649910.374109549
66 172 715923.624933856
66 171 696444.534441061
66 170 671052.653425775
66 169 700952.252565846
66 168 671093.552663008
66 167 690747.851465499
66 166 660908.955977671
66 165 682133.589991334
66 164 664497.037376428
66 163 666272.095512951
66 162 695735.663380474
66 161 686216.973826217
66 160 672302.49658894
66 159 659791.470286463
66 158 680657.283472368
66 157 669458.145012001
66 156 665067.81623084
66 155 644762.592977347
66 154 649501.658868482
66 153 653582.743262443
66 152 665175.367237387
66 151 662643.5886897
66 150 659510.978391078
66 149 733084.027445246
66 148 640431.792116502
66 147 621243.655554683
66 146 646814.851844795
66 145 653260.139975722
66 144 646175.142022468
66 143 636061.204958814
66 142 645772.6231842
66 141 660744.953485617
66 140 660155.752256678
66 139 645238.172970315
66 138 657294.951092702
66 137 636695.292961707
66 136 667690.433552912
66 135 640776.276197469
66 134 640753.488069473
66 133 676248.495241882
66 132 637043.440659264
66 131 632935.918618245
66 130 647030.139143078
66 129 635324.20407592
66 128 591172.783394368
66 127 641021.031020286
66 126 625901.367985548
66 125 620822.027103122
66 124 602370.652413533
66 123 631787.594620662
66 122 612623.122628013
66 121 611615.802230418
66 120 632283.68573656
66 119 620028.221279261
66 118 600265.317139319
66 117 613152.159249666
66 116 594520.354261165
66 115 605778.144764815
66 114 653262.854278152
66 113 597635.916869287
66 112 639660.398874744
66 111 659917.890056162
66 110 632966.087400209
66 109 581559.810716731
66 108 623957.079954995
66 107 602099.95124248
66 106 618615.672813477
66 105 576630.622196155
66 104 583577.160458929
66 103 611479.148627068
66 102 636015.406905322
66 101 569760.912885773
66 100 573126.313392721
66 99 570248.410429005
66 98 560914.406716033
66 97 579246.791485484
66 96 577117.140958875
66 95 578942.831614854
66 94 584105.175908612
66 93 595644.686828833
66 92 586399.809310852
66 91 564894.678672557
66 90 575906.173822589
66 89 570733.676258453
66 88 543991.754438981
66 87 567720.514815234
66 86 583182.623269635
66 85 588785.521154536
66 84 577962.03795126
66 83 567499.120245918
66 82 587775.657196609
66 81 568084.264225375
66 80 580412.247210392
66 79 581162.555439516
66 78 605380.61380438
66 77 561887.205302125
66 76 616175.222284615
66 75 603282.340127477
66 74 550829.453590273
66 73 574037.203216917
66 72 568018.800077435
66 71 611285.48782079
66 70 564460.331832183
66 69 530689.855644483
66 68 523245.744066563
66 67 538550.959892659
66 66 531968.707854902
66 65 544398.310826533
66 64 555725.568615669
66 63 594182.332765901
66 62 515222.185384652
66 61 551351.306161647
66 60 545654.123727821
66 59 559870.492998719
66 58 537002.210216374
66 57 540928.215438853
66 56 515904.629176509
66 55 518490.462503374
66 54 588596.816783784
66 53 530649.088331933
66 52 561026.410984554
66 51 540887.116927398
66 50 548710.883502983
66 49 561454.565762043
66 48 563159.835513464
66 47 531230.289979274
66 46 534097.348298617
66 45 552183.083428938
66 44 545707.131317118
66 43 521377.127470773
66 42 552791.84130035
66 41 506168.050229727
66 40 548517.763454349
66 39 540559.928727484
66 38 518304.519460095
66 37 500046.257855962
66 36 529528.919809043
66 35 532132.460526688
66 34 525879.3870271
66 33 505830.850327974
66 32 478416.427427807
66 31 543906.901993138
66 30 549202.569251615
66 29 460416.23801242
66 28 500611.930801685
66 27 516097.12323179
66 26 510995.986390733
66 25 458892.12363789
66 24 480541.894890781
66 23 495496.792751759
66 22 481955.77376364
66 21 487327.401093863
66 20 441659.092542105
66 19 511868.974821391
66 18 467441.414294145
66 17 536611.930671226
66 16 495215.968672858
66 15 495279.272110696
66 14 538510.622970588
66 13 533580.189817753
66 12 525143.81969791
66 11 567400.993296019
66 10 507670.687208108
66 9 644542.990919782
66 8 602451.095796034
66 7 635853.151063408
66 6 675571.280434455
66 5 688140.760101515
66 4 711541.017530749
66 3 794381.411631486
66 2 836713.233442811
66 1 1186905.45327225
