9 191844 1580588.48557124
9 19185 1305417.45589567
9 1919 1009646.11318403
9 200 727816.931464633
9 199 735085.186856583
9 198 687890.890275842
9 197 717948.230328013
9 196 743525.981414271
9 195 748504.629550076
9 194 737851.518641028
9 193 730396.982022202
9 192 736530.517893039
9 191 686397.965631839
9 190 731766.631848445
9 189 698434.242092142
9 188 723971.378059126
9 187 695273.465533131
9 186 737742.045876497
9 185 704423.77476867
9 184 774660.412771732
9 183 731676.045799963
9 182 742857.102842359
9 181 675366.870081885
9 180 719454.697409779
9 179 687774.433475191
9 178 774128.358295967
9 177 704383.79532507
9 176 710083.036707698
9 175 740465.683392375
9 174 670647.885610254
9 173 710279.417493227
9 172 682677.150120914
9 171 714318.558164538
9 170 687642.771016798
9 169 719770.504207682
9 168 681761.868793078
9 167 754140.313591547
9 166 679638.215712034
9 165 705175.843448413
9 164 706321.141862453
9 163 682329.287841018
9 162 696688.345301076
9 161 713787.793498095
9 160 722450.193817684
9 159 669432.701592744
9 158 669313.149974354
9 157 714185.892585773
9 156 694661.681485712
9 155 730095.669859965
9 154 698474.021237903
9 153 708125.96329597
9 152 712557.249131971
9 151 674417.452249995
9 150 663017.252972632
9 149 688351.605350383
9 148 676882.861537375
9 147 690245.178656867
9 146 721299.386788224
9 145 679968.204401684
9 144 724762.974824923
9 143 657693.835448157
9 142 659084.514736383
9 141 683665.821378597
9 140 704679.373652171
9 139 682841.48671488
9 138 717547.434269413
9 137 664397.154547993
9 136 683293.364998566
9 135 643530.358353002
9 134 650690.511989132
9 133 663155.641418132
9 132 648029.167444452
9 131 654330.811031757
9 130 620914.180233765
9 129 674188.017194659
9 128 643984.391140228
9 127 615052.849026108
9 126 649899.660298556
9 125 648307.097085474
9 124 666907.99703349
9 123 674968.715866625
9 122 654699.33860122
9 121 671177.783615467
9 120 620724.81277729
9 119 634944.30339329
9 118 662531.672668039
9 117 655898.991189145
9 116 653389.727845028
9 115 656024.736175459
9 114 639629.379861323
9 113 659907.999416829
9 112 618122.518598583
9 111 645202.870488849
9 110 623168.170847771
9 109 618308.295426027
9 108 606273.089072708
9 107 645230.918071919
9 106 642956.649747497
9 105 635737.427131518
9 104 628410.15538052
9 103 621360.646620532
9 102 674155.01001281
9 101 674896.747795
9 100 664548.922932502
9 99 693589.995980263
9 98 625903.105944445
9 97 633683.979590337
9 96 650036.341548954
9 95 637258.086102182
9 94 612558.867956095
9 93 605681.317224917
9 92 597348.868563124
9 91 624154.606086425
9 90 620609.213236848
9 89 601685.071535903
9 88 606362.467942837
9 87 615354.760297877
9 86 609370.344409141
9 85 656632.425476072
9 84 617212.517887679
9 83 634461.430672154
9 82 648994.294053268
9 81 631519.075073066
9 80 590117.191381789
9 79 588739.380723277
9 78 606065.478126418
9 77 602001.161572213
9 76 593193.385216618
9 75 633241.329520407
9 74 648673.81409639
9 73 644584.839508838
9 72 630329.276600722
9 71 615021.568033789
9 70 581983.130138294
9 69 584893.930861408
9 68 557365.718039022
9 67 572766.788600219
9 66 644689.123359873
9 65 569932.63465505
9 64 627751.596201817
9 63 588881.987803445
9 62 603928.744377793
9 61 640383.373701245
9 60 605913.008313523
9 59 615592.725512967
9 58 569856.09018243
9 57 604613.761687809
9 56 594055.021420857
9 55 603794.709526277
9 54 614213.654900343
9 53 640469.187242657
9 52 608874.984081133
9 51 587004.997083819
9 50 616122.589169024
9 49 630326.67247232
9 48 631310.822806946
9 47 577337.370968134
9 46 609198.214315121
9 45 590054.890771651
9 44 609440.131204386
9 43 632817.353216523
9 42 626671.701578366
9 41 622984.005380335
9 40 699891.241727486
9 39 581007.955443201
9 38 608518.365028517
9 37 617075.064828136
9 36 602915.90807499
9 35 602277.34342429
9 34 623112.693709954
9 33 621080.547418781
9 32 569471.074068239
9 31 606191.945672311
9 30 635024.207040648
9 29 583241.988035765
9 28 583278.236770142
9 27 611035.867359581
9 26 586136.420430536
9 25 614079.003272828
9 24 629179.806542629
9 23 552990.218368054
9 22 569126.973262567
9 21 578206.99635188
9 20 580221.041362002
9 19 557215.746605554
9 18 556711.651780613
9 17 590079.321944568
9 16 613121.884328956
9 15 610209.056072927
9 14 552532.52551709
9 13 625710.611726657
9 12 708186.553189754
9 11 586257.57526737
9 10 632454.714196683
9 9 590904.974356588
9 8 596930.868269422
9 7 747486.273446912
9 6 713615.346175878
9 5 772595.625259563
9 4 796036.057662202
9 3 890675.745838535
9 2 1085128.20720343
9 1 1529521.96082218
