88 191844 1640716.85168419
88 19185 1271349.30119715
88 1919 912930.087617932
88 200 596118.480637614
88 199 611930.278376371
88 198 635736.53738199
88 197 605223.500741077
88 196 582979.02449643
88 195 611931.152823329
88 194 621561.259563141
88 193 607633.036717197
88 192 613808.238185761
88 191 616459.418579477
88 190 617146.221513967
88 189 612553.617610108
88 188 627106.283767386
88 187 598495.131495391
88 186 565781.330379691
88 185 590985.667611894
88 184 607091.102773616
88 183 582697.012917664
88 182 568717.616073881
88 181 613927.018473374
88 180 579315.259661521
88 179 576812.760635185
88 178 589983.612275601
88 177 605778.13054218
88 176 582521.280531857
88 175 554856.713477078
88 174 583515.142581346
88 173 586269.874960318
88 172 562205.027414058
88 171 621176.029096193
88 170 605899.987736636
88 169 577039.665042729
88 168 592461.792233397
88 167 577807.586796378
88 166 571793.709627926
88 165 585986.223141986
88 164 608123.725568318
88 163 567721.314391581
88 162 632741.662287263
88 161 585579.543147814
88 160 579742.390903097
88 159 568523.873275317
88 158 549237.70349469
88 157 556761.87546444
88 156 580737.165659109
88 155 565988.487561311
88 154 545157.932440746
88 153 558958.762806881
88 152 537587.745433302
88 151 560206.27002393
88 150 581820.596251542
88 149 575606.108510712
88 148 536148.1552141
88 147 577167.116229367
88 146 535072.657946554
88 145 543894.05447947
88 144 548845.55210716
88 143 544796.766555069
88 142 540742.630663611
88 141 531835.019893606
88 140 544182.809869389
88 139 540261.253154732
88 138 544373.923250272
88 137 555816.152551787
88 136 564987.139759089
88 135 569942.144969764
88 134 528665.284318109
88 133 601565.090032103
88 132 557760.959931401
88 131 520895.445138376
88 130 543297.937018053
88 129 548199.262967905
88 128 600649.412051385
88 127 542903.298693697
88 126 542503.367563355
88 125 523488.536458246
88 124 537782.691024868
88 123 546906.525209304
88 122 528293.370473206
88 121 551188.775891469
88 120 536390.127625751
88 119 562283.073324731
88 118 505236.673764638
88 117 548460.037389308
88 116 528202.006217655
88 115 543023.712773693
88 114 530451.342913706
88 113 537253.479434599
88 112 533192.630227226
88 111 571504.705406187
88 110 517874.296688145
88 109 519895.181709242
88 108 497098.901027053
88 107 499450.753375551
88 106 536145.972071421
88 105 508431.731546392
88 104 517290.689795675
88 103 559890.226294638
88 102 502578.860094054
88 101 523365.36591789
88 100 510928.879895268
88 99 514774.256529659
88 98 519652.123088651
88 97 508066.583396516
88 96 513712.02331306
88 95 488589.398097394
88 94 510830.722436759
88 93 530448.063843786
88 92 483428.514274359
88 91 483181.850542852
88 90 493754.1936332
88 89 515291.005629548
88 88 487574.011107513
88 87 504093.892971517
88 86 502154.131118016
88 85 528557.637286385
88 84 491837.532840948
88 83 496550.027128951
88 82 523764.55827003
88 81 513618.410078022
88 80 494247.110944211
88 79 505968.379087798
88 78 489224.874807906
88 77 524651.218778258
88 76 473834.678165456
88 75 508516.417287259
88 74 488230.250013185
88 73 488049.998162005
88 72 482384.244591912
88 71 496202.757308021
88 70 465163.419464156
88 69 463520.702569267
88 68 477962.328425394
88 67 500185.866740305
88 66 485730.432923127
88 65 465718.922324716
88 64 473714.862607525
88 63 470729.196350209
88 62 477589.119284542
88 61 472216.981397975
88 60 479340.564232228
88 59 445345.305379368
88 58 477382.611310776
88 57 482772.193818737
88 56 452304.710686557
88 55 456147.542275172
88 54 457415.059848962
88 53 454436.848321755
88 52 448354.673490967
88 51 437570.496468397
88 50 462728.746670055
88 49 437733.054712185
88 48 457789.497635408
88 47 424906.706692982
88 46 419253.120914518
88 45 450065.046477449
88 44 457910.281459782
88 43 433011.724125826
88 42 448856.248824277
88 41 485077.888566178
88 40 477994.472578165
88 39 462695.375771425
88 38 463406.589426312
88 37 480513.827096641
88 36 440783.678362838
88 35 427877.813696314
88 34 430340.436088765
88 33 420689.438119077
88 32 456884.24669008
88 31 472689.670744876
88 30 494056.933216847
88 29 453057.393951141
88 28 439327.812361809
88 27 427015.596164381
88 26 430344.7899481
88 25 455584.443731743
88 24 415768.610786325
88 23 396614.493112562
88 22 444384.20568627
88 21 429154.269801512
88 20 416985.209972346
88 19 429372.23559842
88 18 400093.629847144
88 17 426232.950547661
88 16 443416.504280996
88 15 435484.281561286
88 14 422132.95643727
88 13 514360.397744314
88 12 476437.237361702
88 11 511893.449160741
88 10 485477.12186578
88 9 517143.969247179
88 8 521817.427730026
88 7 517363.846119
88 6 515162.912943458
88 5 518375.816809987
88 4 677642.067913091
88 3 808360.861260489
88 2 885823.9902924
88 1 1075971.42192506
