45 191844 1547335.47560591
45 19185 1339034.60331154
45 1919 986166.724546041
45 200 677751.484513346
45 199 704795.22541657
45 198 707078.653769189
45 197 662786.771615746
45 196 693121.700151161
45 195 701816.695348274
45 194 696925.978153607
45 193 662026.144338072
45 192 727711.95884649
45 191 716921.349653901
45 190 757443.249732436
45 189 679029.163527102
45 188 718643.17371084
45 187 816075.353562586
45 186 639273.898879424
45 185 677671.252473574
45 184 680537.346381836
45 183 654672.761600391
45 182 691549.771301448
45 181 699921.234776144
45 180 673110.819961358
45 179 673261.800551564
45 178 654263.958101373
45 177 664007.485268746
45 176 659775.72681079
45 175 704090.317757823
45 174 665184.585165988
45 173 703125.041890401
45 172 710618.38617768
45 171 711945.499188626
45 170 675639.722985475
45 169 658219.260462346
45 168 663060.170087569
45 167 667718.413213807
45 166 702512.537664575
45 165 664001.681513298
45 164 652722.019534558
45 163 679010.230678227
45 162 667134.710319215
45 161 749933.107325323
45 160 701682.573790184
45 159 684453.815242878
45 158 677119.79203412
45 157 660541.409738369
45 156 667539.23897679
45 155 701089.271681207
45 154 672342.323844802
45 153 658788.372211011
45 152 636548.996637552
45 151 616353.865614728
45 150 645176.880447267
45 149 693830.528233957
45 148 666531.481204478
45 147 648599.321257791
45 146 646362.347405102
45 145 658373.059651744
45 144 634596.706844922
45 143 629393.213023722
45 142 635626.445415163
45 141 622101.214984756
45 140 628974.319420279
45 139 634037.532760393
45 138 626474.014041723
45 137 654464.969136486
45 136 619226.585852051
45 135 621566.732568558
45 134 637408.404743798
45 133 650836.109179456
45 132 677040.081019103
45 131 647577.399639424
45 130 641787.517377764
45 129 643673.413559546
45 128 631812.576728757
45 127 624013.887377594
45 126 635247.148926484
45 125 610031.046010465
45 124 658807.078857082
45 123 644422.787835148
45 122 589440.601367374
45 121 635769.478499977
45 120 604777.026166899
45 119 630168.478037865
45 118 635359.027037877
45 117 599681.528725137
45 116 628106.755122129
45 115 624414.150303205
45 114 626665.732500028
45 113 662055.35961073
45 112 652359.933976191
45 111 609872.347368201
45 110 608544.207965132
45 109 631930.691855878
45 108 629752.123679647
45 107 615766.361848741
45 106 581643.653416543
45 105 631197.927722401
45 104 597620.729011398
45 103 602030.747589347
45 102 629489.92971676
45 101 613560.496603528
45 100 595765.243033585
45 99 603407.171127833
45 98 621755.748870818
45 97 584716.595845061
45 96 634809.364962976
45 95 611627.005302778
45 94 592959.854492231
45 93 624723.730020397
45 92 617744.477609897
45 91 569509.649890073
45 90 579261.11192935
45 89 588645.341041031
45 88 607672.408660432
45 87 595429.628272918
45 86 590417.759141326
45 85 595915.546631319
45 84 577712.034616814
45 83 583273.758617115
45 82 613959.089542272
45 81 612376.698202489
45 80 599306.252124911
45 79 610585.954013301
45 78 570208.865843689
45 77 581944.84903763
45 76 589649.783926767
45 75 567104.963593032
45 74 558844.980931483
45 73 570613.648751311
45 72 562044.323268751
45 71 578387.062949788
45 70 609114.001936655
45 69 557480.943478559
45 68 603298.656540579
45 67 545422.868632577
45 66 574368.870625642
45 65 581562.96113592
45 64 599729.036941747
45 63 562356.073565463
45 62 598834.949060447
45 61 597789.453842803
45 60 576165.58056825
45 59 586014.757575443
45 58 614690.40583546
45 57 572553.042951785
45 56 584508.626236295
45 55 562541.681253739
45 54 575733.568144114
45 53 566533.086698147
45 52 554182.521118436
45 51 586963.056214203
45 50 593997.738282476
45 49 549502.310019703
45 48 563947.906203428
45 47 597222.132652109
45 46 625633.023856158
45 45 577623.144936905
45 44 620844.243926371
45 43 555814.56845692
45 42 561113.531044736
45 41 567976.722776992
45 40 529971.959261363
45 39 558643.548513
45 38 575231.291363964
45 37 580502.235168746
45 36 565266.79384055
45 35 565825.946284068
45 34 550339.797941864
45 33 554135.695683189
45 32 542976.563425313
45 31 558919.092003482
45 30 556751.681464244
45 29 607081.268078519
45 28 555454.487491837
45 27 547775.21268052
45 26 507327.483344295
45 25 521310.297937635
45 24 521230.718627308
45 23 537181.537610863
45 22 568005.523362317
45 21 512348.905729854
45 20 511356.412943425
45 19 564103.199715775
45 18 505584.871705361
45 17 503604.032024441
45 16 509551.878784475
45 15 594375.984673448
45 14 511476.238258127
45 13 502399.61032052
45 12 506015.145260766
45 11 526489.647642036
45 10 543600.060317934
45 9 536184.42810375
45 8 584416.194768164
45 7 562884.881298848
45 6 612952.210245833
45 5 670686.716600828
45 4 944355.753825209
45 3 976301.677987426
45 2 1367239.27963655
45 1 1360695.35620293
