73 191844 1619289.51152148
73 19185 1278875.14948482
73 1919 1013258.45384962
73 200 729285.914209962
73 199 704178.597709855
73 198 694251.505718952
73 197 690909.153806544
73 196 689912.166182978
73 195 705071.157854344
73 194 715643.178771824
73 193 668422.022814824
73 192 727460.034044317
73 191 740228.652433938
73 190 726995.492238089
73 189 747031.90198543
73 188 740219.596115483
73 187 695315.98362117
73 186 746978.393978483
73 185 689641.26570001
73 184 691085.744209897
73 183 656675.983954338
73 182 710815.726053056
73 181 676986.437625154
73 180 731717.952838639
73 179 710657.089938868
73 178 706100.110931863
73 177 728984.147588688
73 176 688287.522983392
73 175 753782.062196512
73 174 756708.226296692
73 173 714327.130035316
73 172 725405.394611827
73 171 705927.149348662
73 170 690573.182961551
73 169 703378.910962599
73 168 693945.66981922
73 167 717481.402195643
73 166 715877.870663484
73 165 687474.246122638
73 164 722640.380712025
73 163 684844.623202433
73 162 667502.149402017
73 161 662844.966257692
73 160 680916.382275222
73 159 685730.158968807
73 158 682506.537967855
73 157 677751.045566936
73 156 673658.845141938
73 155 659050.723893328
73 154 686080.34785775
73 153 654479.118646971
73 152 663701.544571234
73 151 658365.428765149
73 150 684771.730899816
73 149 666738.050219278
73 148 733712.371820097
73 147 662915.48702799
73 146 690457.856705642
73 145 635754.103879542
73 144 640055.528006093
73 143 656569.779273783
73 142 689164.573412785
73 141 647379.746819301
73 140 662159.204039788
73 139 637427.262387394
73 138 628032.192192872
73 137 649311.176173607
73 136 701571.5875985
73 135 649341.752007347
73 134 613545.704872285
73 133 686158.300642381
73 132 607263.169841221
73 131 703404.358308339
73 130 716697.846998049
73 129 624279.133109777
73 128 640862.177783749
73 127 626867.791798085
73 126 655588.920727347
73 125 644735.260353775
73 124 627574.204257292
73 123 660039.038199283
73 122 661926.530652145
73 121 628580.214038985
73 120 713608.835812734
73 119 616913.846159629
73 118 637512.797226583
73 117 618051.365892456
73 116 669110.912030967
73 115 692203.816041611
73 114 669011.857324098
73 113 661327.393661182
73 112 636850.620213563
73 111 624730.203202751
73 110 660659.855846295
73 109 615662.008736589
73 108 631124.35188956
73 107 630280.138885961
73 106 627902.902676028
73 105 637819.415084946
73 104 618214.484591857
73 103 667895.422536953
73 102 614853.04237917
73 101 631837.978482455
73 100 599115.788280834
73 99 615524.65920963
73 98 630724.800024036
73 97 640977.934985637
73 96 643766.099267313
73 95 611764.258363349
73 94 569702.827158536
73 93 623015.40458765
73 92 598613.924308726
73 91 640592.256789438
73 90 634730.532606731
73 89 608304.538550082
73 88 603548.829830315
73 87 657457.616791632
73 86 637917.408666611
73 85 609090.249055433
73 84 641476.472511093
73 83 601900.406159969
73 82 586586.340684104
73 81 639110.832445158
73 80 629727.716596145
73 79 597447.870129505
73 78 633594.873816366
73 77 580995.221932148
73 76 584878.532165212
73 75 557656.673022603
73 74 624401.652021318
73 73 623388.272665533
73 72 638017.186873508
73 71 597535.453918369
73 70 576940.643235636
73 69 575771.592460969
73 68 589558.993668228
73 67 614011.947198985
73 66 631756.53814929
73 65 660372.204421113
73 64 617996.121639762
73 63 603249.251833142
73 62 586202.718361932
73 61 561102.992280474
73 60 620750.564686297
73 59 601538.82087008
73 58 653452.581758793
73 57 616917.619967734
73 56 592478.417536539
73 55 628248.955986526
73 54 616785.95789502
73 53 584618.593421614
73 52 590031.354163541
73 51 578096.970716955
73 50 597094.09417456
73 49 620286.664381481
73 48 593521.310355477
73 47 561169.205121252
73 46 550660.085964913
73 45 587119.879605473
73 44 610240.40801959
73 43 642591.675498582
73 42 616973.565316856
73 41 590622.941828025
73 40 581426.389639408
73 39 599178.311670093
73 38 619703.903452939
73 37 566599.229922918
73 36 610594.4682015
73 35 598161.250348142
73 34 594319.798080688
73 33 587422.388307749
73 32 598596.384483065
73 31 602096.264347812
73 30 603293.651573142
73 29 588801.099773842
73 28 609155.062049802
73 27 589129.940666754
73 26 591888.52418297
73 25 620914.917911592
73 24 578483.969454667
73 23 632733.103896099
73 22 591083.168518812
73 21 635234.231971213
73 20 599205.923387697
73 19 621065.704377
73 18 592353.623150213
73 17 584620.474301548
73 16 564757.79886156
73 15 560663.985473208
73 14 555755.756349588
73 13 610749.348150131
73 12 649815.123901926
73 11 612599.82689528
73 10 699316.412550943
73 9 620165.12355871
73 8 634664.620558684
73 7 699502.530321273
73 6 686291.794686138
73 5 735610.032481531
73 4 875523.26704696
73 3 827738.157209667
73 2 1213510.91991061
73 1 1258934.49291933
