29 191844 1496110.61657382
29 19185 1375539.68518095
29 1919 1006871.60894406
29 200 695699.195303096
29 199 721320.490335136
29 198 687042.212107054
29 197 700333.663808604
29 196 681318.090629622
29 195 697922.826119465
29 194 710073.173367107
29 193 699483.087772441
29 192 721820.159651279
29 191 675916.048922189
29 190 709936.790383893
29 189 652747.202969306
29 188 784527.959504261
29 187 648786.687491867
29 186 697517.091430265
29 185 681326.90254113
29 184 676355.407783631
29 183 652339.827394836
29 182 665180.580196356
29 181 658200.34110645
29 180 664163.551717571
29 179 662255.523215506
29 178 683490.797729071
29 177 738350.019991326
29 176 694815.666017585
29 175 673947.424710925
29 174 633307.970567194
29 173 647911.401561277
29 172 692505.411465449
29 171 655872.928609108
29 170 698811.786849417
29 169 672477.987579344
29 168 628836.825388733
29 167 651097.202312877
29 166 694172.962026047
29 165 686205.55009517
29 164 681272.539516923
29 163 649623.413931771
29 162 684665.796610521
29 161 638623.860709516
29 160 689847.862989069
29 159 629716.42889503
29 158 678435.548936084
29 157 621831.160446157
29 156 667370.375528902
29 155 667219.867718041
29 154 671070.396363421
29 153 611604.396411573
29 152 660247.438464599
29 151 650620.379164579
29 150 654888.691700911
29 149 606832.492154026
29 148 664693.60662196
29 147 658427.674901971
29 146 663688.725581844
29 145 650928.387583881
29 144 637645.211693314
29 143 626100.996115262
29 142 657617.099790241
29 141 660085.033537594
29 140 695051.280312647
29 139 667493.030670351
29 138 638227.46151479
29 137 640003.680519831
29 136 673954.435022581
29 135 664802.328010952
29 134 665469.129535453
29 133 645310.996302548
29 132 612266.69253604
29 131 628722.752821808
29 130 615067.283741526
29 129 627672.930513297
29 128 617743.777858345
29 127 656106.299971767
29 126 662242.429548907
29 125 642960.479656078
29 124 617082.158783647
29 123 604175.598326668
29 122 648343.773663156
29 121 661793.780395933
29 120 606645.065541847
29 119 637291.77043837
29 118 671973.73823831
29 117 658239.445227582
29 116 624128.503165498
29 115 625660.302147519
29 114 607001.577362451
29 113 588183.589580864
29 112 605553.515649265
29 111 600063.457927065
29 110 590619.315257855
29 109 611935.337035706
29 108 633979.504344729
29 107 594685.007769148
29 106 561888.409139902
29 105 595637.083960122
29 104 624848.015333644
29 103 581054.651407032
29 102 581405.642193781
29 101 567407.144607109
29 100 640273.378118031
29 99 581365.128084512
29 98 586725.149579008
29 97 619037.736245662
29 96 587125.765093061
29 95 593061.212552456
29 94 582640.250171342
29 93 575746.306317532
29 92 576097.312704104
29 91 576144.68041845
29 90 559081.814221204
29 89 571241.003101878
29 88 635215.395750273
29 87 578926.422696087
29 86 573007.99000669
29 85 601295.126130347
29 84 582640.748410335
29 83 557854.989857893
29 82 571723.605055077
29 81 592638.25062718
29 80 584034.877102759
29 79 562064.888299541
29 78 604616.567720387
29 77 569768.290019982
29 76 575350.942117224
29 75 584811.380266362
29 74 597744.401927623
29 73 593400.895720218
29 72 593290.377363125
29 71 567997.993292061
29 70 581268.173476022
29 69 581610.059529167
29 68 591273.83987733
29 67 554040.903343339
29 66 562270.22639591
29 65 604907.391460979
29 64 560128.776423653
29 63 600971.14832411
29 62 622923.066638683
29 61 629595.218638186
29 60 561760.344307227
29 59 574476.976516951
29 58 586313.755182717
29 57 542802.511105828
29 56 604846.782480029
29 55 606510.504456953
29 54 556751.247696341
29 53 595809.277109423
29 52 581304.892679536
29 51 628760.435681328
29 50 575481.942168698
29 49 569307.517510657
29 48 628762.638280415
29 47 575763.788290539
29 46 594494.106583541
29 45 576742.476034736
29 44 572574.287315657
29 43 590583.182543692
29 42 571597.355159236
29 41 560358.989809009
29 40 585116.230258281
29 39 589509.299370653
29 38 615708.646610703
29 37 590321.050784325
29 36 572210.358976296
29 35 625047.122185229
29 34 635894.898574422
29 33 575537.701914977
29 32 623272.146401911
29 31 594822.377899463
29 30 540089.179783749
29 29 551367.966722336
29 28 541267.047658398
29 27 590399.719096354
29 26 576535.928101989
29 25 553627.060400852
29 24 577872.399404752
29 23 582023.96963071
29 22 560289.25286608
29 21 545970.44523133
29 20 600557.255828608
29 19 552132.245086601
29 18 551371.953099203
29 17 525683.047981289
29 16 561536.635030504
29 15 573438.480354507
29 14 555530.065887268
29 13 537018.76726229
29 12 555894.616037434
29 11 664502.037301211
29 10 584015.912564449
29 9 764668.299928422
29 8 654634.451965802
29 7 678602.72743248
29 6 713465.135259902
29 5 748896.548986695
29 4 778823.406121611
29 3 1078768.00880038
29 2 1168675.45205998
29 1 1386834.17306677
