59 191844 1588747.14999388
59 19185 1291833.43426282
59 1919 1022670.61420249
59 200 714250.382731544
59 199 682083.491638682
59 198 691211.038106959
59 197 685164.198088151
59 196 793053.084811588
59 195 691912.575956885
59 194 681446.720546429
59 193 691416.223091499
59 192 684014.235582187
59 191 704182.529993601
59 190 721391.864568614
59 189 734761.80971218
59 188 690863.959739722
59 187 687005.202537459
59 186 703971.718460541
59 185 657629.686851644
59 184 669572.156855586
59 183 689600.729580814
59 182 692739.266982903
59 181 658037.528326468
59 180 688592.825110332
59 179 672091.728747624
59 178 695615.261778471
59 177 704867.581757609
59 176 693095.140197141
59 175 665204.641026034
59 174 664128.345868741
59 173 670662.820553832
59 172 647289.249440885
59 171 697450.358444796
59 170 653856.345705767
59 169 677374.714638687
59 168 654898.290682501
59 167 636780.041616703
59 166 721983.538794051
59 165 659945.22798502
59 164 688891.670118928
59 163 635825.094746796
59 162 661139.14888262
59 161 711973.971809831
59 160 637030.916207007
59 159 664721.645512112
59 158 706033.159434784
59 157 635692.478386374
59 156 671462.270865804
59 155 645706.479106975
59 154 612140.145051665
59 153 654020.763788991
59 152 651111.347755996
59 151 633838.366697551
59 150 634829.430958935
59 149 622349.14688504
59 148 620563.7006806
59 147 647930.351327789
59 146 625590.721687176
59 145 627745.460991501
59 144 648912.230042287
59 143 674649.797379887
59 142 621737.911715535
59 141 613727.231460137
59 140 639714.07451117
59 139 609360.123641709
59 138 604483.476740805
59 137 630457.89525695
59 136 621101.719516914
59 135 641685.922350548
59 134 634104.813430486
59 133 668620.247511276
59 132 639675.843020067
59 131 634872.938712652
59 130 612961.416794136
59 129 582931.687897324
59 128 620925.192524999
59 127 594662.671234435
59 126 661687.506197281
59 125 629436.79642972
59 124 627619.347974645
59 123 645241.722557609
59 122 606493.468927762
59 121 616203.351538285
59 120 600322.772250283
59 119 586007.279839912
59 118 651047.87111811
59 117 588697.00086651
59 116 612580.961648281
59 115 612157.286891182
59 114 609293.297695754
59 113 587124.006599399
59 112 605772.171800139
59 111 605862.82209498
59 110 589888.991591359
59 109 591243.928098961
59 108 566643.488371565
59 107 570765.351727478
59 106 595566.203812159
59 105 607666.259508776
59 104 596502.120740063
59 103 575459.938124675
59 102 583316.666401227
59 101 608556.604196744
59 100 575627.390836948
59 99 582701.17446805
59 98 583575.521454484
59 97 569395.678011103
59 96 619144.254274042
59 95 559975.701263392
59 94 548854.943964038
59 93 567494.514976846
59 92 621557.405021771
59 91 569651.456070736
59 90 574974.46278078
59 89 557195.187353777
59 88 547688.781956209
59 87 570484.089230641
59 86 618624.0277144
59 85 574476.882589379
59 84 624023.443201711
59 83 558895.160632285
59 82 568800.501696194
59 81 544640.104095378
59 80 579254.955942256
59 79 546091.659929704
59 78 590832.494877878
59 77 542902.943492899
59 76 569158.847146729
59 75 542435.919233606
59 74 560311.679833755
59 73 574547.51427733
59 72 539012.488780353
59 71 541339.051272771
59 70 552319.808180634
59 69 571273.750651933
59 68 531053.719104341
59 67 544299.669307698
59 66 534996.255377877
59 65 512507.322623394
59 64 561603.478958782
59 63 542395.713576371
59 62 510676.728252204
59 61 583254.178335896
59 60 557285.907474252
59 59 520915.293556132
59 58 512041.142201705
59 57 543281.977548669
59 56 502643.098830751
59 55 486733.173396809
59 54 526695.893972491
59 53 511357.454308213
59 52 528462.192478625
59 51 498452.20141343
59 50 585286.76313894
59 49 541729.13845849
59 48 526391.639421259
59 47 539330.191047244
59 46 489410.421024739
59 45 504000.211834233
59 44 497654.689783275
59 43 489318.9083165
59 42 515890.870381116
59 41 529996.296829318
59 40 536357.605348567
59 39 508703.807792487
59 38 545546.561663919
59 37 502052.30880232
59 36 530408.254934413
59 35 494086.477868094
59 34 581502.943106204
59 33 548857.490789313
59 32 517925.424563983
59 31 522218.574794888
59 30 501066.150068482
59 29 528398.727174838
59 28 536365.950633941
59 27 566695.525730954
59 26 556578.977907944
59 25 536199.306423319
59 24 562887.35583497
59 23 652808.659382608
59 22 612456.093738511
59 21 577254.789474304
59 20 538272.802202943
59 19 539609.197410712
59 18 541452.334651878
59 17 552236.050502724
59 16 539184.303263571
59 15 558173.035387288
59 14 557727.666316849
59 13 553112.67710656
59 12 551640.45278142
59 11 579797.443964746
59 10 555958.58099681
59 9 594400.485607329
59 8 615247.635460251
59 7 601646.609088078
59 6 592426.529061994
59 5 640845.948784099
59 4 594367.897019639
59 3 928054.110052201
59 2 1050594.41632508
59 1 1288482.14440374
