70 191844 1666506.47627732
70 19185 1250295.73981549
70 1919 987521.436118033
70 200 660285.882689384
70 199 677405.546575771
70 198 657274.54405025
70 197 647093.864781046
70 196 686752.262458859
70 195 691398.049868435
70 194 708848.181837282
70 193 637107.605137405
70 192 644357.564850769
70 191 652487.421257082
70 190 683943.886594082
70 189 654833.121590433
70 188 637887.865861904
70 187 674519.721425655
70 186 668086.255877982
70 185 662780.11223005
70 184 641142.907866937
70 183 685040.753696563
70 182 682469.183962894
70 181 677772.368522285
70 180 642355.437539221
70 179 658493.993142203
70 178 724232.952721912
70 177 635955.722483286
70 176 677541.182420055
70 175 630233.030801996
70 174 619185.58905927
70 173 635924.678201354
70 172 635881.192258789
70 171 642748.210097881
70 170 697456.063688675
70 169 649160.332128189
70 168 637803.479462013
70 167 659337.86653243
70 166 631127.487390536
70 165 652535.297855153
70 164 645314.262038526
70 163 632382.216354854
70 162 615786.639493431
70 161 629086.012298204
70 160 684499.885751963
70 159 682356.471706276
70 158 644643.179856556
70 157 649985.520174148
70 156 609304.659183966
70 155 638911.922359233
70 154 644231.926678489
70 153 655028.820906955
70 152 612158.794010932
70 151 634574.950967851
70 150 648383.534865254
70 149 667938.664642068
70 148 623560.003215499
70 147 608748.017343022
70 146 614630.810285926
70 145 632348.804133317
70 144 647503.87274518
70 143 608385.135286404
70 142 644285.442289222
70 141 630302.880637984
70 140 614934.490484718
70 139 569549.587446806
70 138 605847.242108676
70 137 600429.166349226
70 136 637864.484156097
70 135 602185.067648955
70 134 613171.651202913
70 133 628373.597619417
70 132 640356.464519134
70 131 620953.48411335
70 130 627822.002577244
70 129 580860.461433699
70 128 613688.195460378
70 127 604876.889680834
70 126 626793.159007409
70 125 591679.470880915
70 124 597003.864153794
70 123 577864.442480061
70 122 629180.832319985
70 121 566411.255973915
70 120 582272.569086909
70 119 599186.970438229
70 118 594641.00774481
70 117 563124.945055267
70 116 600155.257690419
70 115 588625.104501107
70 114 590598.817378455
70 113 580777.372042663
70 112 622099.551063217
70 111 610819.993646693
70 110 592399.447212892
70 109 592574.07864348
70 108 583351.826681494
70 107 572334.560535495
70 106 576739.098331758
70 105 622463.801090295
70 104 556000.803368557
70 103 573687.299705536
70 102 574175.354626181
70 101 553492.144360661
70 100 625657.694796451
70 99 562720.114024541
70 98 568341.999750581
70 97 566144.575050823
70 96 565027.775718484
70 95 588031.028065328
70 94 561973.368983697
70 93 547038.648023408
70 92 591521.089552016
70 91 534844.935303994
70 90 553020.713800279
70 89 565740.508690718
70 88 593534.364384705
70 87 546084.946014221
70 86 538172.347527325
70 85 604440.851253664
70 84 569387.932813848
70 83 598844.621161824
70 82 565104.98904902
70 81 547547.100332883
70 80 574894.831996893
70 79 604152.595825805
70 78 593374.514408513
70 77 591561.223630412
70 76 583838.145179049
70 75 543260.566623336
70 74 604347.968126416
70 73 574134.496688627
70 72 595045.346163973
70 71 561255.646390371
70 70 574061.921471668
70 69 566703.121126649
70 68 552614.527934519
70 67 567799.332035083
70 66 564213.797675709
70 65 550414.48949336
70 64 558840.539015478
70 63 538099.889339211
70 62 573011.255433998
70 61 561004.724194773
70 60 533603.283673095
70 59 529709.60122844
70 58 570377.991884016
70 57 570075.152398427
70 56 536796.9809871
70 55 562395.105381514
70 54 562577.140264443
70 53 538561.821404458
70 52 527209.22177581
70 51 522323.41984113
70 50 535141.503317274
70 49 571722.456019573
70 48 563392.740034335
70 47 532948.597354918
70 46 556674.190976914
70 45 541763.250538031
70 44 547806.96091563
70 43 541925.867233213
70 42 509857.945983446
70 41 535113.440961767
70 40 549579.079060158
70 39 554329.168499511
70 38 585907.936211798
70 37 521491.350259521
70 36 549402.72493092
70 35 554125.754451879
70 34 592069.884723603
70 33 623558.568932835
70 32 638206.196207209
70 31 582785.638899424
70 30 595275.059739797
70 29 594485.688381777
70 28 615672.183192484
70 27 606209.408333888
70 26 615269.910074086
70 25 591966.827592207
70 24 646432.317823058
70 23 583170.703790827
70 22 627272.980523327
70 21 624296.3513029
70 20 680350.618739848
70 19 638478.563473929
70 18 621435.684187201
70 17 618996.189526429
70 16 681560.667656236
70 15 654467.618598481
70 14 704813.407820177
70 13 656426.017456111
70 12 671210.061222046
70 11 683426.868220151
70 10 636310.424689565
70 9 691870.116753594
70 8 673759.917000475
70 7 735884.921509548
70 6 763417.602953476
70 5 797359.711502874
70 4 850130.197470205
70 3 966518.599751979
70 2 1050515.15122918
70 1 1236426.11545841
