83 191844 1670133.26637425
83 19185 1356573.89749496
83 1919 982765.063625956
83 200 703678.945309464
83 199 720766.544646994
83 198 760280.197023608
83 197 741321.513325147
83 196 702375.470083493
83 195 738728.244500918
83 194 731343.221515141
83 193 712129.797555763
83 192 713414.315311003
83 191 736851.224064406
83 190 691174.315246219
83 189 667504.274750692
83 188 674011.567664466
83 187 725177.077258302
83 186 755155.501119454
83 185 692885.945011867
83 184 675836.120961243
83 183 684408.722874872
83 182 714776.376464074
83 181 715408.311961832
83 180 656103.221093483
83 179 723459.528854799
83 178 679108.346005287
83 177 722868.706490193
83 176 659841.858410607
83 175 685038.688838397
83 174 663424.639562593
83 173 675614.851941672
83 172 707720.37582345
83 171 705167.624062111
83 170 658983.500756243
83 169 710035.506054574
83 168 652781.888931674
83 167 665550.372993479
83 166 690416.398273023
83 165 703836.741446909
83 164 673238.28699821
83 163 676940.642451986
83 162 670044.911871497
83 161 696521.266403223
83 160 665593.537985966
83 159 684304.37917435
83 158 683394.516529001
83 157 701781.38335219
83 156 635834.847167391
83 155 682874.409355169
83 154 678906.20457645
83 153 670960.509367739
83 152 666154.67045907
83 151 660394.656917103
83 150 632567.280229888
83 149 676321.243235655
83 148 658889.919194534
83 147 680502.432490251
83 146 670878.201834356
83 145 713297.443987894
83 144 696254.419284012
83 143 681879.653980614
83 142 659647.545143316
83 141 642672.291802644
83 140 675196.462670709
83 139 643477.727545675
83 138 650795.60185475
83 137 672731.284392367
83 136 652918.27067309
83 135 685607.998671647
83 134 630278.854096803
83 133 653344.162495037
83 132 652888.950569207
83 131 600576.759859884
83 130 690503.070718519
83 129 652857.248440018
83 128 636492.366073857
83 127 610000.82101748
83 126 650531.70227146
83 125 658233.530965106
83 124 632919.878720551
83 123 652669.792807689
83 122 649728.479914691
83 121 613668.695285747
83 120 610206.879434504
83 119 610100.492634802
83 118 652952.966660753
83 117 594723.41641451
83 116 595060.236074508
83 115 606896.441644447
83 114 616083.505760543
83 113 612391.188719352
83 112 663001.343627262
83 111 622487.563846756
83 110 643303.58209511
83 109 625855.488151285
83 108 596373.388302836
83 107 580057.571563759
83 106 606704.342556998
83 105 601028.529414941
83 104 605963.948745607
83 103 581753.053609104
83 102 596747.572038434
83 101 629738.452320942
83 100 608960.567651876
83 99 630150.13554187
83 98 581998.585722761
83 97 616615.002073465
83 96 578287.672134953
83 95 610440.647820212
83 94 590101.999893706
83 93 616774.036056889
83 92 593368.913726816
83 91 587828.636110744
83 90 592568.176597356
83 89 576522.817829852
83 88 586941.022683241
83 87 572022.328255901
83 86 592454.439548333
83 85 582899.307859927
83 84 587916.472639266
83 83 554416.907369245
83 82 587923.140866783
83 81 572095.361111333
83 80 579083.26476017
83 79 593366.556726709
83 78 579597.753373579
83 77 537042.096609496
83 76 555020.883983905
83 75 603429.969670964
83 74 558783.106749386
83 73 592526.521366944
83 72 607725.565243803
83 71 570143.990749791
83 70 545515.760382585
83 69 601015.790381857
83 68 593963.174391459
83 67 553002.429729812
83 66 614761.741828936
83 65 556576.074966796
83 64 543400.340450283
83 63 578747.829139425
83 62 594760.886740079
83 61 534166.035391347
83 60 551632.684136183
83 59 552155.813625116
83 58 571575.164827091
83 57 557488.587969674
83 56 536823.976671147
83 55 561475.949827537
83 54 531501.522267346
83 53 552694.059174737
83 52 555000.035030888
83 51 539104.100209319
83 50 585220.228449285
83 49 531612.066720237
83 48 533918.812013789
83 47 521979.646797986
83 46 585333.077777162
83 45 549584.057445219
83 44 521612.228540094
83 43 524075.391874526
83 42 522678.982384608
83 41 506596.860314412
83 40 503321.776547491
83 39 527576.353709276
83 38 489189.841171403
83 37 492672.918863736
83 36 481147.735249263
83 35 490607.177327397
83 34 537226.931514289
83 33 545388.586058834
83 32 509943.869419936
83 31 495819.387586159
83 30 490992.320266543
83 29 501846.125383225
83 28 524834.677918495
83 27 557606.913363763
83 26 492636.205510231
83 25 535920.154459365
83 24 502787.4085955
83 23 549538.35665905
83 22 526080.402940634
83 21 531006.669723467
83 20 513432.347676329
83 19 531102.304309643
83 18 545813.119850652
83 17 525180.239117618
83 16 522595.184111119
83 15 521792.443908831
83 14 550039.851076482
83 13 534187.840631113
83 12 519841.231422286
83 11 552238.27858882
83 10 589926.209895994
83 9 531758.904200695
83 8 579472.581386779
83 7 592492.989675825
83 6 596906.023927523
83 5 696706.820354421
83 4 714313.725659935
83 3 960847.0909362
83 2 1071534.20003649
83 1 1293226.55221084
