44 191844 1558589.89701152
44 19185 1317544.52506068
44 1919 1041063.31364617
44 200 758530.232211248
44 199 758905.697169573
44 198 748819.997657731
44 197 754176.254422594
44 196 770976.503930793
44 195 724297.398260552
44 194 785940.669110553
44 193 729219.365265829
44 192 744519.889066025
44 191 753118.354752529
44 190 732872.01964512
44 189 776077.806136817
44 188 730399.18043486
44 187 729007.348062022
44 186 772831.293759899
44 185 718235.470503509
44 184 737183.089931901
44 183 757710.087756682
44 182 739287.859045346
44 181 719577.400391008
44 180 731451.252030281
44 179 709868.977951856
44 178 742339.480663263
44 177 728194.829566379
44 176 732934.236639228
44 175 725563.394527201
44 174 755631.892396216
44 173 757623.503284351
44 172 753669.404646131
44 171 708015.050773762
44 170 702178.857301251
44 169 744120.419794511
44 168 839759.621743829
44 167 694266.522735534
44 166 718995.956452259
44 165 678625.975821158
44 164 722213.622175534
44 163 706157.802144015
44 162 741160.701637272
44 161 701666.765660038
44 160 738607.762541952
44 159 731461.836354006
44 158 705831.139707222
44 157 698204.465231048
44 156 740675.918420645
44 155 708081.927194455
44 154 727999.523097641
44 153 668942.409438406
44 152 691503.472847192
44 151 723666.049085752
44 150 688729.563386272
44 149 704422.910432929
44 148 701293.660396573
44 147 693550.918155679
44 146 679728.125992522
44 145 699818.107192454
44 144 734932.67957676
44 143 667405.398692635
44 142 683333.63733677
44 141 683555.443773277
44 140 710976.908002774
44 139 705876.770862011
44 138 689414.419600387
44 137 669122.657686522
44 136 732683.164709749
44 135 718026.160001546
44 134 747990.886642206
44 133 681680.345951925
44 132 680431.329759083
44 131 687620.710204598
44 130 703765.575668492
44 129 666475.382598169
44 128 664529.980129038
44 127 663817.113250326
44 126 668284.431170995
44 125 685452.353878364
44 124 682289.316628445
44 123 677883.030283677
44 122 687084.843461261
44 121 690799.520392659
44 120 676513.818838026
44 119 736878.273253951
44 118 669799.947981156
44 117 643120.62289399
44 116 694137.798107251
44 115 653072.170909049
44 114 639820.280404418
44 113 660700.440025408
44 112 641199.217725487
44 111 756021.99201073
44 110 676258.504066866
44 109 682792.368181234
44 108 635234.564103073
44 107 698929.44059349
44 106 624910.963305463
44 105 674406.208510747
44 104 674039.01974084
44 103 645802.362113769
44 102 648556.282662602
44 101 648660.141133112
44 100 677528.168188352
44 99 634585.927012175
44 98 663109.79319643
44 97 610771.591350538
44 96 638024.788601495
44 95 637572.436777734
44 94 637226.813866403
44 93 631789.419039096
44 92 664713.14232013
44 91 693903.85755494
44 90 645218.569427815
44 89 640050.967299372
44 88 613540.102752878
44 87 653296.204373148
44 86 651824.575785706
44 85 623438.724097248
44 84 647062.743488083
44 83 639825.486911208
44 82 639751.968369371
44 81 628483.41969225
44 80 623200.548709335
44 79 683220.751282342
44 78 613920.04962731
44 77 690824.143134148
44 76 628467.564837626
44 75 646795.288061861
44 74 643006.767813356
44 73 716412.913711435
44 72 641916.911331964
44 71 598179.794797282
44 70 681123.250527652
44 69 606079.887890762
44 68 653352.851695745
44 67 619276.776814092
44 66 611174.56696198
44 65 630859.543717376
44 64 610303.748825444
44 63 617118.386377333
44 62 677077.427504808
44 61 652187.140001645
44 60 635953.195649549
44 59 649010.117964995
44 58 601775.881153494
44 57 618480.537531644
44 56 596391.100276741
44 55 592358.30215047
44 54 600851.645895848
44 53 595424.604708859
44 52 617181.348768113
44 51 600437.795285949
44 50 599635.354803944
44 49 618202.801404278
44 48 594433.241588674
44 47 575586.62939604
44 46 591476.055254159
44 45 578280.970025582
44 44 566143.390667158
44 43 598164.158450978
44 42 593878.706118331
44 41 580552.840530826
44 40 588634.444868902
44 39 582846.153879741
44 38 589560.648427477
44 37 572902.139164259
44 36 578340.663274504
44 35 583923.93995195
44 34 609779.239166662
44 33 667875.395662141
44 32 560477.147343278
44 31 587126.935499867
44 30 594861.292926786
44 29 551394.443674341
44 28 557390.881225895
44 27 655835.958402476
44 26 615044.847692775
44 25 577794.383440641
44 24 607182.304963478
44 23 599116.93504042
44 22 547400.497347058
44 21 524746.325225927
44 20 555144.599716692
44 19 572146.75930359
44 18 593996.993181325
44 17 622971.640879932
44 16 600062.728509611
44 15 550792.118628508
44 14 639384.092569755
44 13 564822.382153641
44 12 590246.381333785
44 11 662349.30028446
44 10 632883.699785938
44 9 761181.487381674
44 8 742087.995801759
44 7 684546.446007964
44 6 761003.594319576
44 5 797622.929716919
44 4 782955.18195994
44 3 819827.84615393
44 2 1055284.36685103
44 1 1281471.60630693
