50 191844 1484907.57972199
50 19185 1291752.37739836
50 1919 916061.686435235
50 200 651134.994231295
50 199 654477.654260965
50 198 666395.123848431
50 197 628216.166819808
50 196 641195.211985574
50 195 664949.127115279
50 194 632344.959756924
50 193 613409.596926647
50 192 619569.342752236
50 191 654769.381837266
50 190 632447.839048633
50 189 603188.47720387
50 188 622652.245652606
50 187 669136.825351958
50 186 638860.731504652
50 185 592424.606953752
50 184 612114.279684428
50 183 629414.599708057
50 182 634858.744285116
50 181 619545.4947575
50 180 626952.998211259
50 179 649053.803824213
50 178 619589.318657787
50 177 632564.108751132
50 176 617733.962209525
50 175 641401.05353997
50 174 600269.748171911
50 173 601797.742763981
50 172 644703.637544894
50 171 650791.09007845
50 170 605745.373821687
50 169 629014.796233222
50 168 624251.143237623
50 167 597054.874285147
50 166 645902.485322043
50 165 636634.411228113
50 164 604334.55256411
50 163 610006.173758517
50 162 609672.375293742
50 161 591215.4319751
50 160 597478.740824279
50 159 618395.82669985
50 158 639649.464926641
50 157 674986.592388002
50 156 648920.871936371
50 155 576153.934200631
50 154 589911.132199278
50 153 598070.235002518
50 152 580939.556288587
50 151 596030.069648754
50 150 587550.475137413
50 149 602121.549641213
50 148 561743.172987625
50 147 572420.178585954
50 146 632592.779179861
50 145 572947.855474863
50 144 599282.074487285
50 143 591929.039181206
50 142 588850.651440354
50 141 561631.632184648
50 140 621727.045750222
50 139 585260.847826578
50 138 604825.548484195
50 137 580182.948371408
50 136 566008.85296773
50 135 576341.857439798
50 134 589404.113019268
50 133 601293.20255082
50 132 581090.164623052
50 131 565020.614304443
50 130 600726.622900448
50 129 563031.72626504
50 128 578331.09768691
50 127 607197.656767046
50 126 554088.252636217
50 125 567644.403012292
50 124 601058.877213696
50 123 578790.458141744
50 122 565492.421702292
50 121 562622.699976025
50 120 541666.079514843
50 119 588491.493988079
50 118 553119.276602125
50 117 541603.245060732
50 116 568431.653355121
50 115 613296.836216148
50 114 595579.9437698
50 113 562508.655443386
50 112 567167.743037484
50 111 586626.347692251
50 110 543812.711150254
50 109 548983.537484757
50 108 557994.148923337
50 107 541760.631045259
50 106 561750.266588326
50 105 527273.740764209
50 104 561716.379403219
50 103 557159.310911323
50 102 519684.295908049
50 101 563831.915874171
50 100 519925.308770932
50 99 524128.495552405
50 98 518318.721821011
50 97 592519.350510368
50 96 558822.666853926
50 95 544591.050252772
50 94 541663.691651576
50 93 552167.925419554
50 92 542154.133667031
50 91 569881.557104353
50 90 559642.09888361
50 89 537159.061758957
50 88 556185.03514099
50 87 502104.883389455
50 86 580764.49400768
50 85 548661.49107246
50 84 547655.584540683
50 83 521954.986895599
50 82 488277.71511748
50 81 504389.716015123
50 80 499482.958317628
50 79 540969.297372724
50 78 543077.707312005
50 77 502177.094434693
50 76 498168.599394552
50 75 516965.284280586
50 74 513672.324936745
50 73 546192.91238015
50 72 517357.475301952
50 71 518457.910023844
50 70 472144.141287832
50 69 494014.09922624
50 68 509611.642066814
50 67 530395.371595114
50 66 480756.661705806
50 65 485131.077527392
50 64 507448.617695188
50 63 524574.556281941
50 62 540176.784848262
50 61 526574.245582229
50 60 480211.064256156
50 59 539058.3254683
50 58 532319.788756955
50 57 492247.656976375
50 56 493442.475937495
50 55 529342.432261761
50 54 488492.29393734
50 53 503128.845933055
50 52 468372.865325725
50 51 481782.661029831
50 50 512065.744411095
50 49 468483.858511537
50 48 473442.554657301
50 47 466282.967997699
50 46 500518.841899232
50 45 483359.697213625
50 44 469234.03910702
50 43 537394.296998884
50 42 508342.696822144
50 41 496886.568099471
50 40 463687.932544342
50 39 478981.829358771
50 38 491692.179947307
50 37 475659.099592072
50 36 515812.014624153
50 35 513024.641884188
50 34 501886.66092109
50 33 470381.192350482
50 32 469344.929583675
50 31 498626.687874827
50 30 466864.655002767
50 29 471997.500315648
50 28 487432.761966373
50 27 457640.01136293
50 26 452455.848688524
50 25 440627.847196307
50 24 426161.348672767
50 23 439594.431967529
50 22 484534.190051724
50 21 522852.881204997
50 20 470222.249807698
50 19 520106.88661987
50 18 503850.003070979
50 17 471205.812440565
50 16 516476.652733167
50 15 483570.304011988
50 14 505718.091453295
50 13 483315.468344166
50 12 528151.716818643
50 11 561151.609635358
50 10 515989.991341286
50 9 559423.298542695
50 8 559007.282746618
50 7 629808.900906864
50 6 608800.474826216
50 5 587637.3251006
50 4 656201.116184293
50 3 797868.119668261
50 2 901054.36706244
50 1 1195329.41217057
