19 191844 1571327.76659926
19 19185 1264950.75671343
19 1919 987989.660366267
19 200 706284.181019636
19 199 674903.704955263
19 198 645689.160522662
19 197 672239.854562385
19 196 686301.301905045
19 195 665829.188155017
19 194 689967.471321586
19 193 646420.205072531
19 192 664061.936940461
19 191 636881.877103786
19 190 693636.605910914
19 189 678924.046705541
19 188 676379.074867611
19 187 690284.000507844
19 186 733211.153284708
19 185 638903.891009701
19 184 647383.469390614
19 183 670109.404669887
19 182 653217.170152848
19 181 662949.381526517
19 180 644081.026189252
19 179 663821.169711758
19 178 636921.304040761
19 177 629185.779352211
19 176 651031.962522074
19 175 641202.477117368
19 174 653871.94024567
19 173 620711.907175305
19 172 656237.604129836
19 171 678073.868910703
19 170 627176.89127452
19 169 689809.749430898
19 168 649924.015862463
19 167 611226.857856772
19 166 650566.747198049
19 165 649968.786809239
19 164 632213.50335848
19 163 607577.709268017
19 162 621510.273153063
19 161 675759.593284018
19 160 615740.29845698
19 159 620415.421197325
19 158 619328.476856645
19 157 620569.321362949
19 156 612626.577175266
19 155 624247.908820606
19 154 615234.473418541
19 153 652623.898955115
19 152 634073.226029945
19 151 624582.755906651
19 150 630787.430900819
19 149 606254.996792267
19 148 639314.451854205
19 147 650936.190869059
19 146 630379.467827494
19 145 644142.127599948
19 144 628466.02886558
19 143 587784.598654775
19 142 628647.601583069
19 141 581334.04742631
19 140 600601.513023824
19 139 590840.631344255
19 138 582691.518817709
19 137 587831.957884484
19 136 613314.032708668
19 135 615548.111914319
19 134 614020.806757366
19 133 628482.690512085
19 132 616980.62812902
19 131 611640.262262749
19 130 613666.507080535
19 129 607667.929840513
19 128 603230.982917674
19 127 605484.798510704
19 126 573579.424677112
19 125 628851.065740842
19 124 586276.767145581
19 123 598549.441727832
19 122 618363.998866298
19 121 591752.068766025
19 120 637307.664135217
19 119 607227.819693673
19 118 580761.616020282
19 117 561835.691127871
19 116 562689.956331079
19 115 593504.61998293
19 114 561694.266217001
19 113 569769.286003623
19 112 575547.184681592
19 111 563664.546192863
19 110 610570.34239858
19 109 610681.858155108
19 108 576604.50095227
19 107 562918.243034228
19 106 555904.818537868
19 105 555527.296111446
19 104 550061.601681358
19 103 569650.790197455
19 102 621315.395101722
19 101 549207.692079626
19 100 566028.218088186
19 99 611068.380782626
19 98 614923.338794045
19 97 559631.714557086
19 96 570738.804328097
19 95 596205.388188034
19 94 559122.852768718
19 93 581351.91758104
19 92 586520.683370035
19 91 575048.390702124
19 90 588826.424575871
19 89 561138.12937646
19 88 585600.456798122
19 87 560696.771066253
19 86 544079.880378291
19 85 573102.126265939
19 84 564493.016981447
19 83 573626.029404509
19 82 553615.184779503
19 81 541000.518104288
19 80 563144.40677818
19 79 529123.599347994
19 78 536120.769369562
19 77 513117.280703475
19 76 566500.760172017
19 75 538873.626382278
19 74 541254.916608796
19 73 540676.666498845
19 72 525430.290383806
19 71 554005.997656127
19 70 557930.987755598
19 69 585931.325016593
19 68 539465.584691305
19 67 543353.713265946
19 66 535836.189074334
19 65 534776.674857635
19 64 570071.387952715
19 63 556853.377865739
19 62 608308.926876482
19 61 548916.579665565
19 60 540031.475130355
19 59 518327.758028442
19 58 517520.491758224
19 57 519833.778985733
19 56 539971.41938955
19 55 516902.034257454
19 54 516697.143295996
19 53 504650.896137708
19 52 511843.658693409
19 51 500831.237632495
19 50 491073.88218389
19 49 520045.625238258
19 48 506275.788363336
19 47 505745.024139485
19 46 492541.709820742
19 45 509610.642637447
19 44 559061.629478775
19 43 509013.869495274
19 42 480822.002332643
19 41 494325.693575871
19 40 467080.433849367
19 39 471180.773989754
19 38 495666.475491772
19 37 507004.283718627
19 36 492384.653019676
19 35 485768.650233283
19 34 487237.461167735
19 33 459383.140874266
19 32 462453.302919
19 31 474478.584073748
19 30 469863.075348977
19 29 481396.590195703
19 28 498507.859689759
19 27 494991.243438429
19 26 471665.182735964
19 25 512025.727465641
19 24 537753.962721315
19 23 492383.273333442
19 22 500852.421966986
19 21 519191.19510225
19 20 495617.806133213
19 19 505413.85607218
19 18 537776.241755137
19 17 527829.052949423
19 16 533756.457505562
19 15 535908.218146894
19 14 557693.275291941
19 13 574074.534533858
19 12 551331.103715367
19 11 513507.655271814
19 10 509983.387226118
19 9 507968.314352708
19 8 598296.467959619
19 7 592769.980539831
19 6 617830.5914327
19 5 702511.851528861
19 4 684574.066289897
19 3 687233.595619188
19 2 923541.035887765
19 1 1315564.5825894
