  1:   0.0000  0.0000  0.3870  0.6093  0.0037  0.0000  0.0000  0.0000  0.0000  1
  2:   0.0000  0.0000  0.5062  0.4938  0.0000  0.0000  0.0000  0.0000  0.0000  1
  3:   0.0000  0.0000  0.2880  0.7120  0.0000  0.0000  0.0000  0.0000  0.0000  1
  4:   0.0000  0.0000  0.2888  0.7112  0.0000  0.0000  0.0000  0.0000  0.0000  1
  5:   0.0000  0.0000  0.4728  0.5265  0.0007  0.0000  0.0000  0.0000  0.0000  1
  6:   0.0000  0.0000  0.6341  0.3659  0.0000  0.0000  0.0000  0.0000  0.0000  1
  7:   0.0000  0.0000  0.2910  0.7090  0.0000  0.0000  0.0000  0.0000  0.0000  1
  8:   0.0000  0.0000  0.0291  0.9709  0.0000  0.0000  0.0000  0.0000  0.0000  1
  9:   0.0000  0.0000  0.5239  0.4761  0.0000  0.0000  0.0000  0.0000  0.0000  1
 10:   0.0000  0.0000  0.3321  0.6679  0.0000  0.0000  0.0000  0.0000  0.0000  1
 11:   0.0000  0.0000  0.6211  0.3328  0.0462  0.0000  0.0000  0.0000  0.0000  1
 12:   0.0000  0.0000  0.7798  0.2202  0.0000  0.0000  0.0000  0.0000  0.0000  1
 13:   0.0000  0.0000  0.2203  0.7797  0.0000  0.0000  0.0000  0.0000  0.0000  1
 14:   0.0000  0.0000  0.2312  0.7688  0.0000  0.0000  0.0000  0.0000  0.0000  1
 15:   0.0000  0.0000  0.5416  0.4584  0.0000  0.0000  0.0000  0.0000  0.0000  1
 16:   0.0000  0.0000  0.6902  0.3098  0.0000  0.0000  0.0000  0.0000  0.0000  1
 17:   0.0000  0.0000  0.6274  0.3726  0.0000  0.0000  0.0000  0.0000  0.0000  1
 18:   0.0000  0.0000  0.5437  0.4358  0.0205  0.0000  0.0000  0.0000  0.0000  1
 19:   0.0000  0.0000  0.2179  0.7544  0.0278  0.0000  0.0000  0.0000  0.0000  1
 20:   0.0000  0.0000  0.4386  0.5614  0.0000  0.0000  0.0000  0.0000  0.0000  1
 21:   0.0000  0.0000  0.6066  0.3934  0.0000  0.0000  0.0000  0.0000  0.0000  1
 22:   0.0000  0.0000  0.3752  0.5910  0.0339  0.0000  0.0000  0.0000  0.0000  1
 23:   0.0000  0.0000  0.4956  0.4636  0.0408  0.0000  0.0000  0.0000  0.0000  1
 24:   0.0000  0.0000  0.5951  0.3726  0.0323  0.0000  0.0000  0.0000  0.0000  1
 25:   0.0000  0.0000  0.4351  0.5649  0.0000  0.0000  0.0000  0.0000  0.0000  1
 26:   0.0000  0.0000  0.4155  0.5491  0.0355  0.0000  0.0000  0.0000  0.0000  1
 27:   0.0000  0.0000  0.8341  0.1659  0.0000  0.0000  0.0000  0.0000  0.0000  1
 28:   0.0000  0.0000  0.5039  0.4961  0.0000  0.0000  0.0000  0.0000  0.0000  1
 29:   0.0000  0.0000  0.3520  0.6146  0.0334  0.0000  0.0000  0.0000  0.0000  1
 30:   0.0000  0.0000  0.2087  0.7913  0.0000  0.0000  0.0000  0.0000  0.0000  1
 31:   0.0000  0.0000  0.4317  0.5683  0.0000  0.0000  0.0000  0.0000  0.0000  1
 32:   0.0000  0.0000  0.6430  0.3570  0.0000  0.0000  0.0000  0.0000  0.0000  1
 33:   0.0000  0.0000  0.5374  0.4328  0.0298  0.0000  0.0000  0.0000  0.0000  1
 34:   0.0000  0.0000  0.5159  0.4393  0.0448  0.0000  0.0000  0.0000  0.0000  1
 35:   0.0000  0.0000  0.6188  0.3767  0.0045  0.0000  0.0000  0.0000  0.0000  1
 36:   0.0000  0.0000  0.5487  0.4513  0.0000  0.0000  0.0000  0.0000  0.0000  1
 37:   0.0000  0.0000  0.3892  0.6108  0.0000  0.0000  0.0000  0.0000  0.0000  1
 38:   0.0000  0.0000  0.1000  0.9000  0.0000  0.0000  0.0000  0.0000  0.0000  1
 39:   0.0000  0.0000  0.7037  0.2873  0.0090  0.0000  0.0000  0.0000  0.0000  1
 40:   0.0000  0.0000  0.2584  0.6948  0.0468  0.0000  0.0000  0.0000  0.0000  1
 41:   0.0000  0.0000  0.3418  0.6002  0.0580  0.0000  0.0000  0.0000  0.0000  1
 42:   0.0065  0.0006  0.5545  0.3391  0.0831  0.0159  0.0005  0.0000  0.0000  1
 43:   0.0000  0.0000  0.4566  0.5432  0.0002  0.0000  0.0000  0.0000  0.0000  1
 44:   0.0000  0.0000  0.4768  0.5232  0.0000  0.0000  0.0000  0.0000  0.0000  1
 45:   0.0000  0.0000  0.5693  0.4307  0.0000  0.0000  0.0000  0.0000  0.0000  1
 46:   0.0000  0.0000  0.6001  0.3998  0.0001  0.0000  0.0000  0.0000  0.0000  1
 47:   0.0000  0.0000  0.2048  0.7952  0.0000  0.0000  0.0000  0.0000  0.0000  1
 48:   0.0000  0.0000  0.6377  0.3619  0.0004  0.0000  0.0000  0.0000  0.0000  1
 49:   0.0000  0.0000  0.6430  0.3088  0.0481  0.0000  0.0000  0.0000  0.0000  1
 50:   0.0000  0.0000  0.4982  0.4652  0.0366  0.0000  0.0000  0.0000  0.0000  1
 51:   0.0000  0.0041  0.1248  0.8566  0.0026  0.0096  0.0000  0.0023  0.0000  1
 52:   0.6100  0.2403  0.0000  0.0000  0.0000  0.1497  0.0000  0.0000  0.0000  1
 53:   0.5881  0.2515  0.0000  0.0000  0.0000  0.1604  0.0000  0.0000  0.0000  1
 54:   0.5663  0.2686  0.0000  0.0000  0.0000  0.1651  0.0000  0.0000  0.0000  1
 55:   0.5716  0.2408  0.0000  0.0000  0.0000  0.1877  0.0000  0.0000  0.0000  1
 56:   0.5985  0.2512  0.0000  0.0000  0.0000  0.1504  0.0000  0.0000  0.0000  1
 57:   0.0000  0.0000  0.0000  0.0000  0.0000  0.0000  0.0000  0.0000  1.0000  1
 58:   0.0000  0.0000  0.0000  0.0000  0.0000  0.0000  0.0000  0.0000  1.0000  1
 59:   0.0000  0.0000  0.0000  0.0000  0.0000  0.0000  0.0000  0.0000  1.0000  1
 60:   0.0000  0.0000  0.0000  0.0000  0.0000  0.0000  0.0000  0.0000  1.0000  1
 61:   0.0000  0.0000  0.0000  0.0000  0.0000  0.0000  0.0000  0.0000  1.0000  1
 62:   0.0000  0.0000  0.0000  0.0000  0.0000  0.0000  0.0000  0.0000  1.0000  1
 63:   0.0000  0.0000  0.0000  0.0000  0.0000  0.0000  0.0000  0.0000  1.0000  1
 64:   0.0000  0.0000  0.0000  0.0000  0.0000  0.0000  0.0000  0.0000  1.0000  1
 65:   0.0000  0.0000  0.0000  0.0000  0.0000  0.0000  0.0000  0.0000  1.0000  1
 66:   0.0000  0.0000  0.0000  0.0000  0.0000  0.0000  0.0000  0.0000  1.0000  1
 67:   0.0000  0.0000  0.0000  0.0000  0.0000  0.0000  0.0000  0.0000  1.0000  1
 68:   0.0000  0.0000  0.0000  0.0000  0.0000  0.0000  0.0000  0.0000  1.0000  1
 69:   0.0000  0.0000  0.0000  0.0000  0.0000  0.0000  0.0000  0.0000  1.0000  1
 70:   0.0000  0.0000  0.0000  0.0000  0.0000  0.0000  0.0000  0.0000  1.0000  1
 71:   0.0000  0.0000  0.0000  0.0000  0.0000  0.0000  0.0000  0.0000  1.0000  1
 72:   0.0000  0.0000  0.0000  0.0000  0.0000  0.0000  0.0000  0.0000  1.0000  1
 73:   0.0000  0.0000  0.0000  0.0000  0.0000  0.0000  0.0000  0.0000  1.0000  1
 74:   0.0000  0.0000  0.0000  0.0000  0.0000  0.0000  0.0000  0.0000  1.0000  1
 75:   0.0000  0.0000  0.0000  0.0000  0.0000  0.0000  0.0000  0.0000  1.0000  1
 76:   0.0000  0.0000  0.0000  0.0000  0.0000  0.0000  0.0000  0.0000  1.0000  1
 77:   0.0000  0.0000  0.0000  0.0000  0.0000  0.0000  0.0000  0.0000  1.0000  1
 78:   0.0000  0.0000  0.0000  0.0000  0.0000  0.0000  0.0000  0.0000  1.0000  1
 79:   0.0000  0.0000  0.0000  0.0000  0.0000  0.0000  0.0000  0.0000  1.0000  1
 80:   0.0000  0.0000  0.0000  0.0000  0.0000  0.0000  0.0000  0.0000  1.0000  1
 81:   0.0000  0.0000  0.0000  0.0000  0.0000  0.0000  1.0000  0.0000  0.0000  1
 82:   0.0000  0.0000  0.0000  0.0000  0.0000  0.0000  1.0000  0.0000  0.0000  1
 83:   0.0000  0.0000  0.0000  0.0000  0.0000  0.0000  1.0000  0.0000  0.0000  1
 84:   0.0000  0.0000  0.0000  0.0000  0.0000  0.0000  1.0000  0.0000  0.0000  1
 85:   0.0000  0.0000  0.0000  0.0000  0.0000  0.0000  1.0000  0.0000  0.0000  1
 86:   0.0008  0.0000  0.0000  0.0000  0.0324  0.0000  0.9668  0.0000  0.0000  1
 87:   0.0000  0.0000  0.0000  0.0000  0.0000  0.0000  1.0000  0.0000  0.0000  1
 88:   0.0000  0.0000  0.0000  0.0000  0.0000  0.0000  1.0000  0.0000  0.0000  1
 89:   0.0000  0.0000  0.0000  0.0000  0.0000  0.0000  1.0000  0.0000  0.0000  1
 90:   0.0000  0.0000  0.0000  0.0000  0.0000  0.0001  0.9999  0.0000  0.0000  1
 91:   0.0000  0.0000  0.0000  0.0000  0.0000  0.0000  1.0000  0.0000  0.0000  1
 92:   0.0000  0.0000  0.0000  0.0000  0.0009  0.0000  0.9991  0.0000  0.0000  1
 93:   0.0000  0.0000  0.0000  0.0000  0.0000  0.0000  1.0000  0.0000  0.0000  1
 94:   1.0000  0.0000  0.0000  0.0000  0.0000  0.0000  0.0000  0.0000  0.0000  1
 95:   0.1269  0.7679  0.0000  0.0000  0.0000  0.1052  0.0000  0.0000  0.0000  1
 96:   1.0000  0.0000  0.0000  0.0000  0.0000  0.0000  0.0000  0.0000  0.0000  1
 97:   0.1484  0.6784  0.0000  0.0000  0.0000  0.1732  0.0000  0.0000  0.0000  1
 98:   0.1747  0.6644  0.0000  0.0000  0.0000  0.1609  0.0000  0.0000  0.0000  1
 99:   1.0000  0.0000  0.0000  0.0000  0.0000  0.0000  0.0000  0.0000  0.0000  1
100:   1.0000  0.0000  0.0000  0.0000  0.0000  0.0000  0.0000  0.0000  0.0000  1
101:   0.1707  0.6718  0.0000  0.0000  0.0000  0.1575  0.0000  0.0000  0.0000  1
102:   1.0000  0.0000  0.0000  0.0000  0.0000  0.0000  0.0000  0.0000  0.0000  1
103:   1.0000  0.0000  0.0000  0.0000  0.0000  0.0000  0.0000  0.0000  0.0000  1
104:   1.0000  0.0000  0.0000  0.0000  0.0000  0.0000  0.0000  0.0000  0.0000  1
105:   1.0000  0.0000  0.0000  0.0000  0.0000  0.0000  0.0000  0.0000  0.0000  1
106:   1.0000  0.0000  0.0000  0.0000  0.0000  0.0000  0.0000  0.0000  0.0000  1
107:   1.0000  0.0000  0.0000  0.0000  0.0000  0.0000  0.0000  0.0000  0.0000  1
108:   1.0000  0.0000  0.0000  0.0000  0.0000  0.0000  0.0000  0.0000  0.0000  1
109:   0.1221  0.7446  0.0204  0.0004  0.0086  0.1039  0.0000  0.0000  0.0000  1
110:   1.0000  0.0000  0.0000  0.0000  0.0000  0.0000  0.0000  0.0000  0.0000  1
111:   1.0000  0.0000  0.0000  0.0000  0.0000  0.0000  0.0000  0.0000  0.0000  1
112:   0.0000  0.1000  0.0000  0.0000  0.0000  0.9000  0.0000  0.0000  0.0000  1
113:   0.0000  0.1879  0.0000  0.0000  0.0000  0.8121  0.0000  0.0000  0.0000  1
114:   0.0000  0.1000  0.0000  0.0000  0.0000  0.9000  0.0000  0.0000  0.0000  1
115:   0.0000  0.3647  0.0000  0.0000  0.0000  0.6353  0.0000  0.0000  0.0000  1
116:   0.0000  0.1000  0.0000  0.0000  0.0000  0.9000  0.0000  0.0000  0.0000  1
117:   0.0000  0.1000  0.0000  0.0000  0.0000  0.9000  0.0000  0.0000  0.0000  1
118:   0.0000  0.5564  0.0000  0.0000  0.0000  0.4436  0.0000  0.0000  0.0000  1
119:   0.0000  0.1000  0.0000  0.0000  0.0000  0.9000  0.0000  0.0000  0.0000  1
120:   0.0000  0.1000  0.0000  0.0000  0.0000  0.9000  0.0000  0.0000  0.0000  1
121:   0.0000  0.1000  0.0000  0.0000  0.0000  0.9000  0.0000  0.0000  0.0000  1
122:   0.0000  0.1000  0.0000  0.0000  0.0000  0.9000  0.0000  0.0000  0.0000  1
123:   0.0000  0.1000  0.0000  0.0000  0.0000  0.9000  0.0000  0.0000  0.0000  1
124:   0.0000  0.1000  0.0000  0.0000  0.0000  0.9000  0.0000  0.0000  0.0000  1
125:   0.0000  0.1000  0.0000  0.0000  0.0000  0.9000  0.0000  0.0000  0.0000  1
126:   0.0000  0.1000  0.0000  0.0000  0.0000  0.9000  0.0000  0.0000  0.0000  1
127:   0.0000  0.1000  0.0000  0.0000  0.0000  0.9000  0.0000  0.0000  0.0000  1
128:   0.0000  1.0000  0.0000  0.0000  0.0000  0.0000  0.0000  0.0000  0.0000  1
129:   0.0000  1.0000  0.0000  0.0000  0.0000  0.0000  0.0000  0.0000  0.0000  1
130:   0.0000  0.9045  0.0000  0.0000  0.0000  0.0955  0.0000  0.0000  0.0000  1
131:   0.0000  0.7892  0.0000  0.0000  0.0000  0.2108  0.0000  0.0000  0.0000  1
132:   0.0000  0.8505  0.0000  0.0000  0.0000  0.1495  0.0000  0.0000  0.0000  1
133:   0.0000  0.8602  0.0000  0.0000  0.0000  0.1398  0.0000  0.0000  0.0000  1
134:   0.0193  0.5368  0.0000  0.0000  0.0000  0.4438  0.0000  0.0000  0.0000  1
135:   0.0013  0.6261  0.0157  0.0095  0.0066  0.3408  0.0001  0.0000  0.0000  1
136:   0.0316  0.4940  0.0621  0.0293  0.0021  0.3694  0.0116  0.0000  0.0000  1
137:   0.0000  0.6740  0.0000  0.0000  0.0000  0.3260  0.0000  0.0000  0.0000  1
138:   0.0000  0.6385  0.0000  0.0000  0.0000  0.3615  0.0000  0.0000  0.0000  1
139:   0.0000  0.6326  0.0000  0.0000  0.0000  0.3674  0.0000  0.0000  0.0000  1
140:   0.0000  0.8939  0.0000  0.0000  0.0000  0.1061  0.0000  0.0000  0.0000  1
141:   0.0000  0.8367  0.0000  0.0000  0.0000  0.1633  0.0000  0.0000  0.0000  1
142:   0.0000  0.7814  0.0000  0.0000  0.0000  0.2186  0.0000  0.0000  0.0000  1
143:   0.0000  0.9150  0.0000  0.0000  0.0000  0.0850  0.0000  0.0000  0.0000  1
144:   0.0000  0.8609  0.0000  0.0000  0.0000  0.1391  0.0000  0.0000  0.0000  1
145:   0.0000  1.0000  0.0000  0.0000  0.0000  0.0000  0.0000  0.0000  0.0000  1
146:   0.0000  0.8666  0.0000  0.0000  0.0000  0.1334  0.0000  0.0000  0.0000  1
147:   0.0000  0.9182  0.0000  0.0000  0.0000  0.0818  0.0000  0.0000  0.0000  1
148:   0.0000  0.8686  0.0000  0.0000  0.0000  0.1314  0.0000  0.0000  0.0000  1
149:   0.0000  0.8540  0.0000  0.0000  0.0000  0.1460  0.0000  0.0000  0.0000  1
150:   0.0000  0.8814  0.0000  0.0000  0.0000  0.1186  0.0000  0.0000  0.0000  1
151:   0.0000  0.8795  0.0000  0.0000  0.0000  0.1205  0.0000  0.0000  0.0000  1
152:   0.0000  0.8747  0.0000  0.0000  0.0000  0.1253  0.0000  0.0000  0.0000  1
153:   0.0000  0.8909  0.0000  0.0000  0.0000  0.1091  0.0000  0.0000  0.0000  1
154:   0.0000  0.8850  0.0000  0.0000  0.0000  0.1150  0.0000  0.0000  0.0000  1
155:   0.0000  0.8854  0.0000  0.0000  0.0000  0.1146  0.0000  0.0000  0.0000  1
156:   0.0000  0.8897  0.0000  0.0000  0.0000  0.1103  0.0000  0.0000  0.0000  1
157:   0.0000  0.8533  0.0000  0.0000  0.0000  0.1467  0.0000  0.0000  0.0000  1
158:   0.0000  1.0000  0.0000  0.0000  0.0000  0.0000  0.0000  0.0000  0.0000  1
159:   0.0000  0.8442  0.0000  0.0000  0.0000  0.1558  0.0000  0.0000  0.0000  1
160:   0.0000  0.8844  0.0000  0.0000  0.0000  0.1156  0.0000  0.0000  0.0000  1
161:   0.0000  0.9003  0.0000  0.0000  0.0000  0.0997  0.0000  0.0000  0.0000  1
162:   0.0000  0.8429  0.0000  0.0000  0.0000  0.1571  0.0000  0.0000  0.0000  1
163:   0.0000  0.8498  0.0000  0.0000  0.0000  0.1502  0.0000  0.0000  0.0000  1
164:   0.0000  0.8652  0.0000  0.0000  0.0000  0.1348  0.0000  0.0000  0.0000  1
165:   0.0000  0.8726  0.0000  0.0000  0.0000  0.1274  0.0000  0.0000  0.0000  1
166:   0.0000  0.8262  0.0000  0.0000  0.0000  0.1738  0.0000  0.0000  0.0000  1
167:   0.0000  0.9094  0.0000  0.0000  0.0000  0.0906  0.0000  0.0000  0.0000  1
168:   0.0000  0.8870  0.0000  0.0000  0.0000  0.1130  0.0000  0.0000  0.0000  1
169:   0.0000  0.8435  0.0000  0.0000  0.0000  0.1565  0.0000  0.0000  0.0000  1
170:   0.0000  0.8875  0.0000  0.0000  0.0000  0.1125  0.0000  0.0000  0.0000  1
171:   0.0199  0.8624  0.0000  0.0000  0.0000  0.1177  0.0000  0.0000  0.0000  1
172:   0.0000  0.8916  0.0000  0.0000  0.0000  0.1084  0.0000  0.0000  0.0000  1
173:   0.0000  0.8486  0.0000  0.0000  0.0000  0.1514  0.0000  0.0000  0.0000  1
174:   0.0000  0.8501  0.0000  0.0000  0.0000  0.1499  0.0000  0.0000  0.0000  1
175:   0.0000  0.8592  0.0000  0.0000  0.0000  0.1408  0.0000  0.0000  0.0000  1
176:   0.0000  0.8865  0.0000  0.0000  0.0000  0.1135  0.0000  0.0000  0.0000  1
177:   0.0000  0.8869  0.0000  0.0000  0.0000  0.1131  0.0000  0.0000  0.0000  1
178:   0.0000  0.8473  0.0000  0.0000  0.0000  0.1527  0.0000  0.0000  0.0000  1
179:   0.0000  0.8739  0.0000  0.0000  0.0000  0.1261  0.0000  0.0000  0.0000  1
180:   0.0000  0.8704  0.0000  0.0000  0.0000  0.1296  0.0000  0.0000  0.0000  1
181:   0.0000  0.8173  0.0000  0.0000  0.0000  0.1827  0.0000  0.0000  0.0000  1
182:   0.0000  0.9323  0.0000  0.0000  0.0000  0.0677  0.0000  0.0000  0.0000  1
183:   0.0000  0.8867  0.0000  0.0000  0.0000  0.1133  0.0000  0.0000  0.0000  1
184:   0.0000  0.0000  0.0000  0.0000  0.0000  0.0000  0.0000  1.0000  0.0000  1
185:   0.0000  0.0000  0.0000  0.0000  0.0000  0.0000  0.0000  1.0000  0.0000  1
186:   0.0000  0.0000  0.0000  0.0000  0.0000  0.0000  0.0000  1.0000  0.0000  1
187:   0.0000  0.0000  0.0000  0.0000  0.0000  0.0000  0.0000  1.0000  0.0000  1
188:   0.0000  0.0000  0.0000  0.0000  0.0000  0.0000  0.0000  1.0000  0.0000  1
189:   0.0000  0.0000  0.0000  0.0000  0.0000  0.0000  0.0000  1.0000  0.0000  1
190:   0.0000  0.0000  0.0000  0.0000  0.0000  0.0000  0.0000  1.0000  0.0000  1
191:   0.0000  0.0000  0.0000  0.0000  0.0000  0.0000  0.0000  1.0000  0.0000  1
192:   0.0000  0.0000  0.0000  0.0000  0.0000  0.0000  0.0000  1.0000  0.0000  1
193:   0.0000  0.0000  0.0000  0.0000  0.0000  0.0000  0.0000  1.0000  0.0000  1
194:   0.0000  0.0000  0.0000  0.0000  0.0000  0.0000  0.0000  1.0000  0.0000  1
195:   0.0000  0.0000  0.0000  0.0000  0.0000  0.0000  0.0000  1.0000  0.0000  1
196:   0.0000  0.0000  0.0000  0.0000  0.0000  0.0000  0.0000  1.0000  0.0000  1
197:   0.0000  0.0000  0.0000  0.0000  0.0000  0.0000  0.0000  1.0000  0.0000  1
198:   0.0000  0.0000  0.0000  0.0000  0.0000  0.0000  0.0000  1.0000  0.0000  1
199:   0.0000  0.0000  0.0000  0.0000  0.0000  0.0000  0.0000  1.0000  0.0000  1
200:   0.0000  0.0000  0.0000  0.0000  0.0000  0.0000  0.0000  1.0000  0.0000  1
201:   0.0000  0.0000  0.0000  0.0000  0.0000  0.0000  0.0000  1.0000  0.0000  1
202:   0.0000  0.0000  0.0000  0.0000  0.0000  0.0000  0.0000  1.0000  0.0000  1
203:   0.0000  0.0000  0.0000  0.0000  0.8000  0.0000  0.0830  0.0000  0.1170  1
204:   0.0000  0.0000  0.0000  0.0000  0.8000  0.0000  0.0804  0.0000  0.1196  1
205:   0.0000  0.0000  0.0000  0.0000  0.8000  0.0000  0.0811  0.0000  0.1189  1
206:   0.0000  0.0000  0.0000  0.0000  0.8000  0.0000  0.0867  0.0000  0.1133  1
207:   1.0000  0.0000  0.0000  0.0000  0.0000  0.0000  0.0000  0.0000  0.0000  1
208:   1.0000  0.0000  0.0000  0.0000  0.0000  0.0000  0.0000  0.0000  0.0000  1
209:   1.0000  0.0000  0.0000  0.0000  0.0000  0.0000  0.0000  0.0000  0.0000  1
210:   1.0000  0.0000  0.0000  0.0000  0.0000  0.0000  0.0000  0.0000  0.0000  1
211:   1.0000  0.0000  0.0000  0.0000  0.0000  0.0000  0.0000  0.0000  0.0000  1
212:   1.0000  0.0000  0.0000  0.0000  0.0000  0.0000  0.0000  0.0000  0.0000  1
213:   0.9753  0.0000  0.0000  0.0000  0.0022  0.0000  0.0000  0.0000  0.0225  1
214:   1.0000  0.0000  0.0000  0.0000  0.0000  0.0000  0.0000  0.0000  0.0000  1
215:   1.0000  0.0000  0.0000  0.0000  0.0000  0.0000  0.0000  0.0000  0.0000  1
216:   1.0000  0.0000  0.0000  0.0000  0.0000  0.0000  0.0000  0.0000  0.0000  1
217:   1.0000  0.0000  0.0000  0.0000  0.0000  0.0000  0.0000  0.0000  0.0000  1
218:   1.0000  0.0000  0.0000  0.0000  0.0000  0.0000  0.0000  0.0000  0.0000  1
219:   1.0000  0.0000  0.0000  0.0000  0.0000  0.0000  0.0000  0.0000  0.0000  1
220:   1.0000  0.0000  0.0000  0.0000  0.0000  0.0000  0.0000  0.0000  0.0000  1
221:   1.0000  0.0000  0.0000  0.0000  0.0000  0.0000  0.0000  0.0000  0.0000  1
222:   1.0000  0.0000  0.0000  0.0000  0.0000  0.0000  0.0000  0.0000  0.0000  1
223:   1.0000  0.0000  0.0000  0.0000  0.0000  0.0000  0.0000  0.0000  0.0000  1
224:   0.9964  0.0000  0.0000  0.0000  0.0000  0.0036  0.0000  0.0000  0.0000  1
225:   1.0000  0.0000  0.0000  0.0000  0.0000  0.0000  0.0000  0.0000  0.0000  1
226:   1.0000  0.0000  0.0000  0.0000  0.0000  0.0000  0.0000  0.0000  0.0000  1
227:   1.0000  0.0000  0.0000  0.0000  0.0000  0.0000  0.0000  0.0000  0.0000  1
228:   0.9988  0.0000  0.0000  0.0000  0.0000  0.0012  0.0000  0.0000  0.0000  1
229:   1.0000  0.0000  0.0000  0.0000  0.0000  0.0000  0.0000  0.0000  0.0000  1
230:   0.9979  0.0000  0.0000  0.0000  0.0000  0.0021  0.0000  0.0000  0.0000  1
231:   1.0000  0.0000  0.0000  0.0000  0.0000  0.0000  0.0000  0.0000  0.0000  1
232:   1.0000  0.0000  0.0000  0.0000  0.0000  0.0000  0.0000  0.0000  0.0000  1
233:   1.0000  0.0000  0.0000  0.0000  0.0000  0.0000  0.0000  0.0000  0.0000  1
234:   1.0000  0.0000  0.0000  0.0000  0.0000  0.0000  0.0000  0.0000  0.0000  1
235:   1.0000  0.0000  0.0000  0.0000  0.0000  0.0000  0.0000  0.0000  0.0000  1
236:   0.8363  0.1207  0.0000  0.0000  0.0000  0.0430  0.0000  0.0000  0.0000  1
237:   1.0000  0.0000  0.0000  0.0000  0.0000  0.0000  0.0000  0.0000  0.0000  1
238:   0.0000  1.0000  0.0000  0.0000  0.0000  0.0000  0.0000  0.0000  0.0000  1
239:   0.0000  1.0000  0.0000  0.0000  0.0000  0.0000  0.0000  0.0000  0.0000  1
240:   0.0000  1.0000  0.0000  0.0000  0.0000  0.0000  0.0000  0.0000  0.0000  1
241:   0.0000  0.9382  0.0000  0.0000  0.0000  0.0618  0.0000  0.0000  0.0000  1
242:   0.0000  0.0000  0.2194  0.7331  0.0475  0.0000  0.0000  0.0000  0.0000  1
243:   0.0000  0.0000  0.7350  0.1953  0.0697  0.0000  0.0000  0.0000  0.0000  1
244:   0.0000  0.0000  0.5918  0.3756  0.0326  0.0000  0.0000  0.0000  0.0000  1
245:   0.0000  0.0000  0.4192  0.5423  0.0385  0.0000  0.0000  0.0000  0.0000  1
246:   0.0000  0.0000  0.3989  0.6011  0.0000  0.0000  0.0000  0.0000  0.0000  1
247:   0.0000  0.0000  0.5125  0.4875  0.0000  0.0000  0.0000  0.0000  0.0000  1
248:   0.0000  0.0000  0.8530  0.1470  0.0000  0.0000  0.0000  0.0000  0.0000  1
249:   0.0000  0.0000  0.2203  0.7797  0.0000  0.0000  0.0000  0.0000  0.0000  1
250:   0.0000  0.0000  0.5310  0.4663  0.0028  0.0000  0.0000  0.0000  0.0000  1
251:   0.0000  0.0000  0.2407  0.7145  0.0448  0.0000  0.0000  0.0000  0.0000  1
252:   0.0000  0.0000  0.3971  0.6029  0.0000  0.0000  0.0000  0.0000  0.0000  1
253:   0.0000  0.0000  0.1869  0.8131  0.0000  0.0000  0.0000  0.0000  0.0000  1
254:   0.0000  0.0000  0.3992  0.5951  0.0057  0.0000  0.0000  0.0000  0.0000  1
255:   0.0000  0.0000  0.8000  0.0000  0.2000  0.0000  0.0000  0.0000  0.0000  1
256:   0.0000  0.0000  0.0963  0.9037  0.0000  0.0000  0.0000  0.0000  0.0000  1
257:   0.0000  0.0000  0.7000  0.3000  0.0000  0.0000  0.0000  0.0000  0.0000  1
258:   0.0000  0.0000  0.6347  0.3653  0.0000  0.0000  0.0000  0.0000  0.0000  1
259:   0.0000  0.0000  0.4105  0.5703  0.0192  0.0000  0.0000  0.0000  0.0000  1
260:   0.0000  0.0000  0.3504  0.4496  0.2000  0.0000  0.0000  0.0000  0.0000  1
261:   0.0000  0.0000  0.5920  0.4080  0.0000  0.0000  0.0000  0.0000  0.0000  1
262:   0.0000  0.0000  0.3703  0.6297  0.0000  0.0000  0.0000  0.0000  0.0000  1
263:   0.0000  0.0000  0.2377  0.5623  0.2000  0.0000  0.0000  0.0000  0.0000  1
264:   0.0000  0.0000  0.8000  0.0000  0.2000  0.0000  0.0000  0.0000  0.0000  1
265:   0.0000  0.0000  0.4374  0.5626  0.0000  0.0000  0.0000  0.0000  0.0000  1
266:   0.0000  0.0000  0.5129  0.4871  0.0000  0.0000  0.0000  0.0000  0.0000  1
267:   0.0000  0.0000  0.4595  0.5047  0.0358  0.0000  0.0000  0.0000  0.0000  1
268:   0.0000  0.0000  0.0955  0.8542  0.0503  0.0000  0.0000  0.0000  0.0000  1
269:   0.0000  0.0000  0.5424  0.4576  0.0000  0.0000  0.0000  0.0000  0.0000  1
270:   0.0000  0.0000  0.0363  0.9637  0.0000  0.0000  0.0000  0.0000  0.0000  1
271:   0.0000  0.0000  0.3189  0.6811  0.0000  0.0000  0.0000  0.0000  0.0000  1
272:   0.0000  0.0000  0.8000  0.0000  0.2000  0.0000  0.0000  0.0000  0.0000  1
273:   0.0000  0.0000  0.4928  0.5072  0.0000  0.0000  0.0000  0.0000  0.0000  1
274:   0.0000  0.0000  0.4729  0.5271  0.0000  0.0000  0.0000  0.0000  0.0000  1
275:   0.0000  0.0000  0.5029  0.4971  0.0000  0.0000  0.0000  0.0000  0.0000  1
276:   0.0000  0.0000  0.5138  0.4489  0.0373  0.0000  0.0000  0.0000  0.0000  1
277:   0.0000  0.0000  0.4366  0.5634  0.0000  0.0000  0.0000  0.0000  0.0000  1
278:   0.0000  0.0000  0.5074  0.4777  0.0149  0.0000  0.0000  0.0000  0.0000  1
279:   0.0000  0.0000  0.5109  0.2891  0.2000  0.0000  0.0000  0.0000  0.0000  1
280:   0.0000  0.0000  0.5832  0.4149  0.0018  0.0000  0.0000  0.0000  0.0000  1
281:   0.0000  0.0000  0.6474  0.3526  0.0000  0.0000  0.0000  0.0000  0.0000  1
