14 191844 1540185.33221463
14 19185 1299864.07830755
14 1919 1045886.32741195
14 200 707921.42482239
14 199 679799.435526765
14 198 641085.130356993
14 197 674129.04248622
14 196 663497.512989503
14 195 662536.349075595
14 194 661975.127329647
14 193 674828.172209013
14 192 698320.20039448
14 191 749322.747451957
14 190 648996.253470625
14 189 724830.613156879
14 188 688636.220501647
14 187 671502.514389224
14 186 684570.707176834
14 185 693472.627108163
14 184 668667.669471442
14 183 674315.967445733
14 182 660054.313673804
14 181 651120.843114509
14 180 651978.991051445
14 179 654394.523598742
14 178 657458.975904919
14 177 677556.104358016
14 176 641554.532293752
14 175 678534.027345384
14 174 680251.199456997
14 173 689781.914024054
14 172 648274.552699165
14 171 684840.4990843
14 170 679686.92371646
14 169 678219.966739358
14 168 639318.669896582
14 167 642751.110822137
14 166 627079.477477881
14 165 601742.379530814
14 164 635367.14063273
14 163 630775.732491234
14 162 624528.366340657
14 161 645525.631446446
14 160 623914.789874375
14 159 610538.564467679
14 158 628384.493093299
14 157 655606.069501901
14 156 617892.929016307
14 155 628057.109432121
14 154 592121.36478428
14 153 678942.759675122
14 152 667647.438307067
14 151 616771.090720518
14 150 621818.184499884
14 149 628323.503607728
14 148 610911.001036054
14 147 626621.616612972
14 146 585955.042290682
14 145 652211.590324333
14 144 588718.338881853
14 143 641631.948470962
14 142 616529.8985199
14 141 593862.559878592
14 140 615937.338702708
14 139 590492.59563879
14 138 576462.198278856
14 137 633798.434686557
14 136 604984.337604897
14 135 625375.598040946
14 134 621857.161849863
14 133 591285.755393156
14 132 603283.773459142
14 131 600912.898694532
14 130 589089.319314197
14 129 585485.763511671
14 128 647265.737665822
14 127 648591.998149509
14 126 612396.468216747
14 125 592511.891222359
14 124 622035.300351436
14 123 606707.799436789
14 122 589090.508210903
14 121 614560.628089507
14 120 577473.323818561
14 119 619519.077747938
14 118 575101.674828681
14 117 614585.848540164
14 116 654707.147139634
14 115 597227.418845793
14 114 566199.740170523
14 113 571614.372758512
14 112 647133.188885703
14 111 576785.293200365
14 110 574603.096377379
14 109 604555.062307275
14 108 585551.034725461
14 107 572415.853915378
14 106 594953.927276334
14 105 594345.202687574
14 104 617201.965536455
14 103 587697.152507403
14 102 590295.854630499
14 101 607685.036683737
14 100 597257.599060441
14 99 583836.432163609
14 98 557017.917262764
14 97 563190.875460966
14 96 589781.520879298
14 95 579654.447497494
14 94 545856.288368538
14 93 550373.216586888
14 92 611726.586030903
14 91 556385.694680682
14 90 545082.549667736
14 89 577983.206919016
14 88 550986.839052719
14 87 546192.774854225
14 86 570613.621667468
14 85 545629.297647082
14 84 547455.614875524
14 83 584175.900078797
14 82 530319.222193502
14 81 562424.78981805
14 80 616773.297289914
14 79 572544.444836627
14 78 597211.000457061
14 77 538916.530951028
14 76 544683.256616468
14 75 536881.439225324
14 74 556754.150430528
14 73 590364.832395049
14 72 528775.94380011
14 71 555376.396189249
14 70 551197.850666118
14 69 541013.704953345
14 68 565344.439117169
14 67 538586.604099893
14 66 569763.477439069
14 65 539694.024192692
14 64 626091.049615655
14 63 572946.700133475
14 62 582494.57241366
14 61 550497.549089128
14 60 589417.693908358
14 59 511322.523961764
14 58 565127.395742463
14 57 573349.679700267
14 56 541168.26205426
14 55 533621.151297762
14 54 533850.764199064
14 53 510615.244299652
14 52 539441.730633627
14 51 515708.467672628
14 50 506788.290316761
14 49 506814.631750486
14 48 521806.902882506
14 47 526941.044541178
14 46 497255.99376864
14 45 513073.274252015
14 44 499008.485211669
14 43 525847.634770228
14 42 541423.063851096
14 41 516646.40415009
14 40 573865.874912249
14 39 534717.803633529
14 38 511746.308448193
14 37 516061.159709925
14 36 464239.091729941
14 35 491949.247491646
14 34 497309.665794734
14 33 494552.258786387
14 32 494673.666893629
14 31 522806.834771884
14 30 509823.235156792
14 29 501008.392889428
14 28 470862.521823841
14 27 574633.646838574
14 26 514436.674754892
14 25 477311.222230596
14 24 491392.726626477
14 23 471988.711602537
14 22 465482.782486321
14 21 458309.120553921
14 20 469961.520148901
14 19 464681.21656333
14 18 526292.581518017
14 17 568296.85012995
14 16 569881.284633037
14 15 545068.561722682
14 14 536394.095277925
14 13 515947.95514733
14 12 525716.876781335
14 11 593941.062110413
14 10 553869.98981185
14 9 558415.765686157
14 8 559730.122148153
14 7 599623.124878956
14 6 660908.066331862
14 5 665283.827970692
14 4 745884.218339253
14 3 1000540.47416162
14 2 1029100.44719141
14 1 1260209.00325327
