57 191844 1547210.00461681
57 19185 1333880.02452191
57 1919 974612.526774514
57 200 648918.390655629
57 199 655992.233102624
57 198 648360.529239077
57 197 663646.980204519
57 196 674715.781047593
57 195 650068.839637848
57 194 656155.917560018
57 193 700813.834326543
57 192 629974.613640077
57 191 695856.448263876
57 190 674719.932950892
57 189 668535.233333605
57 188 665546.355530969
57 187 690897.75586282
57 186 642031.446571893
57 185 647453.431188291
57 184 655401.902675972
57 183 720515.611162444
57 182 665684.520629541
57 181 656375.557968675
57 180 637301.343353
57 179 649660.072953724
57 178 648533.058218739
57 177 660051.324975432
57 176 614103.378512352
57 175 635907.472450007
57 174 642015.058987244
57 173 680937.879989345
57 172 631024.969471504
57 171 647284.732646799
57 170 643645.370276174
57 169 633767.062797939
57 168 627469.33143468
57 167 625615.410511254
57 166 645816.78112577
57 165 639327.252282871
57 164 641927.407601634
57 163 651342.484416116
57 162 661920.696685298
57 161 603161.717807983
57 160 666446.431069639
57 159 585183.411935343
57 158 626190.401918874
57 157 632551.872479528
57 156 600180.908913831
57 155 633757.567612011
57 154 627731.698957285
57 153 665052.534599276
57 152 647741.397932461
57 151 639915.094061236
57 150 604737.956238706
57 149 592080.643187944
57 148 615352.106401269
57 147 595497.807823617
57 146 636511.570156815
57 145 609092.276562855
57 144 616768.42351158
57 143 599941.816287746
57 142 620593.256197518
57 141 599517.115867497
57 140 617886.587499565
57 139 593374.752617405
57 138 604122.175654283
57 137 624181.553368638
57 136 592107.663164102
57 135 619691.342389618
57 134 584711.770856564
57 133 585840.706008069
57 132 634573.404373621
57 131 649449.551877783
57 130 606280.752496981
57 129 619510.901437216
57 128 600596.978871479
57 127 586626.735444157
57 126 566858.514435192
57 125 633236.411783728
57 124 594062.082394057
57 123 616315.785429055
57 122 585157.039752213
57 121 619944.287441165
57 120 587310.683330652
57 119 595642.423297142
57 118 611598.554903657
57 117 569728.453843459
57 116 599331.982563164
57 115 601871.8201609
57 114 574719.5216631
57 113 601523.083236046
57 112 571460.815719286
57 111 576876.003106843
57 110 569115.072160623
57 109 580705.821593407
57 108 579533.667156826
57 107 554948.878600704
57 106 549859.371363589
57 105 561446.819406241
57 104 561605.178733534
57 103 560937.44124158
57 102 587798.825276966
57 101 580828.928197121
57 100 593929.066357769
57 99 592245.66037194
57 98 537311.715180008
57 97 563215.232115229
57 96 598081.311287959
57 95 585555.99132031
57 94 574558.521508782
57 93 554022.720466388
57 92 639715.610909281
57 91 568524.071361554
57 90 586145.432909544
57 89 530770.421991218
57 88 570315.118074583
57 87 557893.108739838
57 86 538878.988074908
57 85 553329.564200027
57 84 543537.000361722
57 83 582268.10199507
57 82 585291.074880437
57 81 567029.215613711
57 80 578577.214984437
57 79 542014.257112262
57 78 569664.98111654
57 77 519649.848300844
57 76 547438.89633317
57 75 553700.620719884
57 74 524084.813312768
57 73 512423.70345788
57 72 512055.578187307
57 71 564826.70037532
57 70 524408.162453836
57 69 532391.863285661
57 68 494515.737009431
57 67 495312.144429863
57 66 535659.563798657
57 65 542231.406590521
57 64 567952.903581453
57 63 550211.245750382
57 62 544939.647241375
57 61 543347.188867963
57 60 514367.889548578
57 59 524979.232484352
57 58 506082.119336731
57 57 526143.505796187
57 56 529604.542135927
57 55 515363.117272072
57 54 494811.954532319
57 53 467405.210687461
57 52 483632.149932069
57 51 511580.243494214
57 50 504701.703411897
57 49 487292.137394436
57 48 477465.076333657
57 47 499705.470753368
57 46 491749.889360906
57 45 518029.972486164
57 44 530252.0841182
57 43 544293.657861215
57 42 515692.874928798
57 41 522244.558084534
57 40 535894.698421496
57 39 520606.165588686
57 38 528124.380691424
57 37 535935.757056894
57 36 520902.316017503
57 35 513982.424225831
57 34 536959.078724962
57 33 501181.757615028
57 32 510684.675530765
57 31 501326.767905395
57 30 523597.303541756
57 29 535498.87037714
57 28 531455.537764784
57 27 540203.68955892
57 26 534443.373414558
57 25 513960.631424008
57 24 526940.532676737
57 23 549492.727082449
57 22 567055.726560093
57 21 547004.205556301
57 20 531394.357798608
57 19 536910.261932747
57 18 505477.466937992
57 17 528012.919653592
57 16 560808.791236705
57 15 508054.876471957
57 14 548040.283365869
57 13 572311.768435365
57 12 576275.653674285
57 11 568641.213767815
57 10 554663.878457175
57 9 587476.199984939
57 8 600291.685990821
57 7 582253.478064467
57 6 640138.156137368
57 5 662214.471951513
57 4 768778.916345708
57 3 959268.477231772
57 2 1227199.24018873
57 1 1274464.07608232
