63 191844 1634561.96712051
63 19185 1355150.40359565
63 1919 982840.460297663
63 200 751470.754317225
63 199 755587.307364332
63 198 685743.882121436
63 197 690490.436172522
63 196 718924.686082797
63 195 670214.821665219
63 194 687417.064460242
63 193 684188.115689873
63 192 687850.072971226
63 191 663941.65391145
63 190 697782.689763237
63 189 695862.923164565
63 188 664928.890797378
63 187 683030.440511946
63 186 638468.584224757
63 185 716617.765141461
63 184 681082.639768196
63 183 703971.498559608
63 182 693743.998271974
63 181 677222.093605748
63 180 774497.717679725
63 179 713322.314996914
63 178 706568.056313293
63 177 685906.728761396
63 176 647257.985822453
63 175 668461.008306073
63 174 669353.840625811
63 173 649556.542680649
63 172 686453.281466942
63 171 642351.270352493
63 170 637827.974376355
63 169 666535.319054908
63 168 650442.837601227
63 167 661464.34190604
63 166 649185.67135109
63 165 660384.921596422
63 164 632045.439747157
63 163 641279.903695486
63 162 696597.351460655
63 161 630879.571313713
63 160 654508.079861265
63 159 682989.855393952
63 158 658172.929571542
63 157 637089.067723763
63 156 607125.216805953
63 155 633296.02382971
63 154 636664.40528955
63 153 652933.411201814
63 152 620908.319789702
63 151 676980.881755821
63 150 624498.488567034
63 149 630237.339090409
63 148 633133.402120298
63 147 638665.157541811
63 146 619293.418694235
63 145 641789.846529398
63 144 636515.0283767
63 143 626253.855284043
63 142 619577.037339787
63 141 681507.190677368
63 140 629606.552875424
63 139 623443.054195912
63 138 633102.523684495
63 137 637199.566347606
63 136 608719.249833448
63 135 640012.371553449
63 134 663140.230497717
63 133 618480.666359613
63 132 609750.945824387
63 131 640952.47091574
63 130 612540.192942247
63 129 612593.259048485
63 128 634921.859330712
63 127 579010.634702815
63 126 609959.64425431
63 125 596623.525321026
63 124 586189.833026758
63 123 601482.773181511
63 122 585852.696843752
63 121 625988.89280421
63 120 590308.539257477
63 119 595950.403853327
63 118 603829.676220187
63 117 569929.016797589
63 116 586368.821848805
63 115 577399.705318678
63 114 611455.460987347
63 113 585908.665877434
63 112 645086.803812895
63 111 646679.069621936
63 110 606313.158787899
63 109 599037.435851736
63 108 590249.649462066
63 107 589768.516784628
63 106 575546.997058815
63 105 551832.814457045
63 104 581728.017577982
63 103 579774.360553677
63 102 599965.087787651
63 101 601370.458465832
63 100 611260.404161506
63 99 572244.502749844
63 98 566925.915245221
63 97 567177.738363553
63 96 597290.79962677
63 95 611537.712335385
63 94 559216.995472609
63 93 566488.388299513
63 92 602294.897507812
63 91 557503.286258011
63 90 574826.492230917
63 89 578098.594346711
63 88 561612.461434342
63 87 584338.273098332
63 86 561297.005137766
63 85 571981.644546744
63 84 556311.036940877
63 83 555813.543476874
63 82 565984.616985914
63 81 539084.504751055
63 80 525383.084555797
63 79 562318.778676279
63 78 543910.017727331
63 77 568658.718438083
63 76 540561.896619854
63 75 588634.696981202
63 74 568182.755800601
63 73 616327.02971175
63 72 557545.781698515
63 71 604738.773433995
63 70 624466.245527734
63 69 533911.974294184
63 68 571683.163881631
63 67 581956.428001203
63 66 595189.124763854
63 65 563784.749642045
63 64 536589.736148453
63 63 536733.472317301
63 62 540883.002506766
63 61 579012.794266497
63 60 563811.730383282
63 59 547829.926464738
63 58 544855.906622226
63 57 550655.138719364
63 56 570627.242365184
63 55 578430.007479105
63 54 542583.538103864
63 53 523781.522763132
63 52 544245.211033379
63 51 559528.940984871
63 50 532719.009139732
63 49 561651.471950519
63 48 545033.747280928
63 47 540458.217192872
63 46 541490.85944803
63 45 567655.29478783
63 44 562288.761305085
63 43 578997.975308152
63 42 551932.796473542
63 41 533327.864202087
63 40 548376.314532957
63 39 540592.272434286
63 38 582825.075261144
63 37 570826.468523626
63 36 563434.409541696
63 35 551503.103863152
63 34 541473.754974461
63 33 545910.385593581
63 32 566790.315579115
63 31 625423.770808642
63 30 563134.560582597
63 29 588532.471300214
63 28 631736.537698649
63 27 542434.602312368
63 26 601402.68558373
63 25 544779.587632714
63 24 534530.941489112
63 23 514824.886649476
63 22 536536.206875366
63 21 547778.76089283
63 20 577481.578922352
63 19 563855.428338529
63 18 532745.253414498
63 17 520372.956759735
63 16 588427.534297849
63 15 533888.474427656
63 14 540839.885832046
63 13 555781.567930712
63 12 546773.386404369
63 11 587231.761348017
63 10 566720.325266963
63 9 564279.9988407
63 8 500398.21767229
63 7 484873.399345916
63 6 547300.782571716
63 5 536053.430626616
63 4 570096.471444224
63 3 797418.352761588
63 2 1127326.40445131
63 1 1389982.59512493
