52 191844 1614455.98994004
52 19185 1281844.27061527
52 1919 953754.50915989
52 200 657930.437585695
52 199 701360.480002829
52 198 677459.342459022
52 197 682080.362178468
52 196 677296.272313133
52 195 690203.619208748
52 194 751749.105192943
52 193 680726.985478209
52 192 695542.709643424
52 191 703973.837228018
52 190 669356.267538732
52 189 652917.164290676
52 188 681150.041486394
52 187 670353.77194095
52 186 677015.168685876
52 185 655860.88023077
52 184 676187.78000319
52 183 696800.536126814
52 182 703722.061474317
52 181 679774.174006384
52 180 746726.78956292
52 179 681811.116738036
52 178 675827.899345625
52 177 674860.004140725
52 176 683717.739370889
52 175 676069.95778179
52 174 669523.749120639
52 173 635764.358947451
52 172 693567.69914865
52 171 675774.404997353
52 170 730507.973500482
52 169 632856.874682626
52 168 611850.909418913
52 167 720439.026096898
52 166 672325.775356335
52 165 746900.335351818
52 164 696587.092809697
52 163 653345.931756374
52 162 686740.007563819
52 161 707373.726209895
52 160 645266.084737747
52 159 664815.916656695
52 158 635060.335592425
52 157 641987.916168191
52 156 648755.26425903
52 155 688892.0759711
52 154 650836.056468398
52 153 610159.818078433
52 152 660650.682098156
52 151 697326.69359441
52 150 665431.523093717
52 149 624102.832055711
52 148 637486.908518243
52 147 622819.113871194
52 146 641812.676605897
52 145 656342.277870439
52 144 630141.548936868
52 143 634971.350898347
52 142 663009.855208884
52 141 657228.737992043
52 140 624587.235755802
52 139 626163.903904552
52 138 665590.880525818
52 137 616107.814830903
52 136 614655.315685795
52 135 645137.351794826
52 134 652639.110407188
52 133 629128.411888346
52 132 627473.713678976
52 131 616986.568362656
52 130 614034.676647048
52 129 614932.166074631
52 128 633269.765835925
52 127 652025.334216765
52 126 601016.905123378
52 125 616650.434964588
52 124 626872.870947997
52 123 689256.720221218
52 122 601692.10368739
52 121 640190.00677978
52 120 588325.276067033
52 119 602695.242456099
52 118 653972.13002015
52 117 590700.769506866
52 116 633602.767045135
52 115 582862.683177913
52 114 597865.443182177
52 113 614939.669884518
52 112 611711.079046952
52 111 609708.294735841
52 110 592073.508185843
52 109 606572.312643384
52 108 598195.054738466
52 107 607611.293989114
52 106 603004.387409494
52 105 626558.522240352
52 104 597078.090314107
52 103 589065.162377708
52 102 553371.456072439
52 101 600415.946510324
52 100 584906.650364
52 99 560743.062423073
52 98 611565.583530436
52 97 582718.433275171
52 96 601365.164140329
52 95 606773.712341295
52 94 571534.787804556
52 93 607467.756107599
52 92 582934.868386037
52 91 577263.602328125
52 90 573814.433447671
52 89 607464.167278312
52 88 583691.697436311
52 87 564096.163394679
52 86 572509.391322437
52 85 581711.222087542
52 84 562793.058806207
52 83 576998.232145318
52 82 571582.737836058
52 81 562172.85716493
52 80 581704.122959233
52 79 570753.094133871
52 78 621208.587523414
52 77 565448.717015261
52 76 582170.513149766
52 75 574739.629167579
52 74 574831.632893949
52 73 585483.647179411
52 72 563775.729663564
52 71 552624.102579397
52 70 570560.249267336
52 69 560690.258841916
52 68 523881.188790593
52 67 547877.808261021
52 66 572733.885281128
52 65 567262.614511204
52 64 545899.532517414
52 63 575082.384351992
52 62 523228.774094031
52 61 578178.962747008
52 60 538757.268653423
52 59 544123.128906171
52 58 547136.650491325
52 57 533148.46249952
52 56 560808.172120015
52 55 563912.998450008
52 54 598748.776277593
52 53 510022.092285539
52 52 535656.516923348
52 51 512539.608045397
52 50 483677.611841679
52 49 609526.782097286
52 48 504679.427182648
52 47 509085.495824829
52 46 481185.047025468
52 45 523268.618668972
52 44 476614.083918774
52 43 521604.109278909
52 42 504694.428737977
52 41 494273.528034365
52 40 497354.238783569
52 39 501826.335305241
52 38 525494.310476377
52 37 548108.068865784
52 36 579396.478840713
52 35 555056.606650186
52 34 533833.104787719
52 33 518091.581614207
52 32 515869.465191985
52 31 524771.186134243
52 30 549573.379934914
52 29 498216.064915149
52 28 566985.908045787
52 27 519351.024976301
52 26 535318.147309276
52 25 573758.412853307
52 24 546818.279744337
52 23 529252.112108828
52 22 526317.777019896
52 21 573187.111225141
52 20 564875.014418284
52 19 570179.482394624
52 18 584371.425548046
52 17 564916.619339319
52 16 551541.792621785
52 15 552260.259624076
52 14 529448.05693012
52 13 537082.322069873
52 12 589208.481616579
52 11 561448.768384928
52 10 619620.637587042
52 9 625865.851890791
52 8 644742.751085664
52 7 674408.162476315
52 6 672287.103801491
52 5 793940.965183548
52 4 733500.176667104
52 3 905436.729359072
52 2 1077528.87973028
52 1 1218100.40682358
