  1:   1.0000  0.0000  1
  2:   1.0000  0.0000  1
  3:   1.0000  0.0000  1
  4:   1.0000  0.0000  1
  5:   1.0000  0.0000  1
  6:   1.0000  0.0000  1
  7:   1.0000  0.0000  1
  8:   1.0000  0.0000  1
  9:   1.0000  0.0000  1
 10:   1.0000  0.0000  1
 11:   1.0000  0.0000  1
 12:   1.0000  0.0000  1
 13:   1.0000  0.0000  1
 14:   1.0000  0.0000  1
 15:   1.0000  0.0000  1
 16:   1.0000  0.0000  1
 17:   1.0000  0.0000  1
 18:   1.0000  0.0000  1
 19:   1.0000  0.0000  1
 20:   1.0000  0.0000  1
 21:   1.0000  0.0000  1
 22:   1.0000  0.0000  1
 23:   1.0000  0.0000  1
 24:   1.0000  0.0000  1
 25:   1.0000  0.0000  1
 26:   1.0000  0.0000  1
 27:   1.0000  0.0000  1
 28:   1.0000  0.0000  1
 29:   1.0000  0.0000  1
 30:   1.0000  0.0000  1
 31:   1.0000  0.0000  1
 32:   1.0000  0.0000  1
 33:   1.0000  0.0000  1
 34:   1.0000  0.0000  1
 35:   1.0000  0.0000  1
 36:   1.0000  0.0000  1
 37:   1.0000  0.0000  1
 38:   1.0000  0.0000  1
 39:   1.0000  0.0000  1
 40:   1.0000  0.0000  1
 41:   1.0000  0.0000  1
 42:   0.9714  0.0286  1
 43:   1.0000  0.0000  1
 44:   1.0000  0.0000  1
 45:   1.0000  0.0000  1
 46:   1.0000  0.0000  1
 47:   1.0000  0.0000  1
 48:   1.0000  0.0000  1
 49:   1.0000  0.0000  1
 50:   1.0000  0.0000  1
 51:   0.9723  0.0277  1
 52:   0.0230  0.9770  1
 53:   0.0224  0.9776  1
 54:   0.0230  0.9770  1
 55:   0.0297  0.9703  1
 56:   0.0268  0.9732  1
 57:   0.0000  1.0000  1
 58:   0.0000  1.0000  1
 59:   0.0000  1.0000  1
 60:   0.0000  1.0000  1
 61:   0.0000  1.0000  1
 62:   0.0000  1.0000  1
 63:   0.0000  1.0000  1
 64:   0.0000  1.0000  1
 65:   0.0000  1.0000  1
 66:   0.0000  1.0000  1
 67:   0.0000  1.0000  1
 68:   0.0000  1.0000  1
 69:   0.0000  1.0000  1
 70:   0.0000  1.0000  1
 71:   0.0000  1.0000  1
 72:   0.0000  1.0000  1
 73:   0.0000  1.0000  1
 74:   0.0000  1.0000  1
 75:   0.0000  1.0000  1
 76:   0.0000  1.0000  1
 77:   0.0000  1.0000  1
 78:   0.0000  1.0000  1
 79:   0.0000  1.0000  1
 80:   0.0000  1.0000  1
 81:   0.4451  0.5549  1
 82:   0.4705  0.5295  1
 83:   0.4680  0.5320  1
 84:   0.4643  0.5357  1
 85:   0.4671  0.5329  1
 86:   0.4360  0.5640  1
 87:   0.4743  0.5257  1
 88:   0.4695  0.5305  1
 89:   0.4592  0.5408  1
 90:   0.4479  0.5521  1
 91:   0.4531  0.5469  1
 92:   0.4485  0.5515  1
 93:   0.4456  0.5544  1
 94:   0.0816  0.9184  1
 95:   0.0000  1.0000  1
 96:   0.0862  0.9138  1
 97:   0.0000  1.0000  1
 98:   0.0000  1.0000  1
 99:   0.0918  0.9082  1
100:   0.1005  0.8995  1
101:   0.0000  1.0000  1
102:   0.0910  0.9090  1
103:   0.0963  0.9037  1
104:   0.0958  0.9042  1
105:   0.1057  0.8943  1
106:   0.0841  0.9159  1
107:   0.0846  0.9154  1
108:   0.0913  0.9087  1
109:   0.0398  0.9602  1
110:   0.0928  0.9072  1
111:   0.0983  0.9017  1
112:   0.0000  1.0000  1
113:   0.0000  1.0000  1
114:   0.0000  1.0000  1
115:   0.0000  1.0000  1
116:   0.0000  1.0000  1
117:   0.0000  1.0000  1
118:   0.0000  1.0000  1
119:   0.0000  1.0000  1
120:   0.0000  1.0000  1
121:   0.0000  1.0000  1
122:   0.0000  1.0000  1
123:   0.0000  1.0000  1
124:   0.0000  1.0000  1
125:   0.0000  1.0000  1
126:   0.0000  1.0000  1
127:   0.0000  1.0000  1
128:   0.0000  1.0000  1
129:   0.0000  1.0000  1
130:   0.0000  1.0000  1
131:   0.0000  1.0000  1
132:   0.0000  1.0000  1
133:   0.0000  1.0000  1
134:   0.0053  0.9947  1
135:   0.0341  0.9659  1
136:   0.0898  0.9102  1
137:   0.0000  1.0000  1
138:   0.0000  1.0000  1
139:   0.0000  1.0000  1
140:   0.0000  1.0000  1
141:   0.0000  1.0000  1
142:   0.0000  1.0000  1
143:   0.0000  1.0000  1
144:   0.0000  1.0000  1
145:   0.0000  1.0000  1
146:   0.0000  1.0000  1
147:   0.0000  1.0000  1
148:   0.0000  1.0000  1
149:   0.0000  1.0000  1
150:   0.0000  1.0000  1
151:   0.0000  1.0000  1
152:   0.0000  1.0000  1
153:   0.0000  1.0000  1
154:   0.0000  1.0000  1
155:   0.0000  1.0000  1
156:   0.0000  1.0000  1
157:   0.0000  1.0000  1
158:   0.0000  1.0000  1
159:   0.0000  1.0000  1
160:   0.0000  1.0000  1
161:   0.0000  1.0000  1
162:   0.0000  1.0000  1
163:   0.0000  1.0000  1
164:   0.0000  1.0000  1
165:   0.0000  1.0000  1
166:   0.0000  1.0000  1
167:   0.0000  1.0000  1
168:   0.0000  1.0000  1
169:   0.0000  1.0000  1
170:   0.0000  1.0000  1
171:   0.0000  1.0000  1
172:   0.0000  1.0000  1
173:   0.0000  1.0000  1
174:   0.0000  1.0000  1
175:   0.0000  1.0000  1
176:   0.0000  1.0000  1
177:   0.0000  1.0000  1
178:   0.0000  1.0000  1
179:   0.0000  1.0000  1
180:   0.0000  1.0000  1
181:   0.0000  1.0000  1
182:   0.0000  1.0000  1
183:   0.0000  1.0000  1
184:   0.1409  0.8591  1
185:   0.1408  0.8592  1
186:   0.1513  0.8487  1
187:   0.1555  0.8445  1
188:   0.1505  0.8495  1
189:   0.1420  0.8580  1
190:   0.1519  0.8481  1
191:   0.1550  0.8450  1
192:   0.1498  0.8502  1
193:   0.1480  0.8520  1
194:   0.1380  0.8620  1
195:   0.1504  0.8496  1
196:   0.1624  0.8376  1
197:   0.1390  0.8610  1
198:   0.1456  0.8544  1
199:   0.1531  0.8469  1
200:   0.1394  0.8606  1
201:   0.1434  0.8566  1
202:   0.1495  0.8505  1
203:   0.1796  0.8204  1
204:   0.1817  0.8183  1
205:   0.1800  0.8200  1
206:   0.1817  0.8183  1
207:   0.0962  0.9038  1
208:   0.0876  0.9124  1
209:   0.1003  0.8997  1
210:   0.0887  0.9113  1
211:   0.1040  0.8960  1
212:   0.1111  0.8889  1
213:   0.1461  0.8539  1
214:   0.0897  0.9103  1
215:   0.0833  0.9167  1
216:   0.1090  0.8910  1
217:   0.0989  0.9011  1
218:   0.0810  0.9190  1
219:   0.1021  0.8979  1
220:   0.0876  0.9124  1
221:   0.0874  0.9126  1
222:   0.0832  0.9168  1
223:   0.0863  0.9137  1
224:   0.0891  0.9109  1
225:   0.0758  0.9242  1
226:   0.0930  0.9070  1
227:   0.0852  0.9148  1
228:   0.0630  0.9370  1
229:   0.0813  0.9187  1
230:   0.0902  0.9098  1
231:   0.0861  0.9139  1
232:   0.0702  0.9298  1
233:   0.0843  0.9157  1
234:   0.0957  0.9043  1
235:   0.0643  0.9357  1
236:   0.0636  0.9364  1
237:   0.0855  0.9145  1
238:   0.0000  1.0000  1
239:   0.0000  1.0000  1
240:   0.0000  1.0000  1
241:   0.0000  1.0000  1
242:   1.0000  0.0000  1
243:   1.0000  0.0000  1
244:   1.0000  0.0000  1
245:   1.0000  0.0000  1
246:   1.0000  0.0000  1
247:   1.0000  0.0000  1
248:   1.0000  0.0000  1
249:   1.0000  0.0000  1
250:   1.0000  0.0000  1
251:   1.0000  0.0000  1
252:   1.0000  0.0000  1
253:   1.0000  0.0000  1
254:   1.0000  0.0000  1
255:   1.0000  0.0000  1
256:   1.0000  0.0000  1
257:   1.0000  0.0000  1
258:   1.0000  0.0000  1
259:   1.0000  0.0000  1
260:   1.0000  0.0000  1
261:   1.0000  0.0000  1
262:   1.0000  0.0000  1
263:   1.0000  0.0000  1
264:   1.0000  0.0000  1
265:   1.0000  0.0000  1
266:   1.0000  0.0000  1
267:   1.0000  0.0000  1
268:   1.0000  0.0000  1
269:   1.0000  0.0000  1
270:   1.0000  0.0000  1
271:   1.0000  0.0000  1
272:   1.0000  0.0000  1
273:   1.0000  0.0000  1
274:   1.0000  0.0000  1
275:   1.0000  0.0000  1
276:   1.0000  0.0000  1
277:   1.0000  0.0000  1
278:   1.0000  0.0000  1
279:   1.0000  0.0000  1
280:   1.0000  0.0000  1
281:   1.0000  0.0000  1

  1:   1.0000  0.0000  1
  2:   1.0000  0.0000  1
  3:   1.0000  0.0000  1
  4:   1.0000  0.0000  1
  5:   1.0000  0.0000  1
  6:   1.0000  0.0000  1
  7:   1.0000  0.0000  1
  8:   1.0000  0.0000  1
  9:   1.0000  0.0000  1
 10:   1.0000  0.0000  1
 11:   1.0000  0.0000  1
 12:   1.0000  0.0000  1
 13:   1.0000  0.0000  1
 14:   1.0000  0.0000  1
 15:   1.0000  0.0000  1
 16:   1.0000  0.0000  1
 17:   1.0000  0.0000  1
 18:   1.0000  0.0000  1
 19:   1.0000  0.0000  1
 20:   1.0000  0.0000  1
 21:   1.0000  0.0000  1
 22:   1.0000  0.0000  1
 23:   1.0000  0.0000  1
 24:   1.0000  0.0000  1
 25:   1.0000  0.0000  1
 26:   1.0000  0.0000  1
 27:   1.0000  0.0000  1
 28:   1.0000  0.0000  1
 29:   1.0000  0.0000  1
 30:   1.0000  0.0000  1
 31:   1.0000  0.0000  1
 32:   1.0000  0.0000  1
 33:   1.0000  0.0000  1
 34:   1.0000  0.0000  1
 35:   1.0000  0.0000  1
 36:   1.0000  0.0000  1
 37:   1.0000  0.0000  1
 38:   1.0000  0.0000  1
 39:   1.0000  0.0000  1
 40:   1.0000  0.0000  1
 41:   1.0000  0.0000  1
 42:   0.9713  0.0287  1
 43:   1.0000  0.0000  1
 44:   1.0000  0.0000  1
 45:   1.0000  0.0000  1
 46:   1.0000  0.0000  1
 47:   1.0000  0.0000  1
 48:   1.0000  0.0000  1
 49:   1.0000  0.0000  1
 50:   1.0000  0.0000  1
 51:   0.9723  0.0277  1
 52:   0.0230  0.9770  1
 53:   0.0224  0.9776  1
 54:   0.0230  0.9770  1
 55:   0.0297  0.9703  1
 56:   0.0268  0.9732  1
 57:   0.0000  1.0000  1
 58:   0.0000  1.0000  1
 59:   0.0000  1.0000  1
 60:   0.0000  1.0000  1
 61:   0.0000  1.0000  1
 62:   0.0000  1.0000  1
 63:   0.0000  1.0000  1
 64:   0.0000  1.0000  1
 65:   0.0000  1.0000  1
 66:   0.0000  1.0000  1
 67:   0.0000  1.0000  1
 68:   0.0000  1.0000  1
 69:   0.0000  1.0000  1
 70:   0.0000  1.0000  1
 71:   0.0000  1.0000  1
 72:   0.0000  1.0000  1
 73:   0.0000  1.0000  1
 74:   0.0000  1.0000  1
 75:   0.0000  1.0000  1
 76:   0.0000  1.0000  1
 77:   0.0000  1.0000  1
 78:   0.0000  1.0000  1
 79:   0.0000  1.0000  1
 80:   0.0000  1.0000  1
 81:   0.4451  0.5549  1
 82:   0.4705  0.5295  1
 83:   0.4680  0.5320  1
 84:   0.4643  0.5357  1
 85:   0.4671  0.5329  1
 86:   0.4360  0.5640  1
 87:   0.4742  0.5258  1
 88:   0.4695  0.5305  1
 89:   0.4592  0.5408  1
 90:   0.4479  0.5521  1
 91:   0.4531  0.5469  1
 92:   0.4485  0.5515  1
 93:   0.4456  0.5544  1
 94:   0.0816  0.9184  1
 95:   0.0000  1.0000  1
 96:   0.0862  0.9138  1
 97:   0.0000  1.0000  1
 98:   0.0000  1.0000  1
 99:   0.0918  0.9082  1
100:   0.1005  0.8995  1
101:   0.0000  1.0000  1
102:   0.0910  0.9090  1
103:   0.0963  0.9037  1
104:   0.0958  0.9042  1
105:   0.1057  0.8943  1
106:   0.0841  0.9159  1
107:   0.0846  0.9154  1
108:   0.0913  0.9087  1
109:   0.0395  0.9605  1
110:   0.0928  0.9072  1
111:   0.0982  0.9018  1
112:   0.0000  1.0000  1
113:   0.0000  1.0000  1
114:   0.0000  1.0000  1
115:   0.0000  1.0000  1
116:   0.0000  1.0000  1
117:   0.0000  1.0000  1
118:   0.0000  1.0000  1
119:   0.0000  1.0000  1
120:   0.0000  1.0000  1
121:   0.0000  1.0000  1
122:   0.0000  1.0000  1
123:   0.0000  1.0000  1
124:   0.0000  1.0000  1
125:   0.0000  1.0000  1
126:   0.0000  1.0000  1
127:   0.0000  1.0000  1
128:   0.0000  1.0000  1
129:   0.0000  1.0000  1
130:   0.0000  1.0000  1
131:   0.0000  1.0000  1
132:   0.0000  1.0000  1
133:   0.0000  1.0000  1
134:   0.0051  0.9949  1
135:   0.0322  0.9678  1
136:   0.0898  0.9102  1
137:   0.0000  1.0000  1
138:   0.0000  1.0000  1
139:   0.0000  1.0000  1
140:   0.0000  1.0000  1
141:   0.0000  1.0000  1
142:   0.0000  1.0000  1
143:   0.0000  1.0000  1
144:   0.0000  1.0000  1
145:   0.0000  1.0000  1
146:   0.0000  1.0000  1
147:   0.0000  1.0000  1
148:   0.0000  1.0000  1
149:   0.0000  1.0000  1
150:   0.0000  1.0000  1
151:   0.0000  1.0000  1
152:   0.0000  1.0000  1
153:   0.0000  1.0000  1
154:   0.0000  1.0000  1
155:   0.0000  1.0000  1
156:   0.0000  1.0000  1
157:   0.0000  1.0000  1
158:   0.0000  1.0000  1
159:   0.0000  1.0000  1
160:   0.0000  1.0000  1
161:   0.0000  1.0000  1
162:   0.0000  1.0000  1
163:   0.0000  1.0000  1
164:   0.0000  1.0000  1
165:   0.0000  1.0000  1
166:   0.0000  1.0000  1
167:   0.0000  1.0000  1
168:   0.0000  1.0000  1
169:   0.0000  1.0000  1
170:   0.0000  1.0000  1
171:   0.0000  1.0000  1
172:   0.0000  1.0000  1
173:   0.0000  1.0000  1
174:   0.0000  1.0000  1
175:   0.0000  1.0000  1
176:   0.0000  1.0000  1
177:   0.0000  1.0000  1
178:   0.0000  1.0000  1
179:   0.0000  1.0000  1
180:   0.0000  1.0000  1
181:   0.0000  1.0000  1
182:   0.0000  1.0000  1
183:   0.0000  1.0000  1
184:   0.1409  0.8591  1
185:   0.1408  0.8592  1
186:   0.1513  0.8487  1
187:   0.1555  0.8445  1
188:   0.1505  0.8495  1
189:   0.1420  0.8580  1
190:   0.1519  0.8481  1
191:   0.1550  0.8450  1
192:   0.1498  0.8502  1
193:   0.1480  0.8520  1
194:   0.1380  0.8620  1
195:   0.1504  0.8496  1
196:   0.1624  0.8376  1
197:   0.1390  0.8610  1
198:   0.1456  0.8544  1
199:   0.1531  0.8469  1
200:   0.1393  0.8607  1
201:   0.1434  0.8566  1
202:   0.1495  0.8505  1
203:   0.1796  0.8204  1
204:   0.1817  0.8183  1
205:   0.1800  0.8200  1
206:   0.1817  0.8183  1
207:   0.0962  0.9038  1
208:   0.0876  0.9124  1
209:   0.1003  0.8997  1
210:   0.0887  0.9113  1
211:   0.1040  0.8960  1
212:   0.1111  0.8889  1
213:   0.1461  0.8539  1
214:   0.0897  0.9103  1
215:   0.0833  0.9167  1
216:   0.1090  0.8910  1
217:   0.0989  0.9011  1
218:   0.0810  0.9190  1
219:   0.1021  0.8979  1
220:   0.0876  0.9124  1
221:   0.0874  0.9126  1
222:   0.0831  0.9169  1
223:   0.0863  0.9137  1
224:   0.0891  0.9109  1
225:   0.0758  0.9242  1
226:   0.0930  0.9070  1
227:   0.0852  0.9148  1
228:   0.0630  0.9370  1
229:   0.0813  0.9187  1
230:   0.0902  0.9098  1
231:   0.0861  0.9139  1
232:   0.0702  0.9298  1
233:   0.0843  0.9157  1
234:   0.0957  0.9043  1
235:   0.0643  0.9357  1
236:   0.0636  0.9364  1
237:   0.0855  0.9145  1
238:   0.0000  1.0000  1
239:   0.0000  1.0000  1
240:   0.0000  1.0000  1
241:   0.0000  1.0000  1
242:   1.0000  0.0000  1
243:   1.0000  0.0000  1
244:   1.0000  0.0000  1
245:   1.0000  0.0000  1
246:   1.0000  0.0000  1
247:   1.0000  0.0000  1
248:   1.0000  0.0000  1
249:   1.0000  0.0000  1
250:   1.0000  0.0000  1
251:   1.0000  0.0000  1
252:   1.0000  0.0000  1
253:   1.0000  0.0000  1
254:   1.0000  0.0000  1
255:   1.0000  0.0000  1
256:   1.0000  0.0000  1
257:   1.0000  0.0000  1
258:   1.0000  0.0000  1
259:   1.0000  0.0000  1
260:   1.0000  0.0000  1
261:   1.0000  0.0000  1
262:   1.0000  0.0000  1
263:   1.0000  0.0000  1
264:   1.0000  0.0000  1
265:   1.0000  0.0000  1
266:   1.0000  0.0000  1
267:   1.0000  0.0000  1
268:   1.0000  0.0000  1
269:   1.0000  0.0000  1
270:   1.0000  0.0000  1
271:   1.0000  0.0000  1
272:   1.0000  0.0000  1
273:   1.0000  0.0000  1
274:   1.0000  0.0000  1
275:   1.0000  0.0000  1
276:   1.0000  0.0000  1
277:   1.0000  0.0000  1
278:   1.0000  0.0000  1
279:   1.0000  0.0000  1
280:   1.0000  0.0000  1
281:   1.0000  0.0000  1

  1:   1.0000  0.0000  1
  2:   1.0000  0.0000  1
  3:   1.0000  0.0000  1
  4:   1.0000  0.0000  1
  5:   1.0000  0.0000  1
  6:   1.0000  0.0000  1
  7:   1.0000  0.0000  1
  8:   1.0000  0.0000  1
  9:   1.0000  0.0000  1
 10:   1.0000  0.0000  1
 11:   1.0000  0.0000  1
 12:   1.0000  0.0000  1
 13:   1.0000  0.0000  1
 14:   1.0000  0.0000  1
 15:   1.0000  0.0000  1
 16:   1.0000  0.0000  1
 17:   1.0000  0.0000  1
 18:   1.0000  0.0000  1
 19:   1.0000  0.0000  1
 20:   1.0000  0.0000  1
 21:   1.0000  0.0000  1
 22:   1.0000  0.0000  1
 23:   1.0000  0.0000  1
 24:   1.0000  0.0000  1
 25:   1.0000  0.0000  1
 26:   1.0000  0.0000  1
 27:   1.0000  0.0000  1
 28:   1.0000  0.0000  1
 29:   1.0000  0.0000  1
 30:   1.0000  0.0000  1
 31:   1.0000  0.0000  1
 32:   1.0000  0.0000  1
 33:   1.0000  0.0000  1
 34:   1.0000  0.0000  1
 35:   1.0000  0.0000  1
 36:   1.0000  0.0000  1
 37:   1.0000  0.0000  1
 38:   1.0000  0.0000  1
 39:   1.0000  0.0000  1
 40:   1.0000  0.0000  1
 41:   1.0000  0.0000  1
 42:   0.9714  0.0286  1
 43:   1.0000  0.0000  1
 44:   1.0000  0.0000  1
 45:   1.0000  0.0000  1
 46:   1.0000  0.0000  1
 47:   1.0000  0.0000  1
 48:   1.0000  0.0000  1
 49:   1.0000  0.0000  1
 50:   1.0000  0.0000  1
 51:   0.9723  0.0277  1
 52:   0.0230  0.9770  1
 53:   0.0224  0.9776  1
 54:   0.0230  0.9770  1
 55:   0.0297  0.9703  1
 56:   0.0268  0.9732  1
 57:   0.0000  1.0000  1
 58:   0.0000  1.0000  1
 59:   0.0000  1.0000  1
 60:   0.0000  1.0000  1
 61:   0.0000  1.0000  1
 62:   0.0000  1.0000  1
 63:   0.0000  1.0000  1
 64:   0.0000  1.0000  1
 65:   0.0000  1.0000  1
 66:   0.0000  1.0000  1
 67:   0.0000  1.0000  1
 68:   0.0000  1.0000  1
 69:   0.0000  1.0000  1
 70:   0.0000  1.0000  1
 71:   0.0000  1.0000  1
 72:   0.0000  1.0000  1
 73:   0.0000  1.0000  1
 74:   0.0000  1.0000  1
 75:   0.0000  1.0000  1
 76:   0.0000  1.0000  1
 77:   0.0000  1.0000  1
 78:   0.0000  1.0000  1
 79:   0.0000  1.0000  1
 80:   0.0000  1.0000  1
 81:   0.4451  0.5549  1
 82:   0.4705  0.5295  1
 83:   0.4680  0.5320  1
 84:   0.4643  0.5357  1
 85:   0.4671  0.5329  1
 86:   0.4360  0.5640  1
 87:   0.4743  0.5257  1
 88:   0.4695  0.5305  1
 89:   0.4592  0.5408  1
 90:   0.4479  0.5521  1
 91:   0.4531  0.5469  1
 92:   0.4485  0.5515  1
 93:   0.4456  0.5544  1
 94:   0.0816  0.9184  1
 95:   0.0000  1.0000  1
 96:   0.0862  0.9138  1
 97:   0.0000  1.0000  1
 98:   0.0000  1.0000  1
 99:   0.0918  0.9082  1
100:   0.1005  0.8995  1
101:   0.0000  1.0000  1
102:   0.0910  0.9090  1
103:   0.0963  0.9037  1
104:   0.0958  0.9042  1
105:   0.1057  0.8943  1
106:   0.0841  0.9159  1
107:   0.0846  0.9154  1
108:   0.0913  0.9087  1
109:   0.0398  0.9602  1
110:   0.0928  0.9072  1
111:   0.0983  0.9017  1
112:   0.0000  1.0000  1
113:   0.0000  1.0000  1
114:   0.0000  1.0000  1
115:   0.0000  1.0000  1
116:   0.0000  1.0000  1
117:   0.0000  1.0000  1
118:   0.0000  1.0000  1
119:   0.0000  1.0000  1
120:   0.0000  1.0000  1
121:   0.0000  1.0000  1
122:   0.0000  1.0000  1
123:   0.0000  1.0000  1
124:   0.0000  1.0000  1
125:   0.0000  1.0000  1
126:   0.0000  1.0000  1
127:   0.0000  1.0000  1
128:   0.0000  1.0000  1
129:   0.0000  1.0000  1
130:   0.0000  1.0000  1
131:   0.0000  1.0000  1
132:   0.0000  1.0000  1
133:   0.0000  1.0000  1
134:   0.0053  0.9947  1
135:   0.0341  0.9659  1
136:   0.0898  0.9102  1
137:   0.0000  1.0000  1
138:   0.0000  1.0000  1
139:   0.0000  1.0000  1
140:   0.0000  1.0000  1
141:   0.0000  1.0000  1
142:   0.0000  1.0000  1
143:   0.0000  1.0000  1
144:   0.0000  1.0000  1
145:   0.0000  1.0000  1
146:   0.0000  1.0000  1
147:   0.0000  1.0000  1
148:   0.0000  1.0000  1
149:   0.0000  1.0000  1
150:   0.0000  1.0000  1
151:   0.0000  1.0000  1
152:   0.0000  1.0000  1
153:   0.0000  1.0000  1
154:   0.0000  1.0000  1
155:   0.0000  1.0000  1
156:   0.0000  1.0000  1
157:   0.0000  1.0000  1
158:   0.0000  1.0000  1
159:   0.0000  1.0000  1
160:   0.0000  1.0000  1
161:   0.0000  1.0000  1
162:   0.0000  1.0000  1
163:   0.0000  1.0000  1
164:   0.0000  1.0000  1
165:   0.0000  1.0000  1
166:   0.0000  1.0000  1
167:   0.0000  1.0000  1
168:   0.0000  1.0000  1
169:   0.0000  1.0000  1
170:   0.0000  1.0000  1
171:   0.0000  1.0000  1
172:   0.0000  1.0000  1
173:   0.0000  1.0000  1
174:   0.0000  1.0000  1
175:   0.0000  1.0000  1
176:   0.0000  1.0000  1
177:   0.0000  1.0000  1
178:   0.0000  1.0000  1
179:   0.0000  1.0000  1
180:   0.0000  1.0000  1
181:   0.0000  1.0000  1
182:   0.0000  1.0000  1
183:   0.0000  1.0000  1
184:   0.1409  0.8591  1
185:   0.1408  0.8592  1
186:   0.1513  0.8487  1
187:   0.1555  0.8445  1
188:   0.1505  0.8495  1
189:   0.1420  0.8580  1
190:   0.1519  0.8481  1
191:   0.1550  0.8450  1
192:   0.1498  0.8502  1
193:   0.1480  0.8520  1
194:   0.1380  0.8620  1
195:   0.1504  0.8496  1
196:   0.1624  0.8376  1
197:   0.1390  0.8610  1
198:   0.1456  0.8544  1
199:   0.1531  0.8469  1
200:   0.1394  0.8606  1
201:   0.1434  0.8566  1
202:   0.1495  0.8505  1
203:   0.1796  0.8204  1
204:   0.1817  0.8183  1
205:   0.1800  0.8200  1
206:   0.1817  0.8183  1
207:   0.0962  0.9038  1
208:   0.0876  0.9124  1
209:   0.1003  0.8997  1
210:   0.0887  0.9113  1
211:   0.1040  0.8960  1
212:   0.1111  0.8889  1
213:   0.1461  0.8539  1
214:   0.0897  0.9103  1
215:   0.0833  0.9167  1
216:   0.1090  0.8910  1
217:   0.0989  0.9011  1
218:   0.0810  0.9190  1
219:   0.1021  0.8979  1
220:   0.0876  0.9124  1
221:   0.0874  0.9126  1
222:   0.0832  0.9168  1
223:   0.0863  0.9137  1
224:   0.0891  0.9109  1
225:   0.0758  0.9242  1
226:   0.0930  0.9070  1
227:   0.0852  0.9148  1
228:   0.0630  0.9370  1
229:   0.0813  0.9187  1
230:   0.0902  0.9098  1
231:   0.0861  0.9139  1
232:   0.0702  0.9298  1
233:   0.0843  0.9157  1
234:   0.0957  0.9043  1
235:   0.0643  0.9357  1
236:   0.0636  0.9364  1
237:   0.0855  0.9145  1
238:   0.0000  1.0000  1
239:   0.0000  1.0000  1
240:   0.0000  1.0000  1
241:   0.0000  1.0000  1
242:   1.0000  0.0000  1
243:   1.0000  0.0000  1
244:   1.0000  0.0000  1
245:   1.0000  0.0000  1
246:   1.0000  0.0000  1
247:   1.0000  0.0000  1
248:   1.0000  0.0000  1
249:   1.0000  0.0000  1
250:   1.0000  0.0000  1
251:   1.0000  0.0000  1
252:   1.0000  0.0000  1
253:   1.0000  0.0000  1
254:   1.0000  0.0000  1
255:   1.0000  0.0000  1
256:   1.0000  0.0000  1
257:   1.0000  0.0000  1
258:   1.0000  0.0000  1
259:   1.0000  0.0000  1
260:   1.0000  0.0000  1
261:   1.0000  0.0000  1
262:   1.0000  0.0000  1
263:   1.0000  0.0000  1
264:   1.0000  0.0000  1
265:   1.0000  0.0000  1
266:   1.0000  0.0000  1
267:   1.0000  0.0000  1
268:   1.0000  0.0000  1
269:   1.0000  0.0000  1
270:   1.0000  0.0000  1
271:   1.0000  0.0000  1
272:   1.0000  0.0000  1
273:   1.0000  0.0000  1
274:   1.0000  0.0000  1
275:   1.0000  0.0000  1
276:   1.0000  0.0000  1
277:   1.0000  0.0000  1
278:   1.0000  0.0000  1
279:   1.0000  0.0000  1
280:   1.0000  0.0000  1
281:   1.0000  0.0000  1

  1:   1.0000  0.0000  1
  2:   1.0000  0.0000  1
  3:   1.0000  0.0000  1
  4:   1.0000  0.0000  1
  5:   1.0000  0.0000  1
  6:   1.0000  0.0000  1
  7:   1.0000  0.0000  1
  8:   1.0000  0.0000  1
  9:   1.0000  0.0000  1
 10:   1.0000  0.0000  1
 11:   1.0000  0.0000  1
 12:   1.0000  0.0000  1
 13:   1.0000  0.0000  1
 14:   1.0000  0.0000  1
 15:   1.0000  0.0000  1
 16:   1.0000  0.0000  1
 17:   1.0000  0.0000  1
 18:   1.0000  0.0000  1
 19:   1.0000  0.0000  1
 20:   1.0000  0.0000  1
 21:   1.0000  0.0000  1
 22:   1.0000  0.0000  1
 23:   1.0000  0.0000  1
 24:   1.0000  0.0000  1
 25:   1.0000  0.0000  1
 26:   1.0000  0.0000  1
 27:   1.0000  0.0000  1
 28:   1.0000  0.0000  1
 29:   1.0000  0.0000  1
 30:   1.0000  0.0000  1
 31:   1.0000  0.0000  1
 32:   1.0000  0.0000  1
 33:   1.0000  0.0000  1
 34:   1.0000  0.0000  1
 35:   1.0000  0.0000  1
 36:   1.0000  0.0000  1
 37:   1.0000  0.0000  1
 38:   1.0000  0.0000  1
 39:   1.0000  0.0000  1
 40:   1.0000  0.0000  1
 41:   1.0000  0.0000  1
 42:   0.9714  0.0286  1
 43:   1.0000  0.0000  1
 44:   1.0000  0.0000  1
 45:   1.0000  0.0000  1
 46:   1.0000  0.0000  1
 47:   1.0000  0.0000  1
 48:   1.0000  0.0000  1
 49:   1.0000  0.0000  1
 50:   1.0000  0.0000  1
 51:   0.9723  0.0277  1
 52:   0.0230  0.9770  1
 53:   0.0224  0.9776  1
 54:   0.0230  0.9770  1
 55:   0.0297  0.9703  1
 56:   0.0268  0.9732  1
 57:   0.0000  1.0000  1
 58:   0.0000  1.0000  1
 59:   0.0000  1.0000  1
 60:   0.0000  1.0000  1
 61:   0.0000  1.0000  1
 62:   0.0000  1.0000  1
 63:   0.0000  1.0000  1
 64:   0.0000  1.0000  1
 65:   0.0000  1.0000  1
 66:   0.0000  1.0000  1
 67:   0.0000  1.0000  1
 68:   0.0000  1.0000  1
 69:   0.0000  1.0000  1
 70:   0.0000  1.0000  1
 71:   0.0000  1.0000  1
 72:   0.0000  1.0000  1
 73:   0.0000  1.0000  1
 74:   0.0000  1.0000  1
 75:   0.0000  1.0000  1
 76:   0.0000  1.0000  1
 77:   0.0000  1.0000  1
 78:   0.0000  1.0000  1
 79:   0.0000  1.0000  1
 80:   0.0000  1.0000  1
 81:   0.4451  0.5549  1
 82:   0.4705  0.5295  1
 83:   0.4680  0.5320  1
 84:   0.4643  0.5357  1
 85:   0.4671  0.5329  1
 86:   0.4360  0.5640  1
 87:   0.4743  0.5257  1
 88:   0.4695  0.5305  1
 89:   0.4592  0.5408  1
 90:   0.4479  0.5521  1
 91:   0.4531  0.5469  1
 92:   0.4485  0.5515  1
 93:   0.4456  0.5544  1
 94:   0.0816  0.9184  1
 95:   0.0000  1.0000  1
 96:   0.0862  0.9138  1
 97:   0.0000  1.0000  1
 98:   0.0000  1.0000  1
 99:   0.0918  0.9082  1
100:   0.1005  0.8995  1
101:   0.0000  1.0000  1
102:   0.0910  0.9090  1
103:   0.0963  0.9037  1
104:   0.0958  0.9042  1
105:   0.1057  0.8943  1
106:   0.0841  0.9159  1
107:   0.0846  0.9154  1
108:   0.0913  0.9087  1
109:   0.0398  0.9602  1
110:   0.0928  0.9072  1
111:   0.0983  0.9017  1
112:   0.0000  1.0000  1
113:   0.0000  1.0000  1
114:   0.0000  1.0000  1
115:   0.0000  1.0000  1
116:   0.0000  1.0000  1
117:   0.0000  1.0000  1
118:   0.0000  1.0000  1
119:   0.0000  1.0000  1
120:   0.0000  1.0000  1
121:   0.0000  1.0000  1
122:   0.0000  1.0000  1
123:   0.0000  1.0000  1
124:   0.0000  1.0000  1
125:   0.0000  1.0000  1
126:   0.0000  1.0000  1
127:   0.0000  1.0000  1
128:   0.0000  1.0000  1
129:   0.0000  1.0000  1
130:   0.0000  1.0000  1
131:   0.0000  1.0000  1
132:   0.0000  1.0000  1
133:   0.0000  1.0000  1
134:   0.0053  0.9947  1
135:   0.0341  0.9659  1
136:   0.0898  0.9102  1
137:   0.0000  1.0000  1
138:   0.0000  1.0000  1
139:   0.0000  1.0000  1
140:   0.0000  1.0000  1
141:   0.0000  1.0000  1
142:   0.0000  1.0000  1
143:   0.0000  1.0000  1
144:   0.0000  1.0000  1
145:   0.0000  1.0000  1
146:   0.0000  1.0000  1
147:   0.0000  1.0000  1
148:   0.0000  1.0000  1
149:   0.0000  1.0000  1
150:   0.0000  1.0000  1
151:   0.0000  1.0000  1
152:   0.0000  1.0000  1
153:   0.0000  1.0000  1
154:   0.0000  1.0000  1
155:   0.0000  1.0000  1
156:   0.0000  1.0000  1
157:   0.0000  1.0000  1
158:   0.0000  1.0000  1
159:   0.0000  1.0000  1
160:   0.0000  1.0000  1
161:   0.0000  1.0000  1
162:   0.0000  1.0000  1
163:   0.0000  1.0000  1
164:   0.0000  1.0000  1
165:   0.0000  1.0000  1
166:   0.0000  1.0000  1
167:   0.0000  1.0000  1
168:   0.0000  1.0000  1
169:   0.0000  1.0000  1
170:   0.0000  1.0000  1
171:   0.0000  1.0000  1
172:   0.0000  1.0000  1
173:   0.0000  1.0000  1
174:   0.0000  1.0000  1
175:   0.0000  1.0000  1
176:   0.0000  1.0000  1
177:   0.0000  1.0000  1
178:   0.0000  1.0000  1
179:   0.0000  1.0000  1
180:   0.0000  1.0000  1
181:   0.0000  1.0000  1
182:   0.0000  1.0000  1
183:   0.0000  1.0000  1
184:   0.1409  0.8591  1
185:   0.1408  0.8592  1
186:   0.1513  0.8487  1
187:   0.1555  0.8445  1
188:   0.1505  0.8495  1
189:   0.1420  0.8580  1
190:   0.1519  0.8481  1
191:   0.1550  0.8450  1
192:   0.1498  0.8502  1
193:   0.1480  0.8520  1
194:   0.1380  0.8620  1
195:   0.1504  0.8496  1
196:   0.1624  0.8376  1
197:   0.1390  0.8610  1
198:   0.1456  0.8544  1
199:   0.1531  0.8469  1
200:   0.1394  0.8606  1
201:   0.1434  0.8566  1
202:   0.1495  0.8505  1
203:   0.1796  0.8204  1
204:   0.1817  0.8183  1
205:   0.1800  0.8200  1
206:   0.1817  0.8183  1
207:   0.0962  0.9038  1
208:   0.0876  0.9124  1
209:   0.1003  0.8997  1
210:   0.0887  0.9113  1
211:   0.1040  0.8960  1
212:   0.1111  0.8889  1
213:   0.1461  0.8539  1
214:   0.0897  0.9103  1
215:   0.0833  0.9167  1
216:   0.1090  0.8910  1
217:   0.0989  0.9011  1
218:   0.0810  0.9190  1
219:   0.1021  0.8979  1
220:   0.0876  0.9124  1
221:   0.0874  0.9126  1
222:   0.0832  0.9168  1
223:   0.0863  0.9137  1
224:   0.0891  0.9109  1
225:   0.0758  0.9242  1
226:   0.0930  0.9070  1
227:   0.0852  0.9148  1
228:   0.0630  0.9370  1
229:   0.0813  0.9187  1
230:   0.0902  0.9098  1
231:   0.0861  0.9139  1
232:   0.0702  0.9298  1
233:   0.0843  0.9157  1
234:   0.0957  0.9043  1
235:   0.0643  0.9357  1
236:   0.0636  0.9364  1
237:   0.0855  0.9145  1
238:   0.0000  1.0000  1
239:   0.0000  1.0000  1
240:   0.0000  1.0000  1
241:   0.0000  1.0000  1
242:   1.0000  0.0000  1
243:   1.0000  0.0000  1
244:   1.0000  0.0000  1
245:   1.0000  0.0000  1
246:   1.0000  0.0000  1
247:   1.0000  0.0000  1
248:   1.0000  0.0000  1
249:   1.0000  0.0000  1
250:   1.0000  0.0000  1
251:   1.0000  0.0000  1
252:   1.0000  0.0000  1
253:   1.0000  0.0000  1
254:   1.0000  0.0000  1
255:   1.0000  0.0000  1
256:   1.0000  0.0000  1
257:   1.0000  0.0000  1
258:   1.0000  0.0000  1
259:   1.0000  0.0000  1
260:   1.0000  0.0000  1
261:   1.0000  0.0000  1
262:   1.0000  0.0000  1
263:   1.0000  0.0000  1
264:   1.0000  0.0000  1
265:   1.0000  0.0000  1
266:   1.0000  0.0000  1
267:   1.0000  0.0000  1
268:   1.0000  0.0000  1
269:   1.0000  0.0000  1
270:   1.0000  0.0000  1
271:   1.0000  0.0000  1
272:   1.0000  0.0000  1
273:   1.0000  0.0000  1
274:   1.0000  0.0000  1
275:   1.0000  0.0000  1
276:   1.0000  0.0000  1
277:   1.0000  0.0000  1
278:   1.0000  0.0000  1
279:   1.0000  0.0000  1
280:   1.0000  0.0000  1
281:   1.0000  0.0000  1

  1:   1.0000  0.0000  1
  2:   1.0000  0.0000  1
  3:   1.0000  0.0000  1
  4:   1.0000  0.0000  1
  5:   1.0000  0.0000  1
  6:   1.0000  0.0000  1
  7:   1.0000  0.0000  1
  8:   1.0000  0.0000  1
  9:   1.0000  0.0000  1
 10:   1.0000  0.0000  1
 11:   1.0000  0.0000  1
 12:   1.0000  0.0000  1
 13:   1.0000  0.0000  1
 14:   1.0000  0.0000  1
 15:   1.0000  0.0000  1
 16:   1.0000  0.0000  1
 17:   1.0000  0.0000  1
 18:   1.0000  0.0000  1
 19:   1.0000  0.0000  1
 20:   1.0000  0.0000  1
 21:   1.0000  0.0000  1
 22:   1.0000  0.0000  1
 23:   1.0000  0.0000  1
 24:   1.0000  0.0000  1
 25:   1.0000  0.0000  1
 26:   1.0000  0.0000  1
 27:   1.0000  0.0000  1
 28:   1.0000  0.0000  1
 29:   1.0000  0.0000  1
 30:   1.0000  0.0000  1
 31:   1.0000  0.0000  1
 32:   1.0000  0.0000  1
 33:   1.0000  0.0000  1
 34:   1.0000  0.0000  1
 35:   1.0000  0.0000  1
 36:   1.0000  0.0000  1
 37:   1.0000  0.0000  1
 38:   1.0000  0.0000  1
 39:   1.0000  0.0000  1
 40:   1.0000  0.0000  1
 41:   1.0000  0.0000  1
 42:   0.9714  0.0286  1
 43:   1.0000  0.0000  1
 44:   1.0000  0.0000  1
 45:   1.0000  0.0000  1
 46:   1.0000  0.0000  1
 47:   1.0000  0.0000  1
 48:   1.0000  0.0000  1
 49:   1.0000  0.0000  1
 50:   1.0000  0.0000  1
 51:   0.9723  0.0277  1
 52:   0.0230  0.9770  1
 53:   0.0224  0.9776  1
 54:   0.0230  0.9770  1
 55:   0.0297  0.9703  1
 56:   0.0268  0.9732  1
 57:   0.0000  1.0000  1
 58:   0.0000  1.0000  1
 59:   0.0000  1.0000  1
 60:   0.0000  1.0000  1
 61:   0.0000  1.0000  1
 62:   0.0000  1.0000  1
 63:   0.0000  1.0000  1
 64:   0.0000  1.0000  1
 65:   0.0000  1.0000  1
 66:   0.0000  1.0000  1
 67:   0.0000  1.0000  1
 68:   0.0000  1.0000  1
 69:   0.0000  1.0000  1
 70:   0.0000  1.0000  1
 71:   0.0000  1.0000  1
 72:   0.0000  1.0000  1
 73:   0.0000  1.0000  1
 74:   0.0000  1.0000  1
 75:   0.0000  1.0000  1
 76:   0.0000  1.0000  1
 77:   0.0000  1.0000  1
 78:   0.0000  1.0000  1
 79:   0.0000  1.0000  1
 80:   0.0000  1.0000  1
 81:   0.4451  0.5549  1
 82:   0.4705  0.5295  1
 83:   0.4680  0.5320  1
 84:   0.4643  0.5357  1
 85:   0.4671  0.5329  1
 86:   0.4360  0.5640  1
 87:   0.4743  0.5257  1
 88:   0.4695  0.5305  1
 89:   0.4592  0.5408  1
 90:   0.4479  0.5521  1
 91:   0.4531  0.5469  1
 92:   0.4485  0.5515  1
 93:   0.4456  0.5544  1
 94:   0.0816  0.9184  1
 95:   0.0000  1.0000  1
 96:   0.0862  0.9138  1
 97:   0.0000  1.0000  1
 98:   0.0000  1.0000  1
 99:   0.0918  0.9082  1
100:   0.1005  0.8995  1
101:   0.0000  1.0000  1
102:   0.0910  0.9090  1
103:   0.0963  0.9037  1
104:   0.0958  0.9042  1
105:   0.1057  0.8943  1
106:   0.0841  0.9159  1
107:   0.0846  0.9154  1
108:   0.0913  0.9087  1
109:   0.0398  0.9602  1
110:   0.0928  0.9072  1
111:   0.0983  0.9017  1
112:   0.0000  1.0000  1
113:   0.0000  1.0000  1
114:   0.0000  1.0000  1
115:   0.0000  1.0000  1
116:   0.0000  1.0000  1
117:   0.0000  1.0000  1
118:   0.0000  1.0000  1
119:   0.0000  1.0000  1
120:   0.0000  1.0000  1
121:   0.0000  1.0000  1
122:   0.0000  1.0000  1
123:   0.0000  1.0000  1
124:   0.0000  1.0000  1
125:   0.0000  1.0000  1
126:   0.0000  1.0000  1
127:   0.0000  1.0000  1
128:   0.0000  1.0000  1
129:   0.0000  1.0000  1
130:   0.0000  1.0000  1
131:   0.0000  1.0000  1
132:   0.0000  1.0000  1
133:   0.0000  1.0000  1
134:   0.0053  0.9947  1
135:   0.0341  0.9659  1
136:   0.0898  0.9102  1
137:   0.0000  1.0000  1
138:   0.0000  1.0000  1
139:   0.0000  1.0000  1
140:   0.0000  1.0000  1
141:   0.0000  1.0000  1
142:   0.0000  1.0000  1
143:   0.0000  1.0000  1
144:   0.0000  1.0000  1
145:   0.0000  1.0000  1
146:   0.0000  1.0000  1
147:   0.0000  1.0000  1
148:   0.0000  1.0000  1
149:   0.0000  1.0000  1
150:   0.0000  1.0000  1
151:   0.0000  1.0000  1
152:   0.0000  1.0000  1
153:   0.0000  1.0000  1
154:   0.0000  1.0000  1
155:   0.0000  1.0000  1
156:   0.0000  1.0000  1
157:   0.0000  1.0000  1
158:   0.0000  1.0000  1
159:   0.0000  1.0000  1
160:   0.0000  1.0000  1
161:   0.0000  1.0000  1
162:   0.0000  1.0000  1
163:   0.0000  1.0000  1
164:   0.0000  1.0000  1
165:   0.0000  1.0000  1
166:   0.0000  1.0000  1
167:   0.0000  1.0000  1
168:   0.0000  1.0000  1
169:   0.0000  1.0000  1
170:   0.0000  1.0000  1
171:   0.0000  1.0000  1
172:   0.0000  1.0000  1
173:   0.0000  1.0000  1
174:   0.0000  1.0000  1
175:   0.0000  1.0000  1
176:   0.0000  1.0000  1
177:   0.0000  1.0000  1
178:   0.0000  1.0000  1
179:   0.0000  1.0000  1
180:   0.0000  1.0000  1
181:   0.0000  1.0000  1
182:   0.0000  1.0000  1
183:   0.0000  1.0000  1
184:   0.1409  0.8591  1
185:   0.1408  0.8592  1
186:   0.1513  0.8487  1
187:   0.1555  0.8445  1
188:   0.1505  0.8495  1
189:   0.1420  0.8580  1
190:   0.1519  0.8481  1
191:   0.1550  0.8450  1
192:   0.1498  0.8502  1
193:   0.1480  0.8520  1
194:   0.1380  0.8620  1
195:   0.1504  0.8496  1
196:   0.1624  0.8376  1
197:   0.1390  0.8610  1
198:   0.1456  0.8544  1
199:   0.1531  0.8469  1
200:   0.1394  0.8606  1
201:   0.1434  0.8566  1
202:   0.1495  0.8505  1
203:   0.1796  0.8204  1
204:   0.1817  0.8183  1
205:   0.1800  0.8200  1
206:   0.1817  0.8183  1
207:   0.0962  0.9038  1
208:   0.0876  0.9124  1
209:   0.1003  0.8997  1
210:   0.0887  0.9113  1
211:   0.1040  0.8960  1
212:   0.1111  0.8889  1
213:   0.1461  0.8539  1
214:   0.0897  0.9103  1
215:   0.0833  0.9167  1
216:   0.1090  0.8910  1
217:   0.0989  0.9011  1
218:   0.0810  0.9190  1
219:   0.1021  0.8979  1
220:   0.0876  0.9124  1
221:   0.0874  0.9126  1
222:   0.0832  0.9168  1
223:   0.0863  0.9137  1
224:   0.0891  0.9109  1
225:   0.0758  0.9242  1
226:   0.0930  0.9070  1
227:   0.0852  0.9148  1
228:   0.0630  0.9370  1
229:   0.0813  0.9187  1
230:   0.0902  0.9098  1
231:   0.0861  0.9139  1
232:   0.0702  0.9298  1
233:   0.0843  0.9157  1
234:   0.0957  0.9043  1
235:   0.0643  0.9357  1
236:   0.0636  0.9364  1
237:   0.0855  0.9145  1
238:   0.0000  1.0000  1
239:   0.0000  1.0000  1
240:   0.0000  1.0000  1
241:   0.0000  1.0000  1
242:   1.0000  0.0000  1
243:   1.0000  0.0000  1
244:   1.0000  0.0000  1
245:   1.0000  0.0000  1
246:   1.0000  0.0000  1
247:   1.0000  0.0000  1
248:   1.0000  0.0000  1
249:   1.0000  0.0000  1
250:   1.0000  0.0000  1
251:   1.0000  0.0000  1
252:   1.0000  0.0000  1
253:   1.0000  0.0000  1
254:   1.0000  0.0000  1
255:   1.0000  0.0000  1
256:   1.0000  0.0000  1
257:   1.0000  0.0000  1
258:   1.0000  0.0000  1
259:   1.0000  0.0000  1
260:   1.0000  0.0000  1
261:   1.0000  0.0000  1
262:   1.0000  0.0000  1
263:   1.0000  0.0000  1
264:   1.0000  0.0000  1
265:   1.0000  0.0000  1
266:   1.0000  0.0000  1
267:   1.0000  0.0000  1
268:   1.0000  0.0000  1
269:   1.0000  0.0000  1
270:   1.0000  0.0000  1
271:   1.0000  0.0000  1
272:   1.0000  0.0000  1
273:   1.0000  0.0000  1
274:   1.0000  0.0000  1
275:   1.0000  0.0000  1
276:   1.0000  0.0000  1
277:   1.0000  0.0000  1
278:   1.0000  0.0000  1
279:   1.0000  0.0000  1
280:   1.0000  0.0000  1
281:   1.0000  0.0000  1

  1:   1.0000  0.0000  1
  2:   1.0000  0.0000  1
  3:   1.0000  0.0000  1
  4:   1.0000  0.0000  1
  5:   1.0000  0.0000  1
  6:   1.0000  0.0000  1
  7:   1.0000  0.0000  1
  8:   1.0000  0.0000  1
  9:   1.0000  0.0000  1
 10:   1.0000  0.0000  1
 11:   1.0000  0.0000  1
 12:   1.0000  0.0000  1
 13:   1.0000  0.0000  1
 14:   1.0000  0.0000  1
 15:   1.0000  0.0000  1
 16:   1.0000  0.0000  1
 17:   1.0000  0.0000  1
 18:   1.0000  0.0000  1
 19:   1.0000  0.0000  1
 20:   1.0000  0.0000  1
 21:   1.0000  0.0000  1
 22:   1.0000  0.0000  1
 23:   1.0000  0.0000  1
 24:   1.0000  0.0000  1
 25:   1.0000  0.0000  1
 26:   1.0000  0.0000  1
 27:   1.0000  0.0000  1
 28:   1.0000  0.0000  1
 29:   1.0000  0.0000  1
 30:   1.0000  0.0000  1
 31:   1.0000  0.0000  1
 32:   1.0000  0.0000  1
 33:   1.0000  0.0000  1
 34:   1.0000  0.0000  1
 35:   1.0000  0.0000  1
 36:   1.0000  0.0000  1
 37:   1.0000  0.0000  1
 38:   1.0000  0.0000  1
 39:   1.0000  0.0000  1
 40:   1.0000  0.0000  1
 41:   1.0000  0.0000  1
 42:   0.9714  0.0286  1
 43:   1.0000  0.0000  1
 44:   1.0000  0.0000  1
 45:   1.0000  0.0000  1
 46:   1.0000  0.0000  1
 47:   1.0000  0.0000  1
 48:   1.0000  0.0000  1
 49:   1.0000  0.0000  1
 50:   1.0000  0.0000  1
 51:   0.9723  0.0277  1
 52:   0.0230  0.9770  1
 53:   0.0224  0.9776  1
 54:   0.0230  0.9770  1
 55:   0.0297  0.9703  1
 56:   0.0268  0.9732  1
 57:   0.0000  1.0000  1
 58:   0.0000  1.0000  1
 59:   0.0000  1.0000  1
 60:   0.0000  1.0000  1
 61:   0.0000  1.0000  1
 62:   0.0000  1.0000  1
 63:   0.0000  1.0000  1
 64:   0.0000  1.0000  1
 65:   0.0000  1.0000  1
 66:   0.0000  1.0000  1
 67:   0.0000  1.0000  1
 68:   0.0000  1.0000  1
 69:   0.0000  1.0000  1
 70:   0.0000  1.0000  1
 71:   0.0000  1.0000  1
 72:   0.0000  1.0000  1
 73:   0.0000  1.0000  1
 74:   0.0000  1.0000  1
 75:   0.0000  1.0000  1
 76:   0.0000  1.0000  1
 77:   0.0000  1.0000  1
 78:   0.0000  1.0000  1
 79:   0.0000  1.0000  1
 80:   0.0000  1.0000  1
 81:   0.4451  0.5549  1
 82:   0.4705  0.5295  1
 83:   0.4680  0.5320  1
 84:   0.4643  0.5357  1
 85:   0.4671  0.5329  1
 86:   0.4360  0.5640  1
 87:   0.4743  0.5257  1
 88:   0.4695  0.5305  1
 89:   0.4592  0.5408  1
 90:   0.4479  0.5521  1
 91:   0.4531  0.5469  1
 92:   0.4485  0.5515  1
 93:   0.4456  0.5544  1
 94:   0.0816  0.9184  1
 95:   0.0000  1.0000  1
 96:   0.0862  0.9138  1
 97:   0.0000  1.0000  1
 98:   0.0000  1.0000  1
 99:   0.0918  0.9082  1
100:   0.1005  0.8995  1
101:   0.0000  1.0000  1
102:   0.0910  0.9090  1
103:   0.0963  0.9037  1
104:   0.0958  0.9042  1
105:   0.1057  0.8943  1
106:   0.0841  0.9159  1
107:   0.0846  0.9154  1
108:   0.0913  0.9087  1
109:   0.0398  0.9602  1
110:   0.0928  0.9072  1
111:   0.0983  0.9017  1
112:   0.0000  1.0000  1
113:   0.0000  1.0000  1
114:   0.0000  1.0000  1
115:   0.0000  1.0000  1
116:   0.0000  1.0000  1
117:   0.0000  1.0000  1
118:   0.0000  1.0000  1
119:   0.0000  1.0000  1
120:   0.0000  1.0000  1
121:   0.0000  1.0000  1
122:   0.0000  1.0000  1
123:   0.0000  1.0000  1
124:   0.0000  1.0000  1
125:   0.0000  1.0000  1
126:   0.0000  1.0000  1
127:   0.0000  1.0000  1
128:   0.0000  1.0000  1
129:   0.0000  1.0000  1
130:   0.0000  1.0000  1
131:   0.0000  1.0000  1
132:   0.0000  1.0000  1
133:   0.0000  1.0000  1
134:   0.0053  0.9947  1
135:   0.0341  0.9659  1
136:   0.0898  0.9102  1
137:   0.0000  1.0000  1
138:   0.0000  1.0000  1
139:   0.0000  1.0000  1
140:   0.0000  1.0000  1
141:   0.0000  1.0000  1
142:   0.0000  1.0000  1
143:   0.0000  1.0000  1
144:   0.0000  1.0000  1
145:   0.0000  1.0000  1
146:   0.0000  1.0000  1
147:   0.0000  1.0000  1
148:   0.0000  1.0000  1
149:   0.0000  1.0000  1
150:   0.0000  1.0000  1
151:   0.0000  1.0000  1
152:   0.0000  1.0000  1
153:   0.0000  1.0000  1
154:   0.0000  1.0000  1
155:   0.0000  1.0000  1
156:   0.0000  1.0000  1
157:   0.0000  1.0000  1
158:   0.0000  1.0000  1
159:   0.0000  1.0000  1
160:   0.0000  1.0000  1
161:   0.0000  1.0000  1
162:   0.0000  1.0000  1
163:   0.0000  1.0000  1
164:   0.0000  1.0000  1
165:   0.0000  1.0000  1
166:   0.0000  1.0000  1
167:   0.0000  1.0000  1
168:   0.0000  1.0000  1
169:   0.0000  1.0000  1
170:   0.0000  1.0000  1
171:   0.0000  1.0000  1
172:   0.0000  1.0000  1
173:   0.0000  1.0000  1
174:   0.0000  1.0000  1
175:   0.0000  1.0000  1
176:   0.0000  1.0000  1
177:   0.0000  1.0000  1
178:   0.0000  1.0000  1
179:   0.0000  1.0000  1
180:   0.0000  1.0000  1
181:   0.0000  1.0000  1
182:   0.0000  1.0000  1
183:   0.0000  1.0000  1
184:   0.1409  0.8591  1
185:   0.1408  0.8592  1
186:   0.1513  0.8487  1
187:   0.1555  0.8445  1
188:   0.1505  0.8495  1
189:   0.1420  0.8580  1
190:   0.1519  0.8481  1
191:   0.1550  0.8450  1
192:   0.1498  0.8502  1
193:   0.1480  0.8520  1
194:   0.1380  0.8620  1
195:   0.1504  0.8496  1
196:   0.1624  0.8376  1
197:   0.1390  0.8610  1
198:   0.1456  0.8544  1
199:   0.1531  0.8469  1
200:   0.1394  0.8606  1
201:   0.1434  0.8566  1
202:   0.1495  0.8505  1
203:   0.1796  0.8204  1
204:   0.1817  0.8183  1
205:   0.1800  0.8200  1
206:   0.1817  0.8183  1
207:   0.0962  0.9038  1
208:   0.0876  0.9124  1
209:   0.1003  0.8997  1
210:   0.0887  0.9113  1
211:   0.1040  0.8960  1
212:   0.1111  0.8889  1
213:   0.1461  0.8539  1
214:   0.0897  0.9103  1
215:   0.0833  0.9167  1
216:   0.1090  0.8910  1
217:   0.0989  0.9011  1
218:   0.0810  0.9190  1
219:   0.1021  0.8979  1
220:   0.0876  0.9124  1
221:   0.0874  0.9126  1
222:   0.0832  0.9168  1
223:   0.0863  0.9137  1
224:   0.0891  0.9109  1
225:   0.0758  0.9242  1
226:   0.0930  0.9070  1
227:   0.0852  0.9148  1
228:   0.0630  0.9370  1
229:   0.0813  0.9187  1
230:   0.0902  0.9098  1
231:   0.0861  0.9139  1
232:   0.0702  0.9298  1
233:   0.0843  0.9157  1
234:   0.0957  0.9043  1
235:   0.0643  0.9357  1
236:   0.0636  0.9364  1
237:   0.0855  0.9145  1
238:   0.0000  1.0000  1
239:   0.0000  1.0000  1
240:   0.0000  1.0000  1
241:   0.0000  1.0000  1
242:   1.0000  0.0000  1
243:   1.0000  0.0000  1
244:   1.0000  0.0000  1
245:   1.0000  0.0000  1
246:   1.0000  0.0000  1
247:   1.0000  0.0000  1
248:   1.0000  0.0000  1
249:   1.0000  0.0000  1
250:   1.0000  0.0000  1
251:   1.0000  0.0000  1
252:   1.0000  0.0000  1
253:   1.0000  0.0000  1
254:   1.0000  0.0000  1
255:   1.0000  0.0000  1
256:   1.0000  0.0000  1
257:   1.0000  0.0000  1
258:   1.0000  0.0000  1
259:   1.0000  0.0000  1
260:   1.0000  0.0000  1
261:   1.0000  0.0000  1
262:   1.0000  0.0000  1
263:   1.0000  0.0000  1
264:   1.0000  0.0000  1
265:   1.0000  0.0000  1
266:   1.0000  0.0000  1
267:   1.0000  0.0000  1
268:   1.0000  0.0000  1
269:   1.0000  0.0000  1
270:   1.0000  0.0000  1
271:   1.0000  0.0000  1
272:   1.0000  0.0000  1
273:   1.0000  0.0000  1
274:   1.0000  0.0000  1
275:   1.0000  0.0000  1
276:   1.0000  0.0000  1
277:   1.0000  0.0000  1
278:   1.0000  0.0000  1
279:   1.0000  0.0000  1
280:   1.0000  0.0000  1
281:   1.0000  0.0000  1

  1:   1.0000  0.0000  1
  2:   1.0000  0.0000  1
  3:   1.0000  0.0000  1
  4:   1.0000  0.0000  1
  5:   1.0000  0.0000  1
  6:   1.0000  0.0000  1
  7:   1.0000  0.0000  1
  8:   1.0000  0.0000  1
  9:   1.0000  0.0000  1
 10:   1.0000  0.0000  1
 11:   1.0000  0.0000  1
 12:   1.0000  0.0000  1
 13:   1.0000  0.0000  1
 14:   1.0000  0.0000  1
 15:   1.0000  0.0000  1
 16:   1.0000  0.0000  1
 17:   1.0000  0.0000  1
 18:   1.0000  0.0000  1
 19:   1.0000  0.0000  1
 20:   1.0000  0.0000  1
 21:   1.0000  0.0000  1
 22:   1.0000  0.0000  1
 23:   1.0000  0.0000  1
 24:   1.0000  0.0000  1
 25:   1.0000  0.0000  1
 26:   1.0000  0.0000  1
 27:   1.0000  0.0000  1
 28:   1.0000  0.0000  1
 29:   1.0000  0.0000  1
 30:   1.0000  0.0000  1
 31:   1.0000  0.0000  1
 32:   1.0000  0.0000  1
 33:   1.0000  0.0000  1
 34:   1.0000  0.0000  1
 35:   1.0000  0.0000  1
 36:   1.0000  0.0000  1
 37:   1.0000  0.0000  1
 38:   1.0000  0.0000  1
 39:   1.0000  0.0000  1
 40:   1.0000  0.0000  1
 41:   1.0000  0.0000  1
 42:   0.9714  0.0286  1
 43:   1.0000  0.0000  1
 44:   1.0000  0.0000  1
 45:   1.0000  0.0000  1
 46:   1.0000  0.0000  1
 47:   1.0000  0.0000  1
 48:   1.0000  0.0000  1
 49:   1.0000  0.0000  1
 50:   1.0000  0.0000  1
 51:   0.9723  0.0277  1
 52:   0.0230  0.9770  1
 53:   0.0224  0.9776  1
 54:   0.0230  0.9770  1
 55:   0.0297  0.9703  1
 56:   0.0268  0.9732  1
 57:   0.0000  1.0000  1
 58:   0.0000  1.0000  1
 59:   0.0000  1.0000  1
 60:   0.0000  1.0000  1
 61:   0.0000  1.0000  1
 62:   0.0000  1.0000  1
 63:   0.0000  1.0000  1
 64:   0.0000  1.0000  1
 65:   0.0000  1.0000  1
 66:   0.0000  1.0000  1
 67:   0.0000  1.0000  1
 68:   0.0000  1.0000  1
 69:   0.0000  1.0000  1
 70:   0.0000  1.0000  1
 71:   0.0000  1.0000  1
 72:   0.0000  1.0000  1
 73:   0.0000  1.0000  1
 74:   0.0000  1.0000  1
 75:   0.0000  1.0000  1
 76:   0.0000  1.0000  1
 77:   0.0000  1.0000  1
 78:   0.0000  1.0000  1
 79:   0.0000  1.0000  1
 80:   0.0000  1.0000  1
 81:   0.4451  0.5549  1
 82:   0.4705  0.5295  1
 83:   0.4680  0.5320  1
 84:   0.4643  0.5357  1
 85:   0.4671  0.5329  1
 86:   0.4360  0.5640  1
 87:   0.4743  0.5257  1
 88:   0.4695  0.5305  1
 89:   0.4592  0.5408  1
 90:   0.4479  0.5521  1
 91:   0.4531  0.5469  1
 92:   0.4485  0.5515  1
 93:   0.4456  0.5544  1
 94:   0.0816  0.9184  1
 95:   0.0000  1.0000  1
 96:   0.0862  0.9138  1
 97:   0.0000  1.0000  1
 98:   0.0000  1.0000  1
 99:   0.0918  0.9082  1
100:   0.1005  0.8995  1
101:   0.0000  1.0000  1
102:   0.0910  0.9090  1
103:   0.0963  0.9037  1
104:   0.0958  0.9042  1
105:   0.1057  0.8943  1
106:   0.0841  0.9159  1
107:   0.0846  0.9154  1
108:   0.0913  0.9087  1
109:   0.0398  0.9602  1
110:   0.0928  0.9072  1
111:   0.0983  0.9017  1
112:   0.0000  1.0000  1
113:   0.0000  1.0000  1
114:   0.0000  1.0000  1
115:   0.0000  1.0000  1
116:   0.0000  1.0000  1
117:   0.0000  1.0000  1
118:   0.0000  1.0000  1
119:   0.0000  1.0000  1
120:   0.0000  1.0000  1
121:   0.0000  1.0000  1
122:   0.0000  1.0000  1
123:   0.0000  1.0000  1
124:   0.0000  1.0000  1
125:   0.0000  1.0000  1
126:   0.0000  1.0000  1
127:   0.0000  1.0000  1
128:   0.0000  1.0000  1
129:   0.0000  1.0000  1
130:   0.0000  1.0000  1
131:   0.0000  1.0000  1
132:   0.0000  1.0000  1
133:   0.0000  1.0000  1
134:   0.0053  0.9947  1
135:   0.0341  0.9659  1
136:   0.0898  0.9102  1
137:   0.0000  1.0000  1
138:   0.0000  1.0000  1
139:   0.0000  1.0000  1
140:   0.0000  1.0000  1
141:   0.0000  1.0000  1
142:   0.0000  1.0000  1
143:   0.0000  1.0000  1
144:   0.0000  1.0000  1
145:   0.0000  1.0000  1
146:   0.0000  1.0000  1
147:   0.0000  1.0000  1
148:   0.0000  1.0000  1
149:   0.0000  1.0000  1
150:   0.0000  1.0000  1
151:   0.0000  1.0000  1
152:   0.0000  1.0000  1
153:   0.0000  1.0000  1
154:   0.0000  1.0000  1
155:   0.0000  1.0000  1
156:   0.0000  1.0000  1
157:   0.0000  1.0000  1
158:   0.0000  1.0000  1
159:   0.0000  1.0000  1
160:   0.0000  1.0000  1
161:   0.0000  1.0000  1
162:   0.0000  1.0000  1
163:   0.0000  1.0000  1
164:   0.0000  1.0000  1
165:   0.0000  1.0000  1
166:   0.0000  1.0000  1
167:   0.0000  1.0000  1
168:   0.0000  1.0000  1
169:   0.0000  1.0000  1
170:   0.0000  1.0000  1
171:   0.0000  1.0000  1
172:   0.0000  1.0000  1
173:   0.0000  1.0000  1
174:   0.0000  1.0000  1
175:   0.0000  1.0000  1
176:   0.0000  1.0000  1
177:   0.0000  1.0000  1
178:   0.0000  1.0000  1
179:   0.0000  1.0000  1
180:   0.0000  1.0000  1
181:   0.0000  1.0000  1
182:   0.0000  1.0000  1
183:   0.0000  1.0000  1
184:   0.1409  0.8591  1
185:   0.1408  0.8592  1
186:   0.1513  0.8487  1
187:   0.1555  0.8445  1
188:   0.1505  0.8495  1
189:   0.1420  0.8580  1
190:   0.1519  0.8481  1
191:   0.1550  0.8450  1
192:   0.1498  0.8502  1
193:   0.1480  0.8520  1
194:   0.1380  0.8620  1
195:   0.1504  0.8496  1
196:   0.1624  0.8376  1
197:   0.1390  0.8610  1
198:   0.1456  0.8544  1
199:   0.1531  0.8469  1
200:   0.1394  0.8606  1
201:   0.1434  0.8566  1
202:   0.1495  0.8505  1
203:   0.1796  0.8204  1
204:   0.1817  0.8183  1
205:   0.1800  0.8200  1
206:   0.1817  0.8183  1
207:   0.0962  0.9038  1
208:   0.0876  0.9124  1
209:   0.1003  0.8997  1
210:   0.0887  0.9113  1
211:   0.1040  0.8960  1
212:   0.1111  0.8889  1
213:   0.1461  0.8539  1
214:   0.0897  0.9103  1
215:   0.0833  0.9167  1
216:   0.1090  0.8910  1
217:   0.0989  0.9011  1
218:   0.0810  0.9190  1
219:   0.1021  0.8979  1
220:   0.0876  0.9124  1
221:   0.0874  0.9126  1
222:   0.0832  0.9168  1
223:   0.0863  0.9137  1
224:   0.0891  0.9109  1
225:   0.0758  0.9242  1
226:   0.0930  0.9070  1
227:   0.0852  0.9148  1
228:   0.0630  0.9370  1
229:   0.0813  0.9187  1
230:   0.0902  0.9098  1
231:   0.0861  0.9139  1
232:   0.0702  0.9298  1
233:   0.0843  0.9157  1
234:   0.0957  0.9043  1
235:   0.0643  0.9357  1
236:   0.0636  0.9364  1
237:   0.0855  0.9145  1
238:   0.0000  1.0000  1
239:   0.0000  1.0000  1
240:   0.0000  1.0000  1
241:   0.0000  1.0000  1
242:   1.0000  0.0000  1
243:   1.0000  0.0000  1
244:   1.0000  0.0000  1
245:   1.0000  0.0000  1
246:   1.0000  0.0000  1
247:   1.0000  0.0000  1
248:   1.0000  0.0000  1
249:   1.0000  0.0000  1
250:   1.0000  0.0000  1
251:   1.0000  0.0000  1
252:   1.0000  0.0000  1
253:   1.0000  0.0000  1
254:   1.0000  0.0000  1
255:   1.0000  0.0000  1
256:   1.0000  0.0000  1
257:   1.0000  0.0000  1
258:   1.0000  0.0000  1
259:   1.0000  0.0000  1
260:   1.0000  0.0000  1
261:   1.0000  0.0000  1
262:   1.0000  0.0000  1
263:   1.0000  0.0000  1
264:   1.0000  0.0000  1
265:   1.0000  0.0000  1
266:   1.0000  0.0000  1
267:   1.0000  0.0000  1
268:   1.0000  0.0000  1
269:   1.0000  0.0000  1
270:   1.0000  0.0000  1
271:   1.0000  0.0000  1
272:   1.0000  0.0000  1
273:   1.0000  0.0000  1
274:   1.0000  0.0000  1
275:   1.0000  0.0000  1
276:   1.0000  0.0000  1
277:   1.0000  0.0000  1
278:   1.0000  0.0000  1
279:   1.0000  0.0000  1
280:   1.0000  0.0000  1
281:   1.0000  0.0000  1

  1:   1.0000  0.0000  1
  2:   1.0000  0.0000  1
  3:   1.0000  0.0000  1
  4:   1.0000  0.0000  1
  5:   1.0000  0.0000  1
  6:   1.0000  0.0000  1
  7:   1.0000  0.0000  1
  8:   1.0000  0.0000  1
  9:   1.0000  0.0000  1
 10:   1.0000  0.0000  1
 11:   1.0000  0.0000  1
 12:   1.0000  0.0000  1
 13:   1.0000  0.0000  1
 14:   1.0000  0.0000  1
 15:   1.0000  0.0000  1
 16:   1.0000  0.0000  1
 17:   1.0000  0.0000  1
 18:   1.0000  0.0000  1
 19:   1.0000  0.0000  1
 20:   1.0000  0.0000  1
 21:   1.0000  0.0000  1
 22:   1.0000  0.0000  1
 23:   1.0000  0.0000  1
 24:   1.0000  0.0000  1
 25:   1.0000  0.0000  1
 26:   1.0000  0.0000  1
 27:   1.0000  0.0000  1
 28:   1.0000  0.0000  1
 29:   1.0000  0.0000  1
 30:   1.0000  0.0000  1
 31:   1.0000  0.0000  1
 32:   1.0000  0.0000  1
 33:   1.0000  0.0000  1
 34:   1.0000  0.0000  1
 35:   1.0000  0.0000  1
 36:   1.0000  0.0000  1
 37:   1.0000  0.0000  1
 38:   1.0000  0.0000  1
 39:   1.0000  0.0000  1
 40:   1.0000  0.0000  1
 41:   1.0000  0.0000  1
 42:   0.9713  0.0287  1
 43:   1.0000  0.0000  1
 44:   1.0000  0.0000  1
 45:   1.0000  0.0000  1
 46:   1.0000  0.0000  1
 47:   1.0000  0.0000  1
 48:   1.0000  0.0000  1
 49:   1.0000  0.0000  1
 50:   1.0000  0.0000  1
 51:   0.9723  0.0277  1
 52:   0.0230  0.9770  1
 53:   0.0224  0.9776  1
 54:   0.0230  0.9770  1
 55:   0.0297  0.9703  1
 56:   0.0268  0.9732  1
 57:   0.0000  1.0000  1
 58:   0.0000  1.0000  1
 59:   0.0000  1.0000  1
 60:   0.0000  1.0000  1
 61:   0.0000  1.0000  1
 62:   0.0000  1.0000  1
 63:   0.0000  1.0000  1
 64:   0.0000  1.0000  1
 65:   0.0000  1.0000  1
 66:   0.0000  1.0000  1
 67:   0.0000  1.0000  1
 68:   0.0000  1.0000  1
 69:   0.0000  1.0000  1
 70:   0.0000  1.0000  1
 71:   0.0000  1.0000  1
 72:   0.0000  1.0000  1
 73:   0.0000  1.0000  1
 74:   0.0000  1.0000  1
 75:   0.0000  1.0000  1
 76:   0.0000  1.0000  1
 77:   0.0000  1.0000  1
 78:   0.0000  1.0000  1
 79:   0.0000  1.0000  1
 80:   0.0000  1.0000  1
 81:   0.4451  0.5549  1
 82:   0.4705  0.5295  1
 83:   0.4680  0.5320  1
 84:   0.4643  0.5357  1
 85:   0.4671  0.5329  1
 86:   0.4360  0.5640  1
 87:   0.4742  0.5258  1
 88:   0.4695  0.5305  1
 89:   0.4592  0.5408  1
 90:   0.4479  0.5521  1
 91:   0.4531  0.5469  1
 92:   0.4485  0.5515  1
 93:   0.4456  0.5544  1
 94:   0.0816  0.9184  1
 95:   0.0000  1.0000  1
 96:   0.0862  0.9138  1
 97:   0.0000  1.0000  1
 98:   0.0000  1.0000  1
 99:   0.0918  0.9082  1
100:   0.1005  0.8995  1
101:   0.0000  1.0000  1
102:   0.0910  0.9090  1
103:   0.0963  0.9037  1
104:   0.0958  0.9042  1
105:   0.1057  0.8943  1
106:   0.0841  0.9159  1
107:   0.0846  0.9154  1
108:   0.0913  0.9087  1
109:   0.0395  0.9605  1
110:   0.0928  0.9072  1
111:   0.0982  0.9018  1
112:   0.0000  1.0000  1
113:   0.0000  1.0000  1
114:   0.0000  1.0000  1
115:   0.0000  1.0000  1
116:   0.0000  1.0000  1
117:   0.0000  1.0000  1
118:   0.0000  1.0000  1
119:   0.0000  1.0000  1
120:   0.0000  1.0000  1
121:   0.0000  1.0000  1
122:   0.0000  1.0000  1
123:   0.0000  1.0000  1
124:   0.0000  1.0000  1
125:   0.0000  1.0000  1
126:   0.0000  1.0000  1
127:   0.0000  1.0000  1
128:   0.0000  1.0000  1
129:   0.0000  1.0000  1
130:   0.0000  1.0000  1
131:   0.0000  1.0000  1
132:   0.0000  1.0000  1
133:   0.0000  1.0000  1
134:   0.0051  0.9949  1
135:   0.0322  0.9678  1
136:   0.0898  0.9102  1
137:   0.0000  1.0000  1
138:   0.0000  1.0000  1
139:   0.0000  1.0000  1
140:   0.0000  1.0000  1
141:   0.0000  1.0000  1
142:   0.0000  1.0000  1
143:   0.0000  1.0000  1
144:   0.0000  1.0000  1
145:   0.0000  1.0000  1
146:   0.0000  1.0000  1
147:   0.0000  1.0000  1
148:   0.0000  1.0000  1
149:   0.0000  1.0000  1
150:   0.0000  1.0000  1
151:   0.0000  1.0000  1
152:   0.0000  1.0000  1
153:   0.0000  1.0000  1
154:   0.0000  1.0000  1
155:   0.0000  1.0000  1
156:   0.0000  1.0000  1
157:   0.0000  1.0000  1
158:   0.0000  1.0000  1
159:   0.0000  1.0000  1
160:   0.0000  1.0000  1
161:   0.0000  1.0000  1
162:   0.0000  1.0000  1
163:   0.0000  1.0000  1
164:   0.0000  1.0000  1
165:   0.0000  1.0000  1
166:   0.0000  1.0000  1
167:   0.0000  1.0000  1
168:   0.0000  1.0000  1
169:   0.0000  1.0000  1
170:   0.0000  1.0000  1
171:   0.0000  1.0000  1
172:   0.0000  1.0000  1
173:   0.0000  1.0000  1
174:   0.0000  1.0000  1
175:   0.0000  1.0000  1
176:   0.0000  1.0000  1
177:   0.0000  1.0000  1
178:   0.0000  1.0000  1
179:   0.0000  1.0000  1
180:   0.0000  1.0000  1
181:   0.0000  1.0000  1
182:   0.0000  1.0000  1
183:   0.0000  1.0000  1
184:   0.1409  0.8591  1
185:   0.1408  0.8592  1
186:   0.1513  0.8487  1
187:   0.1555  0.8445  1
188:   0.1505  0.8495  1
189:   0.1420  0.8580  1
190:   0.1519  0.8481  1
191:   0.1550  0.8450  1
192:   0.1498  0.8502  1
193:   0.1480  0.8520  1
194:   0.1380  0.8620  1
195:   0.1504  0.8496  1
196:   0.1624  0.8376  1
197:   0.1390  0.8610  1
198:   0.1456  0.8544  1
199:   0.1531  0.8469  1
200:   0.1393  0.8607  1
201:   0.1434  0.8566  1
202:   0.1495  0.8505  1
203:   0.1796  0.8204  1
204:   0.1817  0.8183  1
205:   0.1800  0.8200  1
206:   0.1817  0.8183  1
207:   0.0962  0.9038  1
208:   0.0876  0.9124  1
209:   0.1003  0.8997  1
210:   0.0887  0.9113  1
211:   0.1040  0.8960  1
212:   0.1111  0.8889  1
213:   0.1461  0.8539  1
214:   0.0897  0.9103  1
215:   0.0833  0.9167  1
216:   0.1090  0.8910  1
217:   0.0989  0.9011  1
218:   0.0810  0.9190  1
219:   0.1021  0.8979  1
220:   0.0876  0.9124  1
221:   0.0874  0.9126  1
222:   0.0831  0.9169  1
223:   0.0863  0.9137  1
224:   0.0891  0.9109  1
225:   0.0758  0.9242  1
226:   0.0930  0.9070  1
227:   0.0852  0.9148  1
228:   0.0630  0.9370  1
229:   0.0813  0.9187  1
230:   0.0902  0.9098  1
231:   0.0861  0.9139  1
232:   0.0702  0.9298  1
233:   0.0843  0.9157  1
234:   0.0957  0.9043  1
235:   0.0643  0.9357  1
236:   0.0636  0.9364  1
237:   0.0855  0.9145  1
238:   0.0000  1.0000  1
239:   0.0000  1.0000  1
240:   0.0000  1.0000  1
241:   0.0000  1.0000  1
242:   1.0000  0.0000  1
243:   1.0000  0.0000  1
244:   1.0000  0.0000  1
245:   1.0000  0.0000  1
246:   1.0000  0.0000  1
247:   1.0000  0.0000  1
248:   1.0000  0.0000  1
249:   1.0000  0.0000  1
250:   1.0000  0.0000  1
251:   1.0000  0.0000  1
252:   1.0000  0.0000  1
253:   1.0000  0.0000  1
254:   1.0000  0.0000  1
255:   1.0000  0.0000  1
256:   1.0000  0.0000  1
257:   1.0000  0.0000  1
258:   1.0000  0.0000  1
259:   1.0000  0.0000  1
260:   1.0000  0.0000  1
261:   1.0000  0.0000  1
262:   1.0000  0.0000  1
263:   1.0000  0.0000  1
264:   1.0000  0.0000  1
265:   1.0000  0.0000  1
266:   1.0000  0.0000  1
267:   1.0000  0.0000  1
268:   1.0000  0.0000  1
269:   1.0000  0.0000  1
270:   1.0000  0.0000  1
271:   1.0000  0.0000  1
272:   1.0000  0.0000  1
273:   1.0000  0.0000  1
274:   1.0000  0.0000  1
275:   1.0000  0.0000  1
276:   1.0000  0.0000  1
277:   1.0000  0.0000  1
278:   1.0000  0.0000  1
279:   1.0000  0.0000  1
280:   1.0000  0.0000  1
281:   1.0000  0.0000  1

  1:   1.0000  0.0000  1
  2:   1.0000  0.0000  1
  3:   1.0000  0.0000  1
  4:   1.0000  0.0000  1
  5:   1.0000  0.0000  1
  6:   1.0000  0.0000  1
  7:   1.0000  0.0000  1
  8:   1.0000  0.0000  1
  9:   1.0000  0.0000  1
 10:   1.0000  0.0000  1
 11:   1.0000  0.0000  1
 12:   1.0000  0.0000  1
 13:   1.0000  0.0000  1
 14:   1.0000  0.0000  1
 15:   1.0000  0.0000  1
 16:   1.0000  0.0000  1
 17:   1.0000  0.0000  1
 18:   1.0000  0.0000  1
 19:   1.0000  0.0000  1
 20:   1.0000  0.0000  1
 21:   1.0000  0.0000  1
 22:   1.0000  0.0000  1
 23:   1.0000  0.0000  1
 24:   1.0000  0.0000  1
 25:   1.0000  0.0000  1
 26:   1.0000  0.0000  1
 27:   1.0000  0.0000  1
 28:   1.0000  0.0000  1
 29:   1.0000  0.0000  1
 30:   1.0000  0.0000  1
 31:   1.0000  0.0000  1
 32:   1.0000  0.0000  1
 33:   1.0000  0.0000  1
 34:   1.0000  0.0000  1
 35:   1.0000  0.0000  1
 36:   1.0000  0.0000  1
 37:   1.0000  0.0000  1
 38:   1.0000  0.0000  1
 39:   1.0000  0.0000  1
 40:   1.0000  0.0000  1
 41:   1.0000  0.0000  1
 42:   0.9713  0.0287  1
 43:   1.0000  0.0000  1
 44:   1.0000  0.0000  1
 45:   1.0000  0.0000  1
 46:   1.0000  0.0000  1
 47:   1.0000  0.0000  1
 48:   1.0000  0.0000  1
 49:   1.0000  0.0000  1
 50:   1.0000  0.0000  1
 51:   0.9723  0.0277  1
 52:   0.0230  0.9770  1
 53:   0.0224  0.9776  1
 54:   0.0230  0.9770  1
 55:   0.0297  0.9703  1
 56:   0.0268  0.9732  1
 57:   0.0000  1.0000  1
 58:   0.0000  1.0000  1
 59:   0.0000  1.0000  1
 60:   0.0000  1.0000  1
 61:   0.0000  1.0000  1
 62:   0.0000  1.0000  1
 63:   0.0000  1.0000  1
 64:   0.0000  1.0000  1
 65:   0.0000  1.0000  1
 66:   0.0000  1.0000  1
 67:   0.0000  1.0000  1
 68:   0.0000  1.0000  1
 69:   0.0000  1.0000  1
 70:   0.0000  1.0000  1
 71:   0.0000  1.0000  1
 72:   0.0000  1.0000  1
 73:   0.0000  1.0000  1
 74:   0.0000  1.0000  1
 75:   0.0000  1.0000  1
 76:   0.0000  1.0000  1
 77:   0.0000  1.0000  1
 78:   0.0000  1.0000  1
 79:   0.0000  1.0000  1
 80:   0.0000  1.0000  1
 81:   0.4451  0.5549  1
 82:   0.4705  0.5295  1
 83:   0.4680  0.5320  1
 84:   0.4643  0.5357  1
 85:   0.4671  0.5329  1
 86:   0.4360  0.5640  1
 87:   0.4742  0.5258  1
 88:   0.4695  0.5305  1
 89:   0.4592  0.5408  1
 90:   0.4479  0.5521  1
 91:   0.4531  0.5469  1
 92:   0.4485  0.5515  1
 93:   0.4456  0.5544  1
 94:   0.0816  0.9184  1
 95:   0.0000  1.0000  1
 96:   0.0862  0.9138  1
 97:   0.0000  1.0000  1
 98:   0.0000  1.0000  1
 99:   0.0918  0.9082  1
100:   0.1005  0.8995  1
101:   0.0000  1.0000  1
102:   0.0910  0.9090  1
103:   0.0963  0.9037  1
104:   0.0958  0.9042  1
105:   0.1057  0.8943  1
106:   0.0841  0.9159  1
107:   0.0846  0.9154  1
108:   0.0913  0.9087  1
109:   0.0395  0.9605  1
110:   0.0928  0.9072  1
111:   0.0982  0.9018  1
112:   0.0000  1.0000  1
113:   0.0000  1.0000  1
114:   0.0000  1.0000  1
115:   0.0000  1.0000  1
116:   0.0000  1.0000  1
117:   0.0000  1.0000  1
118:   0.0000  1.0000  1
119:   0.0000  1.0000  1
120:   0.0000  1.0000  1
121:   0.0000  1.0000  1
122:   0.0000  1.0000  1
123:   0.0000  1.0000  1
124:   0.0000  1.0000  1
125:   0.0000  1.0000  1
126:   0.0000  1.0000  1
127:   0.0000  1.0000  1
128:   0.0000  1.0000  1
129:   0.0000  1.0000  1
130:   0.0000  1.0000  1
131:   0.0000  1.0000  1
132:   0.0000  1.0000  1
133:   0.0000  1.0000  1
134:   0.0051  0.9949  1
135:   0.0322  0.9678  1
136:   0.0898  0.9102  1
137:   0.0000  1.0000  1
138:   0.0000  1.0000  1
139:   0.0000  1.0000  1
140:   0.0000  1.0000  1
141:   0.0000  1.0000  1
142:   0.0000  1.0000  1
143:   0.0000  1.0000  1
144:   0.0000  1.0000  1
145:   0.0000  1.0000  1
146:   0.0000  1.0000  1
147:   0.0000  1.0000  1
148:   0.0000  1.0000  1
149:   0.0000  1.0000  1
150:   0.0000  1.0000  1
151:   0.0000  1.0000  1
152:   0.0000  1.0000  1
153:   0.0000  1.0000  1
154:   0.0000  1.0000  1
155:   0.0000  1.0000  1
156:   0.0000  1.0000  1
157:   0.0000  1.0000  1
158:   0.0000  1.0000  1
159:   0.0000  1.0000  1
160:   0.0000  1.0000  1
161:   0.0000  1.0000  1
162:   0.0000  1.0000  1
163:   0.0000  1.0000  1
164:   0.0000  1.0000  1
165:   0.0000  1.0000  1
166:   0.0000  1.0000  1
167:   0.0000  1.0000  1
168:   0.0000  1.0000  1
169:   0.0000  1.0000  1
170:   0.0000  1.0000  1
171:   0.0000  1.0000  1
172:   0.0000  1.0000  1
173:   0.0000  1.0000  1
174:   0.0000  1.0000  1
175:   0.0000  1.0000  1
176:   0.0000  1.0000  1
177:   0.0000  1.0000  1
178:   0.0000  1.0000  1
179:   0.0000  1.0000  1
180:   0.0000  1.0000  1
181:   0.0000  1.0000  1
182:   0.0000  1.0000  1
183:   0.0000  1.0000  1
184:   0.1409  0.8591  1
185:   0.1408  0.8592  1
186:   0.1513  0.8487  1
187:   0.1555  0.8445  1
188:   0.1505  0.8495  1
189:   0.1420  0.8580  1
190:   0.1519  0.8481  1
191:   0.1550  0.8450  1
192:   0.1498  0.8502  1
193:   0.1480  0.8520  1
194:   0.1380  0.8620  1
195:   0.1504  0.8496  1
196:   0.1624  0.8376  1
197:   0.1390  0.8610  1
198:   0.1456  0.8544  1
199:   0.1531  0.8469  1
200:   0.1393  0.8607  1
201:   0.1434  0.8566  1
202:   0.1495  0.8505  1
203:   0.1796  0.8204  1
204:   0.1817  0.8183  1
205:   0.1800  0.8200  1
206:   0.1817  0.8183  1
207:   0.0962  0.9038  1
208:   0.0876  0.9124  1
209:   0.1003  0.8997  1
210:   0.0887  0.9113  1
211:   0.1040  0.8960  1
212:   0.1111  0.8889  1
213:   0.1461  0.8539  1
214:   0.0897  0.9103  1
215:   0.0833  0.9167  1
216:   0.1090  0.8910  1
217:   0.0989  0.9011  1
218:   0.0810  0.9190  1
219:   0.1021  0.8979  1
220:   0.0876  0.9124  1
221:   0.0874  0.9126  1
222:   0.0831  0.9169  1
223:   0.0863  0.9137  1
224:   0.0891  0.9109  1
225:   0.0758  0.9242  1
226:   0.0930  0.9070  1
227:   0.0852  0.9148  1
228:   0.0630  0.9370  1
229:   0.0813  0.9187  1
230:   0.0902  0.9098  1
231:   0.0861  0.9139  1
232:   0.0702  0.9298  1
233:   0.0843  0.9157  1
234:   0.0957  0.9043  1
235:   0.0643  0.9357  1
236:   0.0636  0.9364  1
237:   0.0855  0.9145  1
238:   0.0000  1.0000  1
239:   0.0000  1.0000  1
240:   0.0000  1.0000  1
241:   0.0000  1.0000  1
242:   1.0000  0.0000  1
243:   1.0000  0.0000  1
244:   1.0000  0.0000  1
245:   1.0000  0.0000  1
246:   1.0000  0.0000  1
247:   1.0000  0.0000  1
248:   1.0000  0.0000  1
249:   1.0000  0.0000  1
250:   1.0000  0.0000  1
251:   1.0000  0.0000  1
252:   1.0000  0.0000  1
253:   1.0000  0.0000  1
254:   1.0000  0.0000  1
255:   1.0000  0.0000  1
256:   1.0000  0.0000  1
257:   1.0000  0.0000  1
258:   1.0000  0.0000  1
259:   1.0000  0.0000  1
260:   1.0000  0.0000  1
261:   1.0000  0.0000  1
262:   1.0000  0.0000  1
263:   1.0000  0.0000  1
264:   1.0000  0.0000  1
265:   1.0000  0.0000  1
266:   1.0000  0.0000  1
267:   1.0000  0.0000  1
268:   1.0000  0.0000  1
269:   1.0000  0.0000  1
270:   1.0000  0.0000  1
271:   1.0000  0.0000  1
272:   1.0000  0.0000  1
273:   1.0000  0.0000  1
274:   1.0000  0.0000  1
275:   1.0000  0.0000  1
276:   1.0000  0.0000  1
277:   1.0000  0.0000  1
278:   1.0000  0.0000  1
279:   1.0000  0.0000  1
280:   1.0000  0.0000  1
281:   1.0000  0.0000  1

  1:   1.0000  0.0000  1
  2:   1.0000  0.0000  1
  3:   1.0000  0.0000  1
  4:   1.0000  0.0000  1
  5:   1.0000  0.0000  1
  6:   1.0000  0.0000  1
  7:   1.0000  0.0000  1
  8:   1.0000  0.0000  1
  9:   1.0000  0.0000  1
 10:   1.0000  0.0000  1
 11:   1.0000  0.0000  1
 12:   1.0000  0.0000  1
 13:   1.0000  0.0000  1
 14:   1.0000  0.0000  1
 15:   1.0000  0.0000  1
 16:   1.0000  0.0000  1
 17:   1.0000  0.0000  1
 18:   1.0000  0.0000  1
 19:   1.0000  0.0000  1
 20:   1.0000  0.0000  1
 21:   1.0000  0.0000  1
 22:   1.0000  0.0000  1
 23:   1.0000  0.0000  1
 24:   1.0000  0.0000  1
 25:   1.0000  0.0000  1
 26:   1.0000  0.0000  1
 27:   1.0000  0.0000  1
 28:   1.0000  0.0000  1
 29:   1.0000  0.0000  1
 30:   1.0000  0.0000  1
 31:   1.0000  0.0000  1
 32:   1.0000  0.0000  1
 33:   1.0000  0.0000  1
 34:   1.0000  0.0000  1
 35:   1.0000  0.0000  1
 36:   1.0000  0.0000  1
 37:   1.0000  0.0000  1
 38:   1.0000  0.0000  1
 39:   1.0000  0.0000  1
 40:   1.0000  0.0000  1
 41:   1.0000  0.0000  1
 42:   0.9713  0.0287  1
 43:   1.0000  0.0000  1
 44:   1.0000  0.0000  1
 45:   1.0000  0.0000  1
 46:   1.0000  0.0000  1
 47:   1.0000  0.0000  1
 48:   1.0000  0.0000  1
 49:   1.0000  0.0000  1
 50:   1.0000  0.0000  1
 51:   0.9723  0.0277  1
 52:   0.0230  0.9770  1
 53:   0.0224  0.9776  1
 54:   0.0230  0.9770  1
 55:   0.0297  0.9703  1
 56:   0.0268  0.9732  1
 57:   0.0000  1.0000  1
 58:   0.0000  1.0000  1
 59:   0.0000  1.0000  1
 60:   0.0000  1.0000  1
 61:   0.0000  1.0000  1
 62:   0.0000  1.0000  1
 63:   0.0000  1.0000  1
 64:   0.0000  1.0000  1
 65:   0.0000  1.0000  1
 66:   0.0000  1.0000  1
 67:   0.0000  1.0000  1
 68:   0.0000  1.0000  1
 69:   0.0000  1.0000  1
 70:   0.0000  1.0000  1
 71:   0.0000  1.0000  1
 72:   0.0000  1.0000  1
 73:   0.0000  1.0000  1
 74:   0.0000  1.0000  1
 75:   0.0000  1.0000  1
 76:   0.0000  1.0000  1
 77:   0.0000  1.0000  1
 78:   0.0000  1.0000  1
 79:   0.0000  1.0000  1
 80:   0.0000  1.0000  1
 81:   0.4451  0.5549  1
 82:   0.4705  0.5295  1
 83:   0.4680  0.5320  1
 84:   0.4643  0.5357  1
 85:   0.4671  0.5329  1
 86:   0.4360  0.5640  1
 87:   0.4742  0.5258  1
 88:   0.4695  0.5305  1
 89:   0.4592  0.5408  1
 90:   0.4479  0.5521  1
 91:   0.4531  0.5469  1
 92:   0.4485  0.5515  1
 93:   0.4456  0.5544  1
 94:   0.0816  0.9184  1
 95:   0.0000  1.0000  1
 96:   0.0862  0.9138  1
 97:   0.0000  1.0000  1
 98:   0.0000  1.0000  1
 99:   0.0918  0.9082  1
100:   0.1005  0.8995  1
101:   0.0000  1.0000  1
102:   0.0910  0.9090  1
103:   0.0963  0.9037  1
104:   0.0958  0.9042  1
105:   0.1057  0.8943  1
106:   0.0841  0.9159  1
107:   0.0846  0.9154  1
108:   0.0913  0.9087  1
109:   0.0395  0.9605  1
110:   0.0928  0.9072  1
111:   0.0982  0.9018  1
112:   0.0000  1.0000  1
113:   0.0000  1.0000  1
114:   0.0000  1.0000  1
115:   0.0000  1.0000  1
116:   0.0000  1.0000  1
117:   0.0000  1.0000  1
118:   0.0000  1.0000  1
119:   0.0000  1.0000  1
120:   0.0000  1.0000  1
121:   0.0000  1.0000  1
122:   0.0000  1.0000  1
123:   0.0000  1.0000  1
124:   0.0000  1.0000  1
125:   0.0000  1.0000  1
126:   0.0000  1.0000  1
127:   0.0000  1.0000  1
128:   0.0000  1.0000  1
129:   0.0000  1.0000  1
130:   0.0000  1.0000  1
131:   0.0000  1.0000  1
132:   0.0000  1.0000  1
133:   0.0000  1.0000  1
134:   0.0051  0.9949  1
135:   0.0322  0.9678  1
136:   0.0898  0.9102  1
137:   0.0000  1.0000  1
138:   0.0000  1.0000  1
139:   0.0000  1.0000  1
140:   0.0000  1.0000  1
141:   0.0000  1.0000  1
142:   0.0000  1.0000  1
143:   0.0000  1.0000  1
144:   0.0000  1.0000  1
145:   0.0000  1.0000  1
146:   0.0000  1.0000  1
147:   0.0000  1.0000  1
148:   0.0000  1.0000  1
149:   0.0000  1.0000  1
150:   0.0000  1.0000  1
151:   0.0000  1.0000  1
152:   0.0000  1.0000  1
153:   0.0000  1.0000  1
154:   0.0000  1.0000  1
155:   0.0000  1.0000  1
156:   0.0000  1.0000  1
157:   0.0000  1.0000  1
158:   0.0000  1.0000  1
159:   0.0000  1.0000  1
160:   0.0000  1.0000  1
161:   0.0000  1.0000  1
162:   0.0000  1.0000  1
163:   0.0000  1.0000  1
164:   0.0000  1.0000  1
165:   0.0000  1.0000  1
166:   0.0000  1.0000  1
167:   0.0000  1.0000  1
168:   0.0000  1.0000  1
169:   0.0000  1.0000  1
170:   0.0000  1.0000  1
171:   0.0000  1.0000  1
172:   0.0000  1.0000  1
173:   0.0000  1.0000  1
174:   0.0000  1.0000  1
175:   0.0000  1.0000  1
176:   0.0000  1.0000  1
177:   0.0000  1.0000  1
178:   0.0000  1.0000  1
179:   0.0000  1.0000  1
180:   0.0000  1.0000  1
181:   0.0000  1.0000  1
182:   0.0000  1.0000  1
183:   0.0000  1.0000  1
184:   0.1409  0.8591  1
185:   0.1408  0.8592  1
186:   0.1513  0.8487  1
187:   0.1555  0.8445  1
188:   0.1505  0.8495  1
189:   0.1420  0.8580  1
190:   0.1519  0.8481  1
191:   0.1550  0.8450  1
192:   0.1498  0.8502  1
193:   0.1480  0.8520  1
194:   0.1380  0.8620  1
195:   0.1504  0.8496  1
196:   0.1624  0.8376  1
197:   0.1390  0.8610  1
198:   0.1456  0.8544  1
199:   0.1531  0.8469  1
200:   0.1393  0.8607  1
201:   0.1434  0.8566  1
202:   0.1495  0.8505  1
203:   0.1796  0.8204  1
204:   0.1817  0.8183  1
205:   0.1800  0.8200  1
206:   0.1817  0.8183  1
207:   0.0962  0.9038  1
208:   0.0876  0.9124  1
209:   0.1003  0.8997  1
210:   0.0887  0.9113  1
211:   0.1040  0.8960  1
212:   0.1111  0.8889  1
213:   0.1461  0.8539  1
214:   0.0897  0.9103  1
215:   0.0833  0.9167  1
216:   0.1090  0.8910  1
217:   0.0989  0.9011  1
218:   0.0810  0.9190  1
219:   0.1021  0.8979  1
220:   0.0876  0.9124  1
221:   0.0874  0.9126  1
222:   0.0831  0.9169  1
223:   0.0863  0.9137  1
224:   0.0891  0.9109  1
225:   0.0758  0.9242  1
226:   0.0930  0.9070  1
227:   0.0852  0.9148  1
228:   0.0630  0.9370  1
229:   0.0813  0.9187  1
230:   0.0902  0.9098  1
231:   0.0861  0.9139  1
232:   0.0702  0.9298  1
233:   0.0843  0.9157  1
234:   0.0957  0.9043  1
235:   0.0643  0.9357  1
236:   0.0636  0.9364  1
237:   0.0855  0.9145  1
238:   0.0000  1.0000  1
239:   0.0000  1.0000  1
240:   0.0000  1.0000  1
241:   0.0000  1.0000  1
242:   1.0000  0.0000  1
243:   1.0000  0.0000  1
244:   1.0000  0.0000  1
245:   1.0000  0.0000  1
246:   1.0000  0.0000  1
247:   1.0000  0.0000  1
248:   1.0000  0.0000  1
249:   1.0000  0.0000  1
250:   1.0000  0.0000  1
251:   1.0000  0.0000  1
252:   1.0000  0.0000  1
253:   1.0000  0.0000  1
254:   1.0000  0.0000  1
255:   1.0000  0.0000  1
256:   1.0000  0.0000  1
257:   1.0000  0.0000  1
258:   1.0000  0.0000  1
259:   1.0000  0.0000  1
260:   1.0000  0.0000  1
261:   1.0000  0.0000  1
262:   1.0000  0.0000  1
263:   1.0000  0.0000  1
264:   1.0000  0.0000  1
265:   1.0000  0.0000  1
266:   1.0000  0.0000  1
267:   1.0000  0.0000  1
268:   1.0000  0.0000  1
269:   1.0000  0.0000  1
270:   1.0000  0.0000  1
271:   1.0000  0.0000  1
272:   1.0000  0.0000  1
273:   1.0000  0.0000  1
274:   1.0000  0.0000  1
275:   1.0000  0.0000  1
276:   1.0000  0.0000  1
277:   1.0000  0.0000  1
278:   1.0000  0.0000  1
279:   1.0000  0.0000  1
280:   1.0000  0.0000  1
281:   1.0000  0.0000  1

