77 191844 1601098.99613039
77 19185 1257062.2481528
77 1919 1001791.57513901
77 200 643713.80350932
77 199 645036.611239449
77 198 638697.680456103
77 197 637824.264332301
77 196 651503.807312614
77 195 648057.567079629
77 194 680401.004282224
77 193 656806.275737992
77 192 650615.466512655
77 191 634220.758606119
77 190 681818.376167346
77 189 666841.043392832
77 188 641885.740165285
77 187 642208.54347805
77 186 622859.982398437
77 185 644449.567084681
77 184 623490.187204613
77 183 631196.240470407
77 182 630063.577398727
77 181 652056.531504359
77 180 655858.101369479
77 179 651511.652476109
77 178 635684.048057841
77 177 658938.156270364
77 176 644841.702292675
77 175 665774.115450008
77 174 645187.335109664
77 173 653266.779779239
77 172 599575.305208679
77 171 623365.340752864
77 170 637468.997999423
77 169 607988.25640631
77 168 625915.241147215
77 167 653615.206789054
77 166 662931.800174461
77 165 644729.439949471
77 164 618205.174299979
77 163 632494.026425206
77 162 635088.203075116
77 161 615364.884007226
77 160 641795.194580848
77 159 662102.607859144
77 158 624927.274149097
77 157 631193.483160286
77 156 605898.670288182
77 155 616473.10737452
77 154 610686.35310099
77 153 620939.316033717
77 152 606947.427069922
77 151 604889.671380582
77 150 612405.645949583
77 149 618786.933784011
77 148 604034.046132509
77 147 595329.426494048
77 146 605250.95354572
77 145 638329.65560139
77 144 613751.34223938
77 143 609113.205253247
77 142 650939.016706348
77 141 604376.156897416
77 140 604810.074547231
77 139 607921.079621215
77 138 598533.187756754
77 137 592834.618706588
77 136 608159.705890078
77 135 581432.661581423
77 134 574311.158357924
77 133 564331.815528995
77 132 578007.297901391
77 131 611214.476403906
77 130 579713.967334331
77 129 596118.05750251
77 128 599392.007880858
77 127 594270.663675816
77 126 621538.971389215
77 125 590488.928797844
77 124 572734.687486498
77 123 571992.868800069
77 122 589767.734257545
77 121 562513.257084533
77 120 639776.631927475
77 119 556254.316088169
77 118 557157.881018205
77 117 551417.399751353
77 116 558716.209318527
77 115 555435.2651674
77 114 531356.047707653
77 113 541277.888187723
77 112 592587.828159725
77 111 582902.238152112
77 110 548754.018322038
77 109 588927.529227023
77 108 559783.838497618
77 107 551745.887659598
77 106 588792.303611877
77 105 534970.593878962
77 104 541365.46611988
77 103 584841.458314524
77 102 546008.666249446
77 101 561679.528544885
77 100 595376.633161858
77 99 552395.780719609
77 98 549326.050326956
77 97 545893.188069125
77 96 578611.781402416
77 95 572676.488987067
77 94 549449.605458843
77 93 594531.768752805
77 92 571448.428894584
77 91 551377.293361919
77 90 562740.054595999
77 89 543072.395569665
77 88 551454.04265656
77 87 563644.662370094
77 86 530577.5053523
77 85 554814.998191662
77 84 531090.810963528
77 83 593272.935490331
77 82 546709.440627671
77 81 532102.531830696
77 80 551524.835208137
77 79 601114.693593736
77 78 575926.636315985
77 77 556799.648262116
77 76 542417.759636225
77 75 537830.252599671
77 74 582370.703826499
77 73 551347.476729722
77 72 524781.200038649
77 71 523426.164697176
77 70 534114.933431433
77 69 548568.176755026
77 68 521135.682868952
77 67 525921.657581047
77 66 547659.776750177
77 65 538534.364047793
77 64 540447.877408774
77 63 537905.013656252
77 62 545635.959107352
77 61 564210.726260266
77 60 596446.614916031
77 59 543231.169265371
77 58 543395.041258417
77 57 604956.226703825
77 56 571904.586546474
77 55 523153.63715405
77 54 515854.260847558
77 53 566348.265745875
77 52 571041.14380543
77 51 525924.910140998
77 50 543329.380021331
77 49 523056.073596643
77 48 530747.296795535
77 47 518261.096771867
77 46 541827.025420022
77 45 517970.559648716
77 44 522705.943807178
77 43 523122.325620434
77 42 528496.790423085
77 41 540257.092392949
77 40 537690.658461747
77 39 513787.404816982
77 38 554578.2486045
77 37 506583.046790508
77 36 516361.106919062
77 35 541775.228650867
77 34 512795.228497451
77 33 514881.086189182
77 32 504803.401034623
77 31 539189.781802912
77 30 544119.912220489
77 29 512944.070734466
77 28 502364.178539007
77 27 506045.539542699
77 26 494894.552214343
77 25 529357.636111229
77 24 511984.039223855
77 23 514485.760122538
77 22 511926.296092432
77 21 541530.996702115
77 20 559258.320992808
77 19 530322.223360574
77 18 546833.485992601
77 17 526103.570442513
77 16 523683.440862297
77 15 519760.37286561
77 14 561826.856387319
77 13 533586.897701727
77 12 542887.544968972
77 11 570065.059187521
77 10 575756.441036954
77 9 572696.265040198
77 8 635367.531470819
77 7 597160.924349643
77 6 730518.153023084
77 5 660716.693996964
77 4 641504.640554845
77 3 957148.958475467
77 2 1138629.80543789
77 1 1257498.21547459
