Beginning optimization ************************************************
20      , -7571.13    , array([ 0.100367   ,  0.128418   ,  0.906867   ,  1.75277    ,  1.309      ,  0.741755   ,  0.46642    ,  0.195272   ,  0.430188   ,  0.178653   ])
60      , -5413.95    , array([ 0.125845   ,  0.144009   ,  1.04007    ,  0.779852   ,  1.18599    ,  0.310338   ,  1.18272    ,  2.81311    ,  0.815908   ,  0.213256   ])
100     , -5311.4     , array([ 0.125833   ,  0.142116   ,  0.988367   ,  0.726855   ,  1.18107    ,  0.299096   ,  1.14731    ,  3.1566     ,  0.803881   ,  0.214505   ])
120     , -4794.83    , array([ 0.125718   ,  0.123739   ,  0.603961   ,  0.368286   ,  1.13457    ,  0.209412   ,  0.855303   ,  9.60648    ,  0.696442   ,  0.229384   ])
140     , -4795.11    , array([ 0.125718   ,  0.123739   ,  0.60396    ,  0.368285   ,  1.13457    ,  0.209621   ,  0.855304   ,  9.60649    ,  0.696441   ,  0.229155   ])
180     , -4794.82    , array([ 0.125718   ,  0.123739   ,  0.603958   ,  0.368283   ,  1.13457    ,  0.209411   ,  0.855305   ,  9.60651    ,  0.69644    ,  0.229384   ])
220     , -4794.83    , array([ 0.125718   ,  0.123862   ,  0.603958   ,  0.368283   ,  1.13457    ,  0.20941    ,  0.855305   ,  9.60651    ,  0.69644    ,  0.229155   ])
260     , -4795.11    , array([ 0.125718   ,  0.123739   ,  0.603958   ,  0.368283   ,  1.13457    ,  0.20962    ,  0.855305   ,  9.60651    ,  0.69644    ,  0.229155   ])
300     , -4719.41    , array([ 0.126157   ,  0.120353   ,  0.573798   ,  0.329771   ,  1.09565    ,  0.192142   ,  0.879767   ,  9.90393    ,  0.682493   ,  0.232662   ])
340     , -4714.65    , array([ 0.126186   ,  0.120255   ,  0.571874   ,  0.327391   ,  1.09315    ,  0.191061   ,  0.881395   ,  9.92375    ,  0.681588   ,  0.232646   ])
360     , -4703.97    , array([ 0.126251   ,  0.11964    ,  0.567537   ,  0.322061   ,  1.08749    ,  0.188633   ,  0.885096   ,  9.96882    ,  0.679542   ,  0.23337    ])
380     , -4704.24    , array([ 0.126251   ,  0.11964    ,  0.567537   ,  0.322061   ,  1.08749    ,  0.188822   ,  0.885096   ,  9.96882    ,  0.679542   ,  0.233137   ])
400     , -4697.74    , array([ 0.12629    ,  0.119471   ,  0.565008   ,  0.318975   ,  1.08419    ,  0.187223   ,  0.887275   ,  9.99535    ,  0.678345   ,  0.233426   ])
420     , -4697.14    , array([ 0.126294   ,  0.119323   ,  0.564759   ,  0.318672   ,  1.08386    ,  0.187085   ,  0.88749    ,  9.99797    ,  0.678227   ,  0.233688   ])
440     , -4697.25    , array([ 0.126294   ,  0.119315   ,  0.564696   ,  0.318595   ,  1.08378    ,  0.187237   ,  0.887545   ,  9.99864    ,  0.678197   ,  0.233461   ])
460     , -4696.96    , array([ 0.126295   ,  0.119434   ,  0.564693   ,  0.318591   ,  1.08378    ,  0.187048   ,  0.887548   ,  9.99867    ,  0.678195   ,  0.233462   ])
480     , -4696.97    , array([ 0.126295   ,  0.119315   ,  0.564693   ,  0.318591   ,  1.08378    ,  0.187048   ,  0.887548   ,  9.99867    ,  0.678195   ,  0.233695   ])
500     , -4697.24    , array([ 0.126295   ,  0.119315   ,  0.564693   ,  0.318591   ,  1.08378    ,  0.187235   ,  0.887548   ,  9.99867    ,  0.678195   ,  0.233462   ])
520     , -4696.96    , array([ 0.126295   ,  0.119434   ,  0.564693   ,  0.318591   ,  1.08378    ,  0.187048   ,  0.887548   ,  9.99867    ,  0.678195   ,  0.233462   ])
540     , -4696.97    , array([ 0.126295   ,  0.119315   ,  0.564693   ,  0.318591   ,  1.08378    ,  0.187048   ,  0.887548   ,  9.99867    ,  0.678195   ,  0.233695   ])
560     , -4697.24    , array([ 0.126295   ,  0.119315   ,  0.564693   ,  0.318591   ,  1.08378    ,  0.187235   ,  0.887548   ,  9.99867    ,  0.678195   ,  0.233462   ])
580     , -4696.96    , array([ 0.126295   ,  0.119434   ,  0.564693   ,  0.318591   ,  1.08378    ,  0.187048   ,  0.887548   ,  9.99867    ,  0.678195   ,  0.233462   ])
600     , -4696.97    , array([ 0.126295   ,  0.119315   ,  0.564693   ,  0.318591   ,  1.08378    ,  0.187048   ,  0.887548   ,  9.99867    ,  0.678195   ,  0.233695   ])
620     , -4697.24    , array([ 0.126295   ,  0.119315   ,  0.564693   ,  0.318591   ,  1.08378    ,  0.187235   ,  0.887548   ,  9.99867    ,  0.678195   ,  0.233462   ])
640     , -4696.96    , array([ 0.126295   ,  0.119434   ,  0.564693   ,  0.318591   ,  1.08378    ,  0.187048   ,  0.887548   ,  9.99867    ,  0.678195   ,  0.233462   ])
660     , -4696.97    , array([ 0.126295   ,  0.119315   ,  0.564693   ,  0.318591   ,  1.08378    ,  0.187048   ,  0.887548   ,  9.99867    ,  0.678195   ,  0.233695   ])
680     , -4719.41    , array([ 0.126157   ,  0.120474   ,  0.573801   ,  0.329774   ,  1.09566    ,  0.192144   ,  0.879765   ,  9.9039     ,  0.682494   ,  0.232429   ])
700     , -4701.37    , array([ 0.126267   ,  0.119522   ,  0.566499   ,  0.320792   ,  1.08614    ,  0.188054   ,  0.885989   ,  9.97969    ,  0.67973    ,  0.233255   ])
Finshed optimization **************************************************
Unfolded optimal parms:

[ 0.12571759  0.12373897  0.60396078  0.36828639  1.13457077  0.20941192
  0.85530275  9.60648439  0.69644151  0.2291548 ]

theta:

626.560202745


Beginning optimization folded************************************************
720     , -8721.75    , array([ 0.105941   ,  0.110387   ,  1.52115    ,  1.44907    ,  2.05872    ,  0.858055   ,  0.346196   ,  0.115253   ,  0.315238   ,  0.181122   ])
740     , -7241.37    , array([ 0.102253   ,  0.128385   ,  0.966756   ,  1.74892    ,  1.44106    ,  0.784821   ,  0.465495   ,  0.221617   ,  0.435975   ,  0.179965   ])
780     , -4635.95    , array([ 0.113081   ,  0.118013   ,  0.684366   ,  0.714089   ,  1.42793    ,  0.680146   ,  0.962007   ,  2.81448    ,  0.490511   ,  0.200113   ])
820     , -4636.11    , array([ 0.112968   ,  0.118012   ,  0.684349   ,  0.714081   ,  1.42937    ,  0.680143   ,  0.962007   ,  2.81453    ,  0.490505   ,  0.200113   ])
840     , -3424.48    , array([ 0.0927397  ,  0.0409127  ,  0.0540729  ,  0.209828   ,  1.94893    ,  0.31979    ,  4.33171    ,  9.80595    ,  0.111869   ,  0.32123    ])
920     , -3424.45    , array([ 0.0926469  ,  0.0409126  ,  0.0540728  ,  0.209829   ,  1.94893    ,  0.319789   ,  4.33174    ,  9.80598    ,  0.11198    ,  0.321231   ])
940     , -3424.48    , array([ 0.0926469  ,  0.0409126  ,  0.0540728  ,  0.209829   ,  1.95088    ,  0.319789   ,  4.33174    ,  9.80598    ,  0.111868   ,  0.321231   ])
960     , -3424.47    , array([ 0.0927396  ,  0.0409126  ,  0.0540728  ,  0.209829   ,  1.94893    ,  0.319789   ,  4.33174    ,  9.80598    ,  0.111868   ,  0.321231   ])
1040    , -3424.45    , array([ 0.0926469  ,  0.0409126  ,  0.0540728  ,  0.209829   ,  1.94893    ,  0.319789   ,  4.33174    ,  9.80598    ,  0.11198    ,  0.321231   ])
1060    , -3411.11    , array([ 0.0922742  ,  0.0404467  ,  0.0536364  ,  0.213177   ,  1.97335    ,  0.316766   ,  4.42449    ,  9.93394    ,  0.109209   ,  0.323277   ])
1080    , -3411.1     , array([ 0.0923665  ,  0.0404467  ,  0.0536364  ,  0.213177   ,  1.97137    ,  0.316766   ,  4.42449    ,  9.93394    ,  0.109209   ,  0.323277   ])
1100    , -3405.43    , array([ 0.0921124  ,  0.0402455  ,  0.0534474  ,  0.214652   ,  1.98123    ,  0.315459   ,  4.46551    ,  9.9902     ,  0.108179   ,  0.324173   ])
1120    , -3407.33    , array([ 0.0921663  ,  0.0403125  ,  0.0535103  ,  0.214159   ,  1.97992    ,  0.315894   ,  4.4518     ,  9.97141    ,  0.108449   ,  0.323874   ])
1140    , -3405.66    , array([ 0.0922105  ,  0.0402529  ,  0.0534544  ,  0.214597   ,  1.98086    ,  0.315507   ,  4.46399    ,  9.98811    ,  0.108113   ,  0.32414    ])
1160    , -3405.49    , array([ 0.0921144  ,  0.040248   ,  0.0534497  ,  0.214634   ,  1.98111    ,  0.315475   ,  4.465      ,  9.9895     ,  0.108193   ,  0.324162   ])
1180    , -3405.46    , array([ 0.0921126  ,  0.0402458  ,  0.0534477  ,  0.21465    ,  1.9832     ,  0.31546    ,  4.46546    ,  9.99012    ,  0.108072   ,  0.324172   ])
1200    , -3405.45    , array([ 0.0922045  ,  0.0402455  ,  0.0534474  ,  0.214652   ,  1.98123    ,  0.315459   ,  4.46551    ,  9.99019    ,  0.108071   ,  0.324173   ])
1220    , -3405.43    , array([ 0.0921124  ,  0.0402455  ,  0.0534474  ,  0.214652   ,  1.98123    ,  0.315459   ,  4.46551    ,  9.9902     ,  0.108179   ,  0.324173   ])
1240    , -3405.46    , array([ 0.0921124  ,  0.0402455  ,  0.0534474  ,  0.214652   ,  1.98321    ,  0.315459   ,  4.46551    ,  9.9902     ,  0.108071   ,  0.324173   ])
1260    , -3405.45    , array([ 0.0922045  ,  0.0402455  ,  0.0534474  ,  0.214652   ,  1.98123    ,  0.315459   ,  4.46551    ,  9.9902     ,  0.108071   ,  0.324173   ])
1280    , -3405.43    , array([ 0.0921124  ,  0.0402455  ,  0.0534474  ,  0.214652   ,  1.98123    ,  0.315459   ,  4.46551    ,  9.9902     ,  0.108179   ,  0.324173   ])
1300    , -3405.46    , array([ 0.0921124  ,  0.0402455  ,  0.0534474  ,  0.214652   ,  1.98321    ,  0.315459   ,  4.46551    ,  9.9902     ,  0.108071   ,  0.324173   ])
1320    , -3405.45    , array([ 0.0922045  ,  0.0402455  ,  0.0534474  ,  0.214652   ,  1.98123    ,  0.315459   ,  4.46551    ,  9.9902     ,  0.108071   ,  0.324173   ])
1340    , -3405.43    , array([ 0.0921124  ,  0.0402455  ,  0.0534474  ,  0.214652   ,  1.98123    ,  0.315459   ,  4.46551    ,  9.9902     ,  0.108179   ,  0.324173   ])
1360    , -3405.46    , array([ 0.0921124  ,  0.0402455  ,  0.0534474  ,  0.214652   ,  1.98321    ,  0.315459   ,  4.46551    ,  9.9902     ,  0.108071   ,  0.324173   ])
1380    , -3405.45    , array([ 0.0922045  ,  0.0402455  ,  0.0534474  ,  0.214652   ,  1.98123    ,  0.315459   ,  4.46551    ,  9.9902     ,  0.108071   ,  0.324173   ])
1400    , -3405.43    , array([ 0.0921124  ,  0.0402455  ,  0.0534474  ,  0.214652   ,  1.98123    ,  0.315459   ,  4.46551    ,  9.9902     ,  0.108179   ,  0.324173   ])
1420    , -3405.46    , array([ 0.0921124  ,  0.0402455  ,  0.0534474  ,  0.214652   ,  1.98321    ,  0.315459   ,  4.46551    ,  9.9902     ,  0.108071   ,  0.324173   ])
1460    , -3408.34    , array([ 0.092196   ,  0.0403898  ,  0.0535451  ,  0.213888   ,  1.97613    ,  0.316134   ,  4.44425    ,  9.96107    ,  0.108658   ,  0.323709   ])
1480    , -3405.69    , array([ 0.0921211  ,  0.0402563  ,  0.0534576  ,  0.214572   ,  1.9807     ,  0.315529   ,  4.46329    ,  9.98716    ,  0.108132   ,  0.324449   ])
Beginning optimization folded************************************************
Folded optimal parms:

[ 0.09264697  0.04091269  0.05407293  0.20982781  1.9489282   0.31979017
  4.33171293  9.80594836  0.11186899  0.32123047]

theta:

887.500273696


