Beginning optimization ************************************************
20      , -8663.23    , array([ 0.156027   ,  0.15796    ,  1.58008    ,  1.2213     ,  2.19244    ,  1.03682    ,  0.226429   ,  0.318044   ,  0.160097   ,  0.100413   ])
60      , -5606.21    , array([ 0.165593   ,  0.221639   ,  1.97539    ,  0.595636   ,  0.891652   ,  0.237616   ,  0.338218   ,  4.9884     ,  0.192428   ,  0.126909   ])
80      , -4625.19    , array([ 0.153582   ,  0.234576   ,  1.70409    ,  0.0969174  ,  0.0813606  ,  0.0255206  ,  0.350483   ,  9.58954    ,  0.143307   ,  0.153884   ])
100     , -4626.05    , array([ 0.153581   ,  0.234811   ,  1.70409    ,  0.0969165  ,  0.0813602  ,  0.0254951  ,  0.350482   ,  9.58958    ,  0.143307   ,  0.153884   ])
120     , -4626.01    , array([ 0.15358    ,  0.234576   ,  1.70408    ,  0.0969156  ,  0.0813599  ,  0.0254951  ,  0.350481   ,  9.58962    ,  0.143306   ,  0.154038   ])
140     , -4625.18    , array([ 0.153579   ,  0.234576   ,  1.70408    ,  0.0969154  ,  0.0813598  ,  0.0255206  ,  0.350481   ,  9.58962    ,  0.143306   ,  0.153884   ])
180     , -4626       , array([ 0.153579   ,  0.234576   ,  1.70408    ,  0.0969151  ,  0.0813597  ,  0.0254951  ,  0.350481   ,  9.58964    ,  0.143306   ,  0.154038   ])
220     , -4626.04    , array([ 0.153579   ,  0.23481    ,  1.70407    ,  0.096915   ,  0.0813596  ,  0.0254951  ,  0.350481   ,  9.58964    ,  0.143306   ,  0.153884   ])
260     , -4625.17    , array([ 0.153579   ,  0.234576   ,  1.70407    ,  0.096915   ,  0.0813596  ,  0.0255206  ,  0.350481   ,  9.58964    ,  0.143306   ,  0.153884   ])
300     , -4565.82    , array([ 0.14463    ,  0.232728   ,  1.64307    ,  0.0887709  ,  0.078088   ,  0.0255726  ,  0.343867   ,  9.93634    ,  0.140689   ,  0.154905   ])
340     , -4565.85    , array([ 0.14463    ,  0.232961   ,  1.64307    ,  0.0887709  ,  0.078088   ,  0.0255726  ,  0.343867   ,  9.93634    ,  0.140689   ,  0.15475    ])
360     , -4556.12    , array([ 0.143204   ,  0.232425   ,  1.63322    ,  0.0874945  ,  0.077561   ,  0.0255854  ,  0.342787   ,  9.99474    ,  0.140261   ,  0.155048   ])
380     , -4558.54    , array([ 0.143678   ,  0.232526   ,  1.6365     ,  0.0879179  ,  0.0777363  ,  0.0256067  ,  0.343147   ,  9.97523    ,  0.140404   ,  0.154845   ])
400     , -4556.5     , array([ 0.143257   ,  0.232669   ,  1.63358    ,  0.0875415  ,  0.0775805  ,  0.0255849  ,  0.342827   ,  9.99257    ,  0.140277   ,  0.154888   ])
420     , -4556.2     , array([ 0.143215   ,  0.232427   ,  1.63329    ,  0.0875044  ,  0.0775651  ,  0.0255853  ,  0.342796   ,  9.99428    ,  0.140265   ,  0.155047   ])
440     , -4555.33    , array([ 0.143204   ,  0.232425   ,  1.63322    ,  0.087495   ,  0.0775612  ,  0.025611   ,  0.342788   ,  9.99472    ,  0.140261   ,  0.154893   ])
460     , -4556.15    , array([ 0.143204   ,  0.232658   ,  1.63322    ,  0.0874945  ,  0.077561   ,  0.0255854  ,  0.342787   ,  9.99474    ,  0.140261   ,  0.154893   ])
480     , -4556.12    , array([ 0.143204   ,  0.232425   ,  1.63322    ,  0.0874945  ,  0.077561   ,  0.0255854  ,  0.342787   ,  9.99474    ,  0.140261   ,  0.155048   ])
500     , -4555.33    , array([ 0.143204   ,  0.232425   ,  1.63322    ,  0.0874945  ,  0.077561   ,  0.025611   ,  0.342787   ,  9.99474    ,  0.140261   ,  0.154893   ])
520     , -4556.15    , array([ 0.143204   ,  0.232658   ,  1.63322    ,  0.0874945  ,  0.077561   ,  0.0255854  ,  0.342787   ,  9.99474    ,  0.140261   ,  0.154893   ])
540     , -4556.12    , array([ 0.143204   ,  0.232425   ,  1.63322    ,  0.0874945  ,  0.077561   ,  0.0255854  ,  0.342787   ,  9.99474    ,  0.140261   ,  0.155048   ])
560     , -4555.33    , array([ 0.143204   ,  0.232425   ,  1.63322    ,  0.0874945  ,  0.077561   ,  0.025611   ,  0.342787   ,  9.99474    ,  0.140261   ,  0.154893   ])
580     , -4556.15    , array([ 0.143204   ,  0.232658   ,  1.63322    ,  0.0874945  ,  0.077561   ,  0.0255854  ,  0.342787   ,  9.99474    ,  0.140261   ,  0.154893   ])
600     , -4556.12    , array([ 0.143204   ,  0.232425   ,  1.63322    ,  0.0874945  ,  0.077561   ,  0.0255854  ,  0.342787   ,  9.99474    ,  0.140261   ,  0.155048   ])
620     , -4555.33    , array([ 0.143204   ,  0.232425   ,  1.63322    ,  0.0874945  ,  0.077561   ,  0.025611   ,  0.342787   ,  9.99474    ,  0.140261   ,  0.154893   ])
640     , -4556.15    , array([ 0.143204   ,  0.232658   ,  1.63322    ,  0.0874945  ,  0.077561   ,  0.0255854  ,  0.342787   ,  9.99474    ,  0.140261   ,  0.154893   ])
660     , -4556.12    , array([ 0.143204   ,  0.232425   ,  1.63322    ,  0.0874945  ,  0.077561   ,  0.0255854  ,  0.342787   ,  9.99474    ,  0.140261   ,  0.155048   ])
680     , -4558.48    , array([ 0.143551   ,  0.232499   ,  1.63562    ,  0.0878043  ,  0.0776893  ,  0.0255823  ,  0.34305    ,  9.98045    ,  0.140365   ,  0.154858   ])
700     , -4555.85    , array([ 0.143282   ,  0.232442   ,  1.63375    ,  0.0875638  ,  0.0775897  ,  0.0256103  ,  0.342846   ,  9.99154    ,  0.140285   ,  0.154885   ])
Finshed optimization **************************************************
Unfolded optimal parms:

[ 0.15358156  0.23457614  1.70409188  0.09691743  0.08136058  0.02549509
  0.35048269  9.58954349  0.14330681  0.15388407]

theta:

856.861731224


Beginning optimization folded************************************************
720     , -7981.22    , array([ 0.159819   ,  0.15772    ,  1.73443    ,  1.2564     ,  2.38953    ,  1.10538    ,  0.222402   ,  0.372192   ,  0.159735   ,  0.102302   ])
740     , -5563.51    , array([ 0.153236   ,  0.169757   ,  1.11728    ,  0.427311   ,  2.26166    ,  0.594182   ,  0.385604   ,  6.44282    ,  0.139883   ,  0.123599   ])
760     , -5564.15    , array([ 0.153236   ,  0.169756   ,  1.11726    ,  0.427297   ,  2.2639     ,  0.594168   ,  0.385615   ,  6.44288    ,  0.139742   ,  0.123599   ])
800     , -5563.42    , array([ 0.153236   ,  0.169756   ,  1.11723    ,  0.427283   ,  2.26161    ,  0.594153   ,  0.385626   ,  6.44295    ,  0.139881   ,  0.1236     ])
820     , -4595.99    , array([ 0.143408   ,  0.156961   ,  0.538645   ,  0.162909   ,  1.62046    ,  0.288797   ,  0.88365    ,  8.79202    ,  0.118258   ,  0.150628   ])
840     , -4595.69    , array([ 0.143551   ,  0.156961   ,  0.538642   ,  0.162908   ,  1.61884    ,  0.288795   ,  0.883654   ,  8.79203    ,  0.118258   ,  0.150628   ])
860     , -4595.59    , array([ 0.143408   ,  0.156961   ,  0.53864    ,  0.162908   ,  1.61885    ,  0.288792   ,  0.883658   ,  8.79205    ,  0.118376   ,  0.150628   ])
880     , -4595.97    , array([ 0.143408   ,  0.156961   ,  0.538639   ,  0.162908   ,  1.62047    ,  0.288792   ,  0.88366    ,  8.79205    ,  0.118257   ,  0.150628   ])
920     , -4595.59    , array([ 0.143408   ,  0.156961   ,  0.538638   ,  0.162908   ,  1.61885    ,  0.288791   ,  0.883661   ,  8.79205    ,  0.118375   ,  0.150628   ])
940     , -4347.63    , array([ 0.142261   ,  0.156756   ,  0.448261   ,  0.153878   ,  1.77632    ,  0.209674   ,  1.07061    ,  9.38272    ,  0.107177   ,  0.155194   ])
960     , -4182.78    , array([ 0.14165    ,  0.156621   ,  0.397086   ,  0.148194   ,  1.88541    ,  0.169738   ,  1.21518    ,  9.79414    ,  0.10044    ,  0.158283   ])
980     , -4127.47    , array([ 0.141254   ,  0.156575   ,  0.381053   ,  0.14631    ,  1.92466    ,  0.157971   ,  1.26865    ,  9.93809    ,  0.098345   ,  0.159347   ])
1000    , -4109       , array([ 0.141167   ,  0.15656    ,  0.37575    ,  0.145675   ,  1.94014    ,  0.154159   ,  1.28736    ,  9.98752    ,  0.0975121  ,  0.159711   ])
1020    , -4108.87    , array([ 0.141308   ,  0.15656    ,  0.37575    ,  0.145675   ,  1.9382     ,  0.154159   ,  1.28736    ,  9.98752    ,  0.0975121  ,  0.159711   ])
1040    , -4108.83    , array([ 0.141167   ,  0.15656    ,  0.37575    ,  0.145675   ,  1.9382     ,  0.154159   ,  1.28736    ,  9.98752    ,  0.0976096  ,  0.159711   ])
1060    , -4109       , array([ 0.141167   ,  0.15656    ,  0.37575    ,  0.145675   ,  1.94014    ,  0.154159   ,  1.28736    ,  9.98752    ,  0.0975121  ,  0.159711   ])
1080    , -4105.93    , array([ 0.141295   ,  0.156557   ,  0.374919   ,  0.145575   ,  1.94034    ,  0.153566   ,  1.29035    ,  9.99535    ,  0.0973965  ,  0.159768   ])
1100    , -4105.71    , array([ 0.141153   ,  0.156557   ,  0.37487    ,  0.145569   ,  1.94047    ,  0.15353    ,  1.29052    ,  9.99582    ,  0.097487   ,  0.159772   ])
1120    , -4105.85    , array([ 0.141152   ,  0.156557   ,  0.374857   ,  0.145567   ,  1.94245    ,  0.153521   ,  1.29057    ,  9.99594    ,  0.0973878  ,  0.159773   ])
1140    , -4105.71    , array([ 0.141294   ,  0.156557   ,  0.374856   ,  0.145567   ,  1.94051    ,  0.153521   ,  1.29057    ,  9.99594    ,  0.0973877  ,  0.159773   ])
1160    , -4105.67    , array([ 0.141152   ,  0.156557   ,  0.374856   ,  0.145567   ,  1.94051    ,  0.153521   ,  1.29057    ,  9.99594    ,  0.0974852  ,  0.159773   ])
1180    , -4105.84    , array([ 0.141152   ,  0.156557   ,  0.374856   ,  0.145567   ,  1.94245    ,  0.153521   ,  1.29057    ,  9.99594    ,  0.0973877  ,  0.159773   ])
1200    , -4105.71    , array([ 0.141294   ,  0.156557   ,  0.374856   ,  0.145567   ,  1.94051    ,  0.153521   ,  1.29057    ,  9.99594    ,  0.0973877  ,  0.159773   ])
1220    , -4105.67    , array([ 0.141152   ,  0.156557   ,  0.374856   ,  0.145567   ,  1.94051    ,  0.153521   ,  1.29057    ,  9.99594    ,  0.0974852  ,  0.159773   ])
1240    , -4105.84    , array([ 0.141152   ,  0.156557   ,  0.374856   ,  0.145567   ,  1.94245    ,  0.153521   ,  1.29057    ,  9.99594    ,  0.0973877  ,  0.159773   ])
1260    , -4105.71    , array([ 0.141294   ,  0.156557   ,  0.374856   ,  0.145567   ,  1.94051    ,  0.153521   ,  1.29057    ,  9.99594    ,  0.0973877  ,  0.159773   ])
1280    , -4105.67    , array([ 0.141152   ,  0.156557   ,  0.374856   ,  0.145567   ,  1.94051    ,  0.153521   ,  1.29057    ,  9.99594    ,  0.0974852  ,  0.159773   ])
1300    , -4105.84    , array([ 0.141152   ,  0.156557   ,  0.374856   ,  0.145567   ,  1.94245    ,  0.153521   ,  1.29057    ,  9.99594    ,  0.0973877  ,  0.159773   ])
1340    , -4222.76    , array([ 0.141691   ,  0.156654   ,  0.408933   ,  0.149553   ,  1.8579     ,  0.178841   ,  1.17842    ,  9.69274    ,  0.102034   ,  0.157528   ])
1360    , -4129.69    , array([ 0.141264   ,  0.156734   ,  0.381715   ,  0.146389   ,  1.923      ,  0.15845    ,  1.26635    ,  9.93199    ,  0.0983381  ,  0.159302   ])
1380    , -4114.5     , array([ 0.141193   ,  0.156565   ,  0.377358   ,  0.145868   ,  1.93406    ,  0.155311   ,  1.28163    ,  9.97244    ,  0.0977353  ,  0.15976    ])
Beginning optimization folded************************************************
Folded optimal parms:

[ 0.14340797  0.15696083  0.53864485  0.16290874  1.61884101  0.28879724
  0.88364958  8.79201566  0.11825792  0.15062779]

theta:

628.878558592


