Beginning optimization ************************************************
20      , -8017.59    , array([ 0.12427    ,  0.0957834  ,  1.72487    ,  1.83276    ,  0.795811   ,  1.11347    ,  0.151243   ,  0.326135   ,  0.15583    ,  0.146813   ])
60      , -6192.41    , array([ 0.135858   ,  0.122996   ,  1.18309    ,  0.90212    ,  0.389762   ,  1.85453    ,  0.375701   ,  4.28801    ,  0.165048   ,  0.222616   ])
80      , -4712.01    , array([ 0.131804   ,  0.132795   ,  0.331724   ,  0.168008   ,  0.332419   ,  1.60835    ,  1.16664    ,  9.54323    ,  0.150285   ,  0.396225   ])
100     , -4711.85    , array([ 0.131804   ,  0.132928   ,  0.331719   ,  0.168007   ,  0.33242    ,  1.60675    ,  1.16666    ,  9.54327    ,  0.150284   ,  0.396228   ])
120     , -4711.71    , array([ 0.131805   ,  0.132795   ,  0.331717   ,  0.168007   ,  0.33242    ,  1.60675    ,  1.16666    ,  9.54329    ,  0.150284   ,  0.396625   ])
140     , -4711.99    , array([ 0.131805   ,  0.132795   ,  0.331715   ,  0.168007   ,  0.33242    ,  1.60836    ,  1.16667    ,  9.5433     ,  0.150284   ,  0.396229   ])
180     , -4711.7     , array([ 0.131805   ,  0.132795   ,  0.331714   ,  0.168007   ,  0.332421   ,  1.60676    ,  1.16667    ,  9.54332    ,  0.150284   ,  0.396626   ])
220     , -4711.84    , array([ 0.131805   ,  0.132928   ,  0.331713   ,  0.168006   ,  0.332421   ,  1.60676    ,  1.16667    ,  9.54332    ,  0.150284   ,  0.39623    ])
260     , -4711.98    , array([ 0.131805   ,  0.132795   ,  0.331713   ,  0.168006   ,  0.332421   ,  1.60836    ,  1.16667    ,  9.54332    ,  0.150284   ,  0.39623    ])
300     , -4618.72    , array([ 0.131863   ,  0.132992   ,  0.300164   ,  0.162546   ,  0.338664   ,  1.65957    ,  1.2779     ,  9.8473     ,  0.149441   ,  0.413818   ])
320     , -4588.65    , array([ 0.131882   ,  0.133057   ,  0.290426   ,  0.160783   ,  0.34075    ,  1.67906    ,  1.31688    ,  9.94972    ,  0.149163   ,  0.419233   ])
340     , -4588.55    , array([ 0.131882   ,  0.13319    ,  0.290426   ,  0.160783   ,  0.34075    ,  1.67738    ,  1.31688    ,  9.94972    ,  0.149163   ,  0.419233   ])
360     , -4588.42    , array([ 0.131882   ,  0.133057   ,  0.290426   ,  0.160783   ,  0.34075    ,  1.67738    ,  1.31688    ,  9.94972    ,  0.149163   ,  0.419653   ])
400     , -4578.61    , array([ 0.131888   ,  0.133212   ,  0.287282   ,  0.160205   ,  0.341441   ,  1.6833     ,  1.33       ,  9.98376    ,  0.149072   ,  0.421175   ])
420     , -4575.2     , array([ 0.13189    ,  0.133086   ,  0.286252   ,  0.160015   ,  0.341669   ,  1.68525    ,  1.33436    ,  9.99501    ,  0.149042   ,  0.422239   ])
440     , -4576.51    , array([ 0.13189    ,  0.133083   ,  0.286595   ,  0.160078   ,  0.341593   ,  1.68629    ,  1.33291    ,  9.99126    ,  0.149052   ,  0.421603   ])
460     , -4575.38    , array([ 0.13189    ,  0.133219   ,  0.286268   ,  0.160018   ,  0.341666   ,  1.68523    ,  1.3343     ,  9.99484    ,  0.149042   ,  0.421808   ])
480     , -4575.2     , array([ 0.13189    ,  0.133086   ,  0.286256   ,  0.160016   ,  0.341669   ,  1.68525    ,  1.33435    ,  9.99498    ,  0.149042   ,  0.422237   ])
500     , -4575.42    , array([ 0.13189    ,  0.133086   ,  0.286252   ,  0.160015   ,  0.341669   ,  1.68694    ,  1.33436    ,  9.99501    ,  0.149042   ,  0.421817   ])
520     , -4575.33    , array([ 0.13189    ,  0.133219   ,  0.286252   ,  0.160015   ,  0.341669   ,  1.68525    ,  1.33436    ,  9.99501    ,  0.149042   ,  0.421817   ])
540     , -4575.2     , array([ 0.13189    ,  0.133086   ,  0.286252   ,  0.160015   ,  0.341669   ,  1.68525    ,  1.33436    ,  9.99501    ,  0.149042   ,  0.422239   ])
560     , -4575.42    , array([ 0.13189    ,  0.133086   ,  0.286252   ,  0.160015   ,  0.341669   ,  1.68694    ,  1.33436    ,  9.99501    ,  0.149042   ,  0.421817   ])
580     , -4575.33    , array([ 0.13189    ,  0.133219   ,  0.286252   ,  0.160015   ,  0.341669   ,  1.68525    ,  1.33436    ,  9.99501    ,  0.149042   ,  0.421817   ])
600     , -4575.2     , array([ 0.13189    ,  0.133086   ,  0.286252   ,  0.160015   ,  0.341669   ,  1.68525    ,  1.33436    ,  9.99501    ,  0.149042   ,  0.422239   ])
620     , -4575.42    , array([ 0.13189    ,  0.133086   ,  0.286252   ,  0.160015   ,  0.341669   ,  1.68694    ,  1.33436    ,  9.99501    ,  0.149042   ,  0.421817   ])
640     , -4575.33    , array([ 0.13189    ,  0.133219   ,  0.286252   ,  0.160015   ,  0.341669   ,  1.68525    ,  1.33436    ,  9.99501    ,  0.149042   ,  0.421817   ])
660     , -4575.2     , array([ 0.13189    ,  0.133086   ,  0.286252   ,  0.160015   ,  0.341669   ,  1.68525    ,  1.33436    ,  9.99501    ,  0.149042   ,  0.422239   ])
680     , -4618.93    , array([ 0.131995   ,  0.132992   ,  0.300173   ,  0.162547   ,  0.338662   ,  1.65956    ,  1.27786    ,  9.84721    ,  0.149441   ,  0.413399   ])
700     , -4595.72    , array([ 0.131877   ,  0.133041   ,  0.292766   ,  0.16121    ,  0.340241   ,  1.67303    ,  1.30729    ,  9.93463    ,  0.149231   ,  0.417807   ])
720     , -4578.42    , array([ 0.131888   ,  0.133078   ,  0.287331   ,  0.160375   ,  0.34143    ,  1.6832     ,  1.3298     ,  9.98322    ,  0.149073   ,  0.421144   ])
Finshed optimization **************************************************
Unfolded optimal parms:

[ 0.13180449  0.13279528  0.33172387  0.16800821  0.3324189   1.60673957
  1.16663821  9.54322512  0.15028457  0.39622493]

theta:

701.036719688


Beginning optimization folded************************************************
740     , -9217.6     , array([ 0.132145   ,  0.0905655  ,  2.57214    ,  1.47524    ,  1.16587    ,  1.78846    ,  0.123299   ,  0.177353   ,  0.135004   ,  0.140875   ])
760     , -7553.63    , array([ 0.125722   ,  0.0957773  ,  1.74562    ,  1.84171    ,  0.910206   ,  1.37132    ,  0.157024   ,  0.384887   ,  0.15552    ,  0.151058   ])
780     , -8222.04    , array([ 0.0877778  ,  0.028698   ,  0.00710057 ,  0.0156725  ,  0.267938   ,  0.0598915  ,  7.80957    ,  3.24711    ,  0.00630675 ,  2.86886    ])
800     , -3699.66    , array([ 0.128536   ,  0.0418037  ,  0.135605   ,  0.239326   ,  0.709529   ,  0.387898   ,  3.10523    ,  4.77569    ,  0.00541129 ,  2.10173    ])
840     , -3700.1     , array([ 0.128536   ,  0.0418035  ,  0.135739   ,  0.239327   ,  0.709534   ,  0.387899   ,  3.10525    ,  4.77572    ,  0.00541114 ,  2.10176    ])
880     , -3005.31    , array([ 0.137384   ,  0.0292142  ,  0.0383926  ,  0.295506   ,  1.18601    ,  0.455323   ,  5.25264    ,  7.05424    ,  0.000740631,  7.18737    ])
920     , -3005.32    , array([ 0.137383   ,  0.0292141  ,  0.0383925  ,  0.295506   ,  1.18601    ,  0.455322   ,  5.24736    ,  7.05426    ,  0.000740633,  7.1876     ])
