Beginning optimization ************************************************
20      , -8862.32    , array([ 0.058869   ,  0.190269   ,  2.30944    ,  0.990714   ,  2.04427    ,  0.972266   ,  0.234042   ,  0.315441   ,  0.120938   ,  0.191975   ])
60      , -5547.17    , array([ 0.0629629  ,  0.206794   ,  1.92096    ,  0.297324   ,  0.774674   ,  0.199864   ,  0.245643   ,  5.5207     ,  0.113254   ,  0.239693   ])
80      , -6074.48    , array([ 0.132754   ,  0.17789    ,  2.05618    ,  0.0272822  ,  0.0355398  ,  0.0138926  ,  1.74817    ,  4.54326    ,  0.041206   ,  0.423205   ])
120     , -4635.78    , array([ 0.0862963  ,  0.194047   ,  1.97699    ,  0.108354   ,  0.210622   ,  0.0647441  ,  0.562958   ,  5.0843     ,  0.0738737  ,  0.304914   ])
140     , -4423.15    , array([ 0.056707   ,  0.233983   ,  2.48559    ,  0.101924   ,  0.126253   ,  0.0537355  ,  0.46906    ,  4.94309    ,  0.0414983  ,  0.335425   ])
160     , -4120.45    , array([ 0.014756   ,  0.338081   ,  6.43941    ,  0.0996786  ,  0.0540784  ,  0.0712013  ,  0.89397    ,  7.35629    ,  0.00629829 ,  0.486708   ])
200     , -4120.87    , array([ 0.014756   ,  0.337742   ,  6.4394     ,  0.0996786  ,  0.0540784  ,  0.0712725  ,  0.89397    ,  7.35629    ,  0.00629827 ,  0.486708   ])
240     , -3965.98    , array([ 0.0174944  ,  0.13961    ,  3.91678    ,  0.121369   ,  0.0609433  ,  0.0683895  ,  0.922792   ,  9.70017    ,  0.000908698,  0.408492   ])
260     , -3966.27    , array([ 0.0174944  ,  0.13961    ,  3.91678    ,  0.121369   ,  0.0609433  ,  0.068458   ,  0.922792   ,  9.70017    ,  0.000908697,  0.408084   ])
300     , -3945.68    , array([ 0.0192826  ,  0.160006   ,  3.41287    ,  0.117307   ,  0.0651448  ,  0.0696171  ,  0.935653   ,  9.98644    ,  0.000677879,  0.401906   ])
340     , -3945.57    , array([ 0.0192826  ,  0.160166   ,  3.41287    ,  0.117307   ,  0.0651448  ,  0.0696171  ,  0.935653   ,  9.98644    ,  0.000677879,  0.401504   ])
380     , -3945.98    , array([ 0.0192826  ,  0.160006   ,  3.41287    ,  0.117307   ,  0.0651448  ,  0.0696867  ,  0.935653   ,  9.98644    ,  0.000677879,  0.401504   ])
400     , -3945.57    , array([ 0.0192826  ,  0.160166   ,  3.41287    ,  0.117307   ,  0.0651448  ,  0.0696171  ,  0.935653   ,  9.98644    ,  0.000677879,  0.401504   ])
420     , -3945.68    , array([ 0.0192826  ,  0.160006   ,  3.41287    ,  0.117307   ,  0.0651448  ,  0.0696171  ,  0.935653   ,  9.98644    ,  0.000677879,  0.401906   ])
440     , -3945.98    , array([ 0.0192826  ,  0.160006   ,  3.41287    ,  0.117307   ,  0.0651448  ,  0.0696867  ,  0.935653   ,  9.98644    ,  0.000677879,  0.401504   ])
480     , -3945.68    , array([ 0.0192826  ,  0.160006   ,  3.41287    ,  0.117307   ,  0.0651448  ,  0.0696171  ,  0.935653   ,  9.98644    ,  0.000677879,  0.401906   ])
500     , -3945.33    , array([ 0.0192869  ,  0.159933   ,  3.40764    ,  0.117282   ,  0.0651335  ,  0.069662   ,  0.935643   ,  9.99488    ,  0.000673215,  0.400794   ])
520     , -3945.14    , array([ 0.0192855  ,  0.160117   ,  3.40939    ,  0.11729    ,  0.0651373  ,  0.0696006  ,  0.935646   ,  9.99207    ,  0.000674766,  0.401031   ])
540     , -3945.09    , array([ 0.0192866  ,  0.159938   ,  3.40801    ,  0.117284   ,  0.0651343  ,  0.0695941  ,  0.935644   ,  9.99429    ,  0.000673542,  0.401245   ])
560     , -3945.33    , array([ 0.0192869  ,  0.159933   ,  3.40766    ,  0.117282   ,  0.0651336  ,  0.0696621  ,  0.935643   ,  9.99485    ,  0.000673229,  0.400796   ])
580     , -3944.93    , array([ 0.0192869  ,  0.160093   ,  3.40764    ,  0.117282   ,  0.0651335  ,  0.0695924  ,  0.935643   ,  9.99488    ,  0.000673215,  0.400794   ])
600     , -3945.04    , array([ 0.0192869  ,  0.159933   ,  3.40764    ,  0.117282   ,  0.0651335  ,  0.0695924  ,  0.935643   ,  9.99488    ,  0.000673215,  0.401195   ])
620     , -3945.33    , array([ 0.0192869  ,  0.159933   ,  3.40764    ,  0.117282   ,  0.0651335  ,  0.069662   ,  0.935643   ,  9.99488    ,  0.000673215,  0.400794   ])
640     , -3944.93    , array([ 0.0192869  ,  0.160093   ,  3.40764    ,  0.117282   ,  0.0651335  ,  0.0695924  ,  0.935643   ,  9.99488    ,  0.000673215,  0.400794   ])
660     , -3945.04    , array([ 0.0192869  ,  0.159933   ,  3.40764    ,  0.117282   ,  0.0651335  ,  0.0695924  ,  0.935643   ,  9.99488    ,  0.000673215,  0.401195   ])
680     , -3945.33    , array([ 0.0192869  ,  0.159933   ,  3.40764    ,  0.117282   ,  0.0651335  ,  0.069662   ,  0.935643   ,  9.99488    ,  0.000673215,  0.400794   ])
700     , -3944.93    , array([ 0.0192869  ,  0.160093   ,  3.40764    ,  0.117282   ,  0.0651335  ,  0.0695924  ,  0.935643   ,  9.99488    ,  0.000673215,  0.400794   ])
720     , -3945.04    , array([ 0.0192869  ,  0.159933   ,  3.40764    ,  0.117282   ,  0.0651335  ,  0.0695924  ,  0.935643   ,  9.99488    ,  0.000673215,  0.401195   ])
740     , -3945.33    , array([ 0.0192869  ,  0.159933   ,  3.40764    ,  0.117282   ,  0.0651335  ,  0.069662   ,  0.935643   ,  9.99488    ,  0.000673215,  0.400794   ])
760     , -3944.93    , array([ 0.0192869  ,  0.160093   ,  3.40764    ,  0.117282   ,  0.0651335  ,  0.0695924  ,  0.935643   ,  9.99488    ,  0.000673215,  0.400794   ])
780     , -3945.04    , array([ 0.0192869  ,  0.159933   ,  3.40764    ,  0.117282   ,  0.0651335  ,  0.0695924  ,  0.935643   ,  9.99488    ,  0.000673215,  0.401195   ])
800     , -3945.33    , array([ 0.0192869  ,  0.159933   ,  3.40764    ,  0.117282   ,  0.0651335  ,  0.069662   ,  0.935643   ,  9.99488    ,  0.000673215,  0.400794   ])
820     , -3944.93    , array([ 0.0192869  ,  0.160093   ,  3.40764    ,  0.117282   ,  0.0651335  ,  0.0695924  ,  0.935643   ,  9.99488    ,  0.000673215,  0.400794   ])
840     , -3945.04    , array([ 0.0192869  ,  0.159933   ,  3.40764    ,  0.117282   ,  0.0651335  ,  0.0695924  ,  0.935643   ,  9.99488    ,  0.000673215,  0.401195   ])
860     , -3945.03    , array([ 0.0192869  ,  0.159933   ,  3.40764    ,  0.117282   ,  0.0651335  ,  0.0695924  ,  0.935643   ,  9.99488    ,  0.000673215,  0.400794   ])
Finshed optimization **************************************************
Unfolded optimal parms:

[  1.92825669e-02   1.60006055e-01   3.41287476e+00   1.17306527e-01
   6.51447668e-02   6.96170546e-02   9.35652727e-01   9.98644065e+00
   6.77878865e-04   4.01504332e-01]

theta:

881.891859324


Beginning optimization folded************************************************
880     , -10211.4    , array([ 0.063247   ,  0.169927   ,  3.79855    ,  0.690446   ,  3.54529    ,  1.12985    ,  0.187176   ,  0.193991   ,  0.108817   ,  0.191544   ])
900     , -5315.51    , array([ 0.055875   ,  0.161145   ,  0.952457   ,  0.325841   ,  1.49327    ,  0.663174   ,  0.315872   ,  4.91224    ,  0.104148   ,  0.22466    ])
940     , -5315.92    , array([ 0.0558749  ,  0.16114    ,  0.953339   ,  0.325818   ,  1.49318    ,  0.663122   ,  0.315901   ,  4.91226    ,  0.104146   ,  0.224672   ])
980     , -4608.02    , array([ 0.0530241  ,  0.0680785  ,  0.140691   ,  0.0560942  ,  0.346607   ,  0.0901634  ,  3.28861    ,  5.30098    ,  0.0600647  ,  0.892307   ])
1000    , -4061.86    , array([ 0.0591289  ,  0.0623396  ,  0.109251   ,  0.0583697  ,  0.463606   ,  0.0233296  ,  6.20074    ,  6.89154    ,  0.0343852  ,  1.75532    ])
1020    , -4061.47    , array([ 0.059129   ,  0.0623397  ,  0.109142   ,  0.0583697  ,  0.463607   ,  0.0233296  ,  6.20074    ,  6.89154    ,  0.0343851  ,  1.75532    ])
1040    , -3944.03    , array([ 0.0663899  ,  0.0793522  ,  0.0581671  ,  0.0575807  ,  0.684776   ,  0.0170582  ,  7.12502    ,  6.75176    ,  0.0242007  ,  2.28347    ])
1060    , -3944.33    , array([ 0.0663899  ,  0.0793522  ,  0.0582253  ,  0.0575807  ,  0.684776   ,  0.0170582  ,  7.1179     ,  6.75176    ,  0.0242007  ,  2.28347    ])
1080    , -3836.28    , array([ 0.0717513  ,  0.0923111  ,  0.0471951  ,  0.0573982  ,  0.86219    ,  0.0167936  ,  9.19128    ,  6.92708    ,  0.0199752  ,  2.60661    ])
1120    , -3836.18    , array([ 0.0717509  ,  0.0923126  ,  0.0472424  ,  0.057398   ,  0.862187   ,  0.0167935  ,  9.19128    ,  6.92708    ,  0.019975   ,  2.60662    ])
1140    , -3710.38    , array([ 0.0280478  ,  0.330659   ,  0.0551364  ,  0.0482129  ,  0.524718   ,  0.0238635  ,  8.30083    ,  7.12179    ,  0.00352786 ,  7.68759    ])
1160    , -3611.76    , array([ 0.0110795  ,  0.427443   ,  0.0524649  ,  0.0540866  ,  0.368989   ,  0.0278579  ,  9.43958    ,  6.83641    ,  0.00047121 ,  4.09986    ])
1180    , -3611.97    , array([ 0.0110795  ,  0.427443   ,  0.0525173  ,  0.0540866  ,  0.368989   ,  0.0278579  ,  9.43014    ,  6.83641    ,  0.00047121 ,  4.09986    ])
1220    , -3611.76    , array([ 0.0110795  ,  0.427443   ,  0.0524649  ,  0.0540866  ,  0.368989   ,  0.0278579  ,  9.43958    ,  6.83641    ,  0.00047121 ,  4.09986    ])
1240    , -3563.35    , array([ 0.0123089  ,  0.451577   ,  0.0507559  ,  0.0558641  ,  0.381001   ,  0.0290477  ,  9.82376    ,  6.96137    ,  0.000388401,  4.14045    ])
1260    , -3563.33    , array([ 0.0123089  ,  0.451577   ,  0.0507051  ,  0.0558641  ,  0.381001   ,  0.0290477  ,  9.82376    ,  6.96137    ,  0.000388401,  4.14045    ])
1300    , -3563.35    , array([ 0.0123089  ,  0.451577   ,  0.0507559  ,  0.0558641  ,  0.381001   ,  0.0290477  ,  9.82376    ,  6.96137    ,  0.000388401,  4.14045    ])
1320    , -3546.33    , array([ 0.0127862  ,  0.460634   ,  0.0500835  ,  0.056521   ,  0.38544    ,  0.0294902  ,  9.97008    ,  7.0071     ,  0.000362188,  4.15523    ])
1360    , -3544.84    , array([ 0.0128301  ,  0.46146    ,  0.050078   ,  0.0565806  ,  0.385842   ,  0.0295304  ,  9.98337    ,  7.01124    ,  0.000359915,  4.15656    ])
1380    , -3544.14    , array([ 0.0128497  ,  0.461827   ,  0.0500032  ,  0.0566071  ,  0.386021   ,  0.0295483  ,  9.98929    ,  7.01308    ,  0.000358909,  4.15715    ])
1400    , -3543.93    , array([ 0.0128513  ,  0.461857   ,  0.0500011  ,  0.0566093  ,  0.386036   ,  0.0295498  ,  9.99977    ,  7.01323    ,  0.000358825,  4.1572     ])
1420    , -3544.08    , array([ 0.012852   ,  0.461871   ,  0.0500502  ,  0.0566103  ,  0.386043   ,  0.0295505  ,  9.99       ,  7.0133     ,  0.000358788,  4.15722    ])
1440    , -3544.05    , array([ 0.0128521  ,  0.461873   ,  0.0500001  ,  0.0566104  ,  0.386043   ,  0.0295505  ,  9.99002    ,  7.01331    ,  0.000358784,  4.15723    ])
1480    , -3544.08    , array([ 0.0128521  ,  0.461873   ,  0.0500501  ,  0.0566104  ,  0.386044   ,  0.0295505  ,  9.99003    ,  7.01331    ,  0.000358783,  4.15723    ])
1500    , -3544.05    , array([ 0.0128521  ,  0.461873   ,  0.0500001  ,  0.0566104  ,  0.386044   ,  0.0295505  ,  9.99003    ,  7.01331    ,  0.000358783,  4.15723    ])
1540    , -3544.08    , array([ 0.0128521  ,  0.461873   ,  0.0500501  ,  0.0566104  ,  0.386044   ,  0.0295505  ,  9.99003    ,  7.01331    ,  0.000358783,  4.15723    ])
1560    , -3544.05    , array([ 0.0128521  ,  0.461873   ,  0.0500001  ,  0.0566104  ,  0.386044   ,  0.0295505  ,  9.99003    ,  7.01331    ,  0.000358783,  4.15723    ])
1600    , -3544.08    , array([ 0.0128521  ,  0.461873   ,  0.0500501  ,  0.0566104  ,  0.386044   ,  0.0295505  ,  9.99003    ,  7.01331    ,  0.000358783,  4.15723    ])
1640    , -3551.15    , array([ 0.012637   ,  0.457821   ,  0.0502745  ,  0.0563738  ,  0.384065   ,  0.0293529  ,  9.9247     ,  6.99296    ,  0.000370082,  4.15066    ])
1660    , -3544.25    , array([ 0.0128465  ,  0.461767   ,  0.0500072  ,  0.0566027  ,  0.385992   ,  0.0295454  ,  9.98832    ,  7.01278    ,  0.000359073,  4.15706    ])
Beginning optimization folded************************************************
Folded optimal parms:

[  1.10795146e-02   4.27442775e-01   5.24648574e-02   5.40865905e-02
   3.68988936e-01   2.78579434e-02   9.43014417e+00   6.83640961e+00
   4.71210031e-04   4.09986033e+00]

theta:

1020.02225855


