Beginning optimization ************************************************
20      , -8937.85    , array([ 0.0564968  ,  0.152132   ,  1.8007     ,  1.68936    ,  1.51751    ,  1.0074     ,  0.165244   ,  0.201776   ,  0.126786   ,  0.110251   ])
60      , -6036.25    , array([ 0.0625168  ,  0.168009   ,  1.77155    ,  1.0043     ,  1.262      ,  0.361454   ,  0.287717   ,  2.9152     ,  0.152035   ,  0.145479   ])
80      , -4925.89    , array([ 0.0685448  ,  0.0841949  ,  0.928977   ,  0.0506679  ,  0.254743   ,  0.0441872  ,  0.760621   ,  6.82465    ,  0.0538898  ,  0.223733   ])
100     , -4925.36    , array([ 0.0685451  ,  0.0842792  ,  0.928978   ,  0.0506678  ,  0.254741   ,  0.0441425  ,  0.760616   ,  6.82468    ,  0.0538891  ,  0.223733   ])
140     , -4760.59    , array([ 0.108771   ,  0.0923161  ,  1.03796    ,  0.0385605  ,  0.102878   ,  0.0123272  ,  0.410924   ,  9.88793    ,  0.0129517  ,  0.248663   ])
160     , -4761.18    , array([ 0.108771   ,  0.0924084  ,  1.03796    ,  0.0385605  ,  0.102878   ,  0.0123149  ,  0.410924   ,  9.88793    ,  0.0129517  ,  0.248663   ])
240     , -4761.21    , array([ 0.108771   ,  0.0923161  ,  1.03796    ,  0.0385605  ,  0.102878   ,  0.0123149  ,  0.410924   ,  9.88793    ,  0.0129517  ,  0.248911   ])
260     , -4760.59    , array([ 0.108771   ,  0.0923161  ,  1.03796    ,  0.0385605  ,  0.102878   ,  0.0123272  ,  0.410924   ,  9.88793    ,  0.0129517  ,  0.248663   ])
300     , -4753.73    , array([ 0.108545   ,  0.0922549  ,  1.03245    ,  0.0383213  ,  0.102107   ,  0.0123352  ,  0.406751   ,  9.97632    ,  0.0126883  ,  0.249129   ])
320     , -4751.85    , array([ 0.108507   ,  0.0922445  ,  1.03151    ,  0.0382808  ,  0.101976   ,  0.0123509  ,  0.406046   ,  9.99142    ,  0.0126441  ,  0.248917   ])
340     , -4752.84    , array([ 0.10852    ,  0.0923402  ,  1.03182    ,  0.0382943  ,  0.10202    ,  0.0123375  ,  0.406281   ,  9.98638    ,  0.0126588  ,  0.248904   ])
360     , -4752.6     , array([ 0.108511   ,  0.0922456  ,  1.03162    ,  0.0382853  ,  0.101991   ,  0.0123382  ,  0.406124   ,  9.98974    ,  0.012649   ,  0.249162   ])
380     , -4751.86    , array([ 0.108507   ,  0.0922446  ,  1.03152    ,  0.0382811  ,  0.101977   ,  0.0123509  ,  0.406052   ,  9.9913     ,  0.0126444  ,  0.248916   ])
400     , -4752.42    , array([ 0.108507   ,  0.0923368  ,  1.03151    ,  0.0382808  ,  0.101976   ,  0.0123386  ,  0.406046   ,  9.99141    ,  0.0126441  ,  0.248917   ])
420     , -4752.45    , array([ 0.108507   ,  0.0922445  ,  1.03151    ,  0.0382808  ,  0.101976   ,  0.0123386  ,  0.406046   ,  9.99142    ,  0.0126441  ,  0.249166   ])
440     , -4751.85    , array([ 0.108507   ,  0.0922445  ,  1.03151    ,  0.0382808  ,  0.101976   ,  0.0123509  ,  0.406046   ,  9.99142    ,  0.0126441  ,  0.248917   ])
460     , -4752.42    , array([ 0.108507   ,  0.0923368  ,  1.03151    ,  0.0382808  ,  0.101976   ,  0.0123386  ,  0.406046   ,  9.99142    ,  0.0126441  ,  0.248917   ])
480     , -4752.45    , array([ 0.108507   ,  0.0922445  ,  1.03151    ,  0.0382808  ,  0.101976   ,  0.0123386  ,  0.406046   ,  9.99142    ,  0.0126441  ,  0.249166   ])
500     , -4751.85    , array([ 0.108507   ,  0.0922445  ,  1.03151    ,  0.0382808  ,  0.101976   ,  0.0123509  ,  0.406046   ,  9.99142    ,  0.0126441  ,  0.248917   ])
520     , -4752.42    , array([ 0.108507   ,  0.0923368  ,  1.03151    ,  0.0382808  ,  0.101976   ,  0.0123386  ,  0.406046   ,  9.99142    ,  0.0126441  ,  0.248917   ])
540     , -4752.45    , array([ 0.108507   ,  0.0922445  ,  1.03151    ,  0.0382808  ,  0.101976   ,  0.0123386  ,  0.406046   ,  9.99142    ,  0.0126441  ,  0.249166   ])
560     , -4751.85    , array([ 0.108507   ,  0.0922445  ,  1.03151    ,  0.0382808  ,  0.101976   ,  0.0123509  ,  0.406046   ,  9.99142    ,  0.0126441  ,  0.248917   ])
580     , -4752.42    , array([ 0.108507   ,  0.0923368  ,  1.03151    ,  0.0382808  ,  0.101976   ,  0.0123386  ,  0.406046   ,  9.99142    ,  0.0126441  ,  0.248917   ])
600     , -4752.45    , array([ 0.108507   ,  0.0922445  ,  1.03151    ,  0.0382808  ,  0.101976   ,  0.0123386  ,  0.406046   ,  9.99142    ,  0.0126441  ,  0.249166   ])
620     , -4756.12    , array([ 0.108617   ,  0.0922744  ,  1.0342     ,  0.0383976  ,  0.102353   ,  0.0123287  ,  0.408081   ,  9.94797    ,  0.012772   ,  0.24881    ])
640     , -4752.98    , array([ 0.108541   ,  0.0922536  ,  1.03233    ,  0.0383165  ,  0.102091   ,  0.0123356  ,  0.406666   ,  9.98812    ,  0.012683   ,  0.248884   ])
Finshed optimization **************************************************
Unfolded optimal parms:

[ 0.10877071  0.09231608  1.03795637  0.03856052  0.10287777  0.01231492
  0.41092435  9.88792728  0.01295174  0.24866256]

theta:

911.116204684


Beginning optimization folded************************************************
660     , -10273.5    , array([ 0.0592786  ,  0.135019   ,  2.6903     ,  1.3418     ,  2.73859    ,  1.18838    ,  0.122941   ,  0.116508   ,  0.10885    ,  0.107663   ])
680     , -8453.78    , array([ 0.0573359  ,  0.152152   ,  1.87193    ,  1.70868    ,  1.76902    ,  1.11583    ,  0.165865   ,  0.236881   ,  0.127292   ,  0.112795   ])
720     , -5584.94    , array([ 0.057663   ,  0.137912   ,  1.30207    ,  0.995115   ,  1.64347    ,  0.769455   ,  0.306759   ,  2.52604    ,  0.119323   ,  0.139136   ])
740     , -4102.99    , array([ 0.0514385  ,  0.0663887  ,  0.245027   ,  0.183157   ,  0.779698   ,  0.115399   ,  2.38336    ,  4.58977    ,  0.0559307  ,  0.267263   ])
760     , -4103.12    , array([ 0.0514384  ,  0.066389   ,  0.245022   ,  0.183158   ,  0.780485   ,  0.115397   ,  2.38337    ,  4.58979    ,  0.0558739  ,  0.267264   ])
780     , -4472.88    , array([ 0.0482065  ,  0.0939241  ,  0.0310279  ,  0.247033   ,  1.98932    ,  0.0185909  ,  3.75844    ,  7.22886    ,  0.0103566  ,  0.395142   ])
800     , -3746.12    , array([ 0.0500713  ,  0.076506   ,  0.105274   ,  0.206986   ,  1.14346    ,  0.0547084  ,  2.87118    ,  5.52638    ,  0.0280803  ,  0.313589   ])
860     , -3336.83    , array([ 0.0515075  ,  0.117227   ,  0.0601041  ,  0.319751   ,  2.34088    ,  0.0276483  ,  8.686      ,  6.53161    ,  0.00961314 ,  0.377747   ])
880     , -3336.83    , array([ 0.0515075  ,  0.117227   ,  0.0601041  ,  0.319751   ,  2.34322    ,  0.0276483  ,  8.686      ,  6.53161    ,  0.00960353 ,  0.377747   ])
900     , -3336.83    , array([ 0.0515591  ,  0.117227   ,  0.0601041  ,  0.319751   ,  2.34088    ,  0.0276483  ,  8.686      ,  6.53161    ,  0.00960353 ,  0.377747   ])
920     , -3336.83    , array([ 0.0515075  ,  0.117227   ,  0.060104   ,  0.319751   ,  2.34088    ,  0.0276483  ,  8.68601    ,  6.53161    ,  0.00961312 ,  0.377747   ])
940     , -3211.53    , array([ 0.0406962  ,  0.184599   ,  0.0611876  ,  0.267333   ,  1.5377     ,  0.0365675  ,  8.48812    ,  7.05926    ,  0.00338862 ,  0.507122   ])
960     , -3211.52    , array([ 0.0407369  ,  0.184599   ,  0.0611876  ,  0.267333   ,  1.53617    ,  0.0365675  ,  8.48812    ,  7.05926    ,  0.00338862 ,  0.507122   ])
980     , -3211.53    , array([ 0.0406975  ,  0.184595   ,  0.061188   ,  0.267335   ,  1.53612    ,  0.0365678  ,  8.48807    ,  7.05931    ,  0.00339184 ,  0.507121   ])
1020    , -3140.63    , array([ 0.0919398  ,  0.112481   ,  0.073217   ,  0.328162   ,  0.760923   ,  0.0453323  ,  7.32904    ,  8.45866    ,  0.000912667,  0.476404   ])
1040    , -3072.85    , array([ 0.262187   ,  0.112362   ,  0.0801488  ,  0.312507   ,  0.406915   ,  0.0525914  ,  6.40275    ,  9.65322    ,  0.000317813,  0.397702   ])
1060    , -3072.87    , array([ 0.262187   ,  0.112362   ,  0.0801488  ,  0.312507   ,  0.407322   ,  0.0525914  ,  6.40275    ,  9.65322    ,  0.000317495,  0.397702   ])
1100    , -3072.85    , array([ 0.262187   ,  0.112362   ,  0.0801488  ,  0.312507   ,  0.406914   ,  0.0525914  ,  6.40275    ,  9.65322    ,  0.000317813,  0.397702   ])
1140    , -3072.84    , array([ 0.26245    ,  0.112362   ,  0.0801488  ,  0.312507   ,  0.406914   ,  0.0525914  ,  6.40275    ,  9.65322    ,  0.000317495,  0.397702   ])
1180    , -3072.87    , array([ 0.262187   ,  0.112362   ,  0.0801488  ,  0.312507   ,  0.407322   ,  0.0525914  ,  6.40275    ,  9.65322    ,  0.000317495,  0.397702   ])
1220    , -3064.46    , array([ 0.269456   ,  0.113814   ,  0.0802484  ,  0.303837   ,  0.375498   ,  0.052903   ,  6.37546    ,  9.86273    ,  0.000273002,  0.337639   ])
1240    , -3059.78    , array([ 0.273792   ,  0.114671   ,  0.0803065  ,  0.298888   ,  0.358652   ,  0.0530857  ,  6.35959    ,  9.98712    ,  0.000249576,  0.306865   ])
1260    , -3059.75    , array([ 0.274066   ,  0.114671   ,  0.0803065  ,  0.298888   ,  0.358294   ,  0.0530857  ,  6.35959    ,  9.98712    ,  0.000249576,  0.306865   ])
1280    , -3059.49    , array([ 0.274043   ,  0.114721   ,  0.0803098  ,  0.298606   ,  0.357329   ,  0.0530962  ,  6.35868    ,  9.99432    ,  0.000248555,  0.305183   ])
1300    , -3059.39    , array([ 0.274163   ,  0.114744   ,  0.0803114  ,  0.298471   ,  0.357226   ,  0.0531012  ,  6.35825    ,  9.99776    ,  0.000247702,  0.304383   ])
1320    , -3059.35    , array([ 0.274443   ,  0.114745   ,  0.0803115  ,  0.298465   ,  0.356848   ,  0.0531015  ,  6.35823    ,  9.99791    ,  0.000247675,  0.304347   ])
1340    , -3059.35    , array([ 0.274169   ,  0.114745   ,  0.0803115  ,  0.298465   ,  0.356847   ,  0.0531015  ,  6.35823    ,  9.99792    ,  0.000247922,  0.304346   ])
1360    , -3059.38    , array([ 0.274169   ,  0.114745   ,  0.0803115  ,  0.298465   ,  0.357204   ,  0.0531015  ,  6.35823    ,  9.99792    ,  0.000247674,  0.304345   ])
1380    , -3059.35    , array([ 0.274443   ,  0.114745   ,  0.0803115  ,  0.298465   ,  0.356847   ,  0.0531015  ,  6.35823    ,  9.99792    ,  0.000247674,  0.304345   ])
1400    , -3059.35    , array([ 0.274169   ,  0.114745   ,  0.0803115  ,  0.298465   ,  0.356847   ,  0.0531015  ,  6.35823    ,  9.99792    ,  0.000247921,  0.304345   ])
1420    , -3059.38    , array([ 0.274169   ,  0.114745   ,  0.0803115  ,  0.298465   ,  0.357204   ,  0.0531015  ,  6.35823    ,  9.99792    ,  0.000247674,  0.304345   ])
1440    , -3059.35    , array([ 0.274443   ,  0.114745   ,  0.0803115  ,  0.298465   ,  0.356847   ,  0.0531015  ,  6.35823    ,  9.99792    ,  0.000247674,  0.304345   ])
1460    , -3059.35    , array([ 0.274169   ,  0.114745   ,  0.0803115  ,  0.298465   ,  0.356847   ,  0.0531015  ,  6.35823    ,  9.99792    ,  0.000247921,  0.304345   ])
1480    , -3059.38    , array([ 0.274169   ,  0.114745   ,  0.0803115  ,  0.298465   ,  0.357204   ,  0.0531015  ,  6.35823    ,  9.99792    ,  0.000247674,  0.304345   ])
1500    , -3059.35    , array([ 0.274443   ,  0.114745   ,  0.0803115  ,  0.298465   ,  0.356847   ,  0.0531015  ,  6.35823    ,  9.99792    ,  0.000247674,  0.304345   ])
1520    , -3059.35    , array([ 0.274169   ,  0.114745   ,  0.0803115  ,  0.298465   ,  0.356847   ,  0.0531015  ,  6.35823    ,  9.99792    ,  0.000247921,  0.304345   ])
1540    , -3064.46    , array([ 0.269726   ,  0.113814   ,  0.0802484  ,  0.303837   ,  0.375498   ,  0.052903   ,  6.37546    ,  9.86273    ,  0.000272729,  0.337639   ])
1560    , -3060.42    , array([ 0.273166   ,  0.114548   ,  0.0802982  ,  0.299593   ,  0.360712   ,  0.0530594  ,  6.36187    ,  9.96918    ,  0.000253025,  0.3111     ])
Beginning optimization folded************************************************
Folded optimal parms:

[  2.62187144e-01   1.12361646e-01   8.01488467e-02   3.12506917e-01
   4.06914734e-01   5.25914064e-02   6.40274837e+00   9.65321893e+00
   3.17495624e-04   3.97702418e-01]

theta:

909.568841744


