Beginning optimization ************************************************
20      , -8305.91    , array([ 0.0738771  ,  0.202087   ,  1.11736    ,  0.861404   ,  1.51256    ,  0.80069    ,  0.307273   ,  0.224544   ,  0.171169   ,  0.0562224  ])
60      , -5395.93    , array([ 0.0873409  ,  0.332552   ,  1.30191    ,  0.3623     ,  0.98373    ,  0.302252   ,  0.633973   ,  3.90824    ,  0.183737   ,  0.0640067  ])
100     , -5395.76    , array([ 0.0873403  ,  0.332886   ,  1.30186    ,  0.362276   ,  0.983673   ,  0.302236   ,  0.633964   ,  3.90842    ,  0.183731   ,  0.0639429  ])
120     , -4436.85    , array([ 0.0778304  ,  0.364971   ,  0.616698   ,  0.116675   ,  0.369767   ,  0.12298    ,  0.493116   ,  8.50358    ,  0.107138   ,  0.0663628  ])
140     , -4437.29    , array([ 0.0778306  ,  0.364971   ,  0.616698   ,  0.116675   ,  0.369765   ,  0.123102   ,  0.493117   ,  8.50359    ,  0.107138   ,  0.0662965  ])
160     , -4019.93    , array([ 0.130021   ,  0.402907   ,  0.654928   ,  0.0712329  ,  0.151153   ,  0.0322483  ,  0.596017   ,  9.87299    ,  0.0497566  ,  0.0685018  ])
200     , -4019.4     , array([ 0.130022   ,  0.402504   ,  0.65493    ,  0.0712329  ,  0.151151   ,  0.0322807  ,  0.596017   ,  9.87303    ,  0.049756   ,  0.0685018  ])
220     , -4019.92    , array([ 0.130022   ,  0.402907   ,  0.65493    ,  0.0712329  ,  0.151151   ,  0.0322484  ,  0.596017   ,  9.87303    ,  0.049756   ,  0.0685018  ])
240     , -4019.94    , array([ 0.130022   ,  0.402504   ,  0.65493    ,  0.0712329  ,  0.151151   ,  0.0322484  ,  0.596017   ,  9.87304    ,  0.0497558  ,  0.0685703  ])
260     , -4019.39    , array([ 0.130022   ,  0.402504   ,  0.65493    ,  0.0712329  ,  0.151151   ,  0.0322807  ,  0.596017   ,  9.87304    ,  0.0497558  ,  0.0685018  ])
300     , -4019.94    , array([ 0.130022   ,  0.402504   ,  0.65493    ,  0.0712329  ,  0.151151   ,  0.0322484  ,  0.596017   ,  9.87304    ,  0.0497558  ,  0.0685703  ])
340     , -4019.92    , array([ 0.130023   ,  0.402907   ,  0.65493    ,  0.0712329  ,  0.151151   ,  0.0322484  ,  0.596017   ,  9.87304    ,  0.0497558  ,  0.0685018  ])
380     , -4019.39    , array([ 0.130023   ,  0.402504   ,  0.65493    ,  0.0712329  ,  0.151151   ,  0.0322807  ,  0.596017   ,  9.87304    ,  0.0497558  ,  0.0685018  ])
420     , -4007.39    , array([ 0.132736   ,  0.402059   ,  0.658164   ,  0.0711166  ,  0.1471     ,  0.0325263  ,  0.595458   ,  9.98577    ,  0.0481822  ,  0.0685685  ])
460     , -4007.37    , array([ 0.132736   ,  0.402462   ,  0.658164   ,  0.0711166  ,  0.1471     ,  0.0325263  ,  0.595458   ,  9.98577    ,  0.0481822  ,  0.0685     ])
500     , -4006.85    , array([ 0.132736   ,  0.402059   ,  0.658164   ,  0.0711166  ,  0.1471     ,  0.0325588  ,  0.595458   ,  9.98577    ,  0.0481822  ,  0.0685     ])
520     , -4007.37    , array([ 0.132736   ,  0.402462   ,  0.658164   ,  0.0711166  ,  0.1471     ,  0.0325263  ,  0.595458   ,  9.98577    ,  0.0481822  ,  0.0685     ])
540     , -4006.73    , array([ 0.132887   ,  0.402035   ,  0.658342   ,  0.0711102  ,  0.146881   ,  0.0325416  ,  0.595427   ,  9.99201    ,  0.0480971  ,  0.0685684  ])
560     , -4005.89    , array([ 0.132959   ,  0.402023   ,  0.658427   ,  0.0711071  ,  0.146776   ,  0.0325815  ,  0.595413   ,  9.99499    ,  0.0480565  ,  0.0684999  ])
580     , -4006.39    , array([ 0.132963   ,  0.402425   ,  0.658431   ,  0.071107   ,  0.146771   ,  0.0325493  ,  0.595412   ,  9.99512    ,  0.0480547  ,  0.0684999  ])
600     , -4006.41    , array([ 0.132963   ,  0.402023   ,  0.658431   ,  0.071107   ,  0.146771   ,  0.0325493  ,  0.595412   ,  9.99513    ,  0.0480546  ,  0.0685684  ])
620     , -4005.88    , array([ 0.132963   ,  0.402023   ,  0.658431   ,  0.071107   ,  0.146771   ,  0.0325819  ,  0.595412   ,  9.99513    ,  0.0480546  ,  0.0684999  ])
640     , -4006.39    , array([ 0.132963   ,  0.402425   ,  0.658431   ,  0.071107   ,  0.146771   ,  0.0325493  ,  0.595412   ,  9.99513    ,  0.0480546  ,  0.0684999  ])
660     , -4006.41    , array([ 0.132963   ,  0.402023   ,  0.658431   ,  0.071107   ,  0.146771   ,  0.0325493  ,  0.595412   ,  9.99513    ,  0.0480546  ,  0.0685684  ])
680     , -4005.88    , array([ 0.132963   ,  0.402023   ,  0.658431   ,  0.071107   ,  0.146771   ,  0.0325819  ,  0.595412   ,  9.99513    ,  0.0480546  ,  0.0684999  ])
700     , -4006.39    , array([ 0.132963   ,  0.402425   ,  0.658431   ,  0.071107   ,  0.146771   ,  0.0325493  ,  0.595412   ,  9.99513    ,  0.0480546  ,  0.0684999  ])
720     , -4006.41    , array([ 0.132963   ,  0.402023   ,  0.658431   ,  0.071107   ,  0.146771   ,  0.0325493  ,  0.595412   ,  9.99513    ,  0.0480546  ,  0.0685684  ])
740     , -4005.88    , array([ 0.132963   ,  0.402023   ,  0.658431   ,  0.071107   ,  0.146771   ,  0.0325819  ,  0.595412   ,  9.99513    ,  0.0480546  ,  0.0684999  ])
760     , -4006.39    , array([ 0.132963   ,  0.402425   ,  0.658431   ,  0.071107   ,  0.146771   ,  0.0325493  ,  0.595412   ,  9.99513    ,  0.0480546  ,  0.0684999  ])
780     , -4006.41    , array([ 0.132963   ,  0.402023   ,  0.658431   ,  0.071107   ,  0.146771   ,  0.0325493  ,  0.595412   ,  9.99513    ,  0.0480546  ,  0.0685684  ])
800     , -4007.39    , array([ 0.132735   ,  0.40206    ,  0.658162   ,  0.0711166  ,  0.147102   ,  0.0325262  ,  0.595458   ,  9.98572    ,  0.0481829  ,  0.0685     ])
820     , -4005.39    , array([ 0.133078   ,  0.402004   ,  0.658568   ,  0.0711021  ,  0.146603   ,  0.0325936  ,  0.595389   ,  9.9999     ,  0.0479897  ,  0.0684998  ])
Finshed optimization **************************************************
Unfolded optimal parms:

[ 0.13002118  0.40250463  0.65492843  0.07123291  0.1511528   0.03224829
  0.59601742  9.87298645  0.04975659  0.06850181]

theta:

866.62447591


Beginning optimization folded************************************************
840     , -7923.18    , array([ 0.0750193  ,  0.201715   ,  1.19374    ,  0.887299   ,  1.67548    ,  0.851951   ,  0.303932   ,  0.251785   ,  0.170904   ,  0.0566719  ])
860     , -4925.93    , array([ 0.0781228  ,  0.256476   ,  0.808128   ,  0.404445   ,  1.25891    ,  0.678773   ,  0.644119   ,  3.42699    ,  0.174477   ,  0.0614819  ])
880     , -4925.93    , array([ 0.0781224  ,  0.256473   ,  0.808074   ,  0.404834   ,  1.2589     ,  0.678744   ,  0.64415    ,  3.42361    ,  0.174472   ,  0.0614821  ])
900     , -4066.32    , array([ 0.0593203  ,  0.13631    ,  0.0289812  ,  0.0643485  ,  0.872137   ,  0.0804409  ,  6.95179    ,  6.85016    ,  0.0470494  ,  0.0759783  ])
980     , -4065.33    , array([ 0.0593203  ,  0.13631    ,  0.0289812  ,  0.0643485  ,  0.87214    ,  0.0804404  ,  6.95185    ,  6.85703    ,  0.0470491  ,  0.0759783  ])
1000    , -3816.4     , array([ 0.0554493  ,  0.153757   ,  0.020393   ,  0.0731948  ,  1.44596    ,  0.0325791  ,  8.85232    ,  9.56804    ,  0.0184212  ,  0.0777907  ])
1020    , -3816.77    , array([ 0.0554493  ,  0.153757   ,  0.020393   ,  0.0731217  ,  1.44596    ,  0.0325791  ,  8.85232    ,  9.56804    ,  0.0184212  ,  0.0777907  ])
1040    , -3815.94    , array([ 0.0554493  ,  0.153757   ,  0.020393   ,  0.0731217  ,  1.44596    ,  0.0325791  ,  8.85232    ,  9.57761    ,  0.0184212  ,  0.0777907  ])
1060    , -3680.29    , array([ 0.0430424  ,  0.261952   ,  0.0177535  ,  0.0761654  ,  1.16396    ,  0.0410907  ,  9.97082    ,  9.90719    ,  0.0078847  ,  0.0741157  ])
1080    , -3680.64    , array([ 0.0430424  ,  0.261952   ,  0.0177535  ,  0.0760893  ,  1.16396    ,  0.0410907  ,  9.97082    ,  9.90719    ,  0.0078847  ,  0.0741157  ])
1140    , -3680.64    , array([ 0.0430424  ,  0.261952   ,  0.0177535  ,  0.0760893  ,  1.16396    ,  0.0410907  ,  9.97082    ,  9.90719    ,  0.0078847  ,  0.0741157  ])
1180    , -3680.29    , array([ 0.0430424  ,  0.261952   ,  0.0177535  ,  0.0761654  ,  1.16396    ,  0.0410907  ,  9.97082    ,  9.90719    ,  0.0078847  ,  0.0741157  ])
1200    , -3677.45    , array([ 0.0427768  ,  0.265384   ,  0.0176935  ,  0.0761633  ,  1.15781    ,  0.0413244  ,  9.99985    ,  9.91562    ,  0.00772288 ,  0.0740281  ])
1220    , -3677.91    , array([ 0.0428822  ,  0.264014   ,  0.0177173  ,  0.0761338  ,  1.16025    ,  0.0412313  ,  9.9883     ,  9.92218    ,  0.00778681 ,  0.074063   ])
1240    , -3677.18    , array([ 0.0427842  ,  0.265288   ,  0.0176952  ,  0.0762374  ,  1.15798    ,  0.0413179  ,  9.99904    ,  9.91539    ,  0.00772736 ,  0.0740306  ])
1260    , -3677.45    , array([ 0.0427772  ,  0.26538    ,  0.0176936  ,  0.0761632  ,  1.15781    ,  0.0413241  ,  9.99981    ,  9.91561    ,  0.00772308 ,  0.0740283  ])
1280    , -3676.64    , array([ 0.0427769  ,  0.265384   ,  0.0176935  ,  0.0761633  ,  1.15781    ,  0.0413244  ,  9.99984    ,  9.92554    ,  0.00772292 ,  0.0740282  ])
1300    , -3677.09    , array([ 0.0427768  ,  0.265384   ,  0.0176935  ,  0.0762395  ,  1.15781    ,  0.0413244  ,  9.99985    ,  9.91562    ,  0.00772288 ,  0.0740282  ])
1320    , -3677.45    , array([ 0.0427768  ,  0.265384   ,  0.0176935  ,  0.0761633  ,  1.15781    ,  0.0413244  ,  9.99985    ,  9.91562    ,  0.00772288 ,  0.0740281  ])
1340    , -3676.64    , array([ 0.0427768  ,  0.265384   ,  0.0176935  ,  0.0761633  ,  1.15781    ,  0.0413244  ,  9.99985    ,  9.92554    ,  0.00772288 ,  0.0740281  ])
1360    , -3677.09    , array([ 0.0427768  ,  0.265384   ,  0.0176935  ,  0.0762395  ,  1.15781    ,  0.0413244  ,  9.99985    ,  9.91562    ,  0.00772288 ,  0.0740281  ])
1380    , -3677.45    , array([ 0.0427768  ,  0.265384   ,  0.0176935  ,  0.0761633  ,  1.15781    ,  0.0413244  ,  9.99985    ,  9.91562    ,  0.00772288 ,  0.0740281  ])
1400    , -3676.64    , array([ 0.0427768  ,  0.265384   ,  0.0176935  ,  0.0761633  ,  1.15781    ,  0.0413244  ,  9.99985    ,  9.92554    ,  0.00772288 ,  0.0740281  ])
1420    , -3677.09    , array([ 0.0427768  ,  0.265384   ,  0.0176935  ,  0.0762395  ,  1.15781    ,  0.0413244  ,  9.99985    ,  9.91562    ,  0.00772288 ,  0.0740281  ])
1440    , -3677.45    , array([ 0.0427768  ,  0.265384   ,  0.0176935  ,  0.0761633  ,  1.15781    ,  0.0413244  ,  9.99985    ,  9.91562    ,  0.00772288 ,  0.0740281  ])
1460    , -3676.64    , array([ 0.0427768  ,  0.265384   ,  0.0176935  ,  0.0761633  ,  1.15781    ,  0.0413244  ,  9.99985    ,  9.92554    ,  0.00772288 ,  0.0740281  ])
1480    , -3677.09    , array([ 0.0427768  ,  0.265384   ,  0.0176935  ,  0.0762395  ,  1.15781    ,  0.0413244  ,  9.99985    ,  9.91562    ,  0.00772288 ,  0.0740281  ])
1500    , -3733.73    , array([ 0.0476027  ,  0.211945   ,  0.0187594  ,  0.0748952  ,  1.26882    ,  0.0374684  ,  9.51011    ,  9.77093    ,  0.0110487  ,  0.0755556  ])
1520    , -3692.64    , array([ 0.0441061  ,  0.248839   ,  0.0179923  ,  0.0757981  ,  1.18856    ,  0.0401816  ,  9.86698    ,  9.87398    ,  0.0085567  ,  0.0744623  ])
1540    , -3678.35    , array([ 0.0428622  ,  0.264538   ,  0.0177128  ,  0.0761394  ,  1.15979    ,  0.041249   ,  9.99049    ,  9.9129     ,  0.00777463 ,  0.0740564  ])
Beginning optimization folded************************************************
Folded optimal parms:

[ 0.05544934  0.15375693  0.02039301  0.07312169  1.44595855  0.03257914
  8.85231723  9.56803664  0.01842122  0.07779073]

theta:

1048.12230696


