Beginning optimization ************************************************
20      , -9734.23    , array([ 0.0771306  ,  0.0706143  ,  2.18451    ,  1.04012    ,  1.1927     ,  0.853255   ,  0.399046   ,  0.0896162  ,  0.157076   ,  0.150473   ])
60      , -6098.39    , array([ 0.0856619  ,  0.156876   ,  1.35524    ,  0.832835   ,  1.26934    ,  0.474977   ,  0.633244   ,  1.47096    ,  0.312245   ,  0.168403   ])
100     , -6098.12    , array([ 0.0856617  ,  0.157034   ,  1.35515    ,  0.832783   ,  1.2693     ,  0.474964   ,  0.633246   ,  1.47112    ,  0.312227   ,  0.168236   ])
120     , -4874.39    , array([ 0.0837261  ,  0.186138   ,  0.587399   ,  0.346523   ,  0.895443   ,  0.330484   ,  0.666874   ,  6.45558    ,  0.140316   ,  0.180158   ])
140     , -4874.84    , array([ 0.0837262  ,  0.186138   ,  0.587396   ,  0.346521   ,  0.89544    ,  0.330811   ,  0.66688    ,  6.45561    ,  0.140315   ,  0.179978   ])
180     , -4874.37    , array([ 0.0837263  ,  0.186139   ,  0.587393   ,  0.346518   ,  0.895436   ,  0.330476   ,  0.666888   ,  6.45565    ,  0.140315   ,  0.180159   ])
200     , -4365.46    , array([ 0.0932298  ,  0.347511   ,  0.268348   ,  0.358515   ,  1.31704    ,  0.0639113  ,  1.09644    ,  8.93095    ,  0.0573672  ,  0.170374   ])
220     , -4365.91    , array([ 0.0932298  ,  0.347859   ,  0.268348   ,  0.358516   ,  1.31704    ,  0.0638474  ,  1.09644    ,  8.93096    ,  0.0573672  ,  0.170374   ])
240     , -4365.86    , array([ 0.0932298  ,  0.347512   ,  0.268348   ,  0.358516   ,  1.31704    ,  0.0638474  ,  1.09644    ,  8.93096    ,  0.0573672  ,  0.170544   ])
260     , -4120.44    , array([ 0.0993439  ,  0.437953   ,  0.188866   ,  0.428175   ,  1.7656     ,  0.058202   ,  1.68077    ,  9.48583    ,  0.0398675  ,  0.14913    ])
280     , -3983.74    , array([ 0.10255    ,  0.492143   ,  0.158446   ,  0.467926   ,  2.04427    ,  0.055486   ,  2.081      ,  9.77606    ,  0.0332351  ,  0.139524   ])
300     , -3898.42    , array([ 0.104722   ,  0.530649   ,  0.141105   ,  0.496164   ,  2.25187    ,  0.0537988  ,  2.39605    ,  9.97246    ,  0.0294742  ,  0.133658   ])
320     , -3898.09    , array([ 0.104722   ,  0.530649   ,  0.141105   ,  0.496164   ,  2.25187    ,  0.0538527  ,  2.39605    ,  9.97246    ,  0.0294742  ,  0.133525   ])
360     , -3898.42    , array([ 0.104722   ,  0.530649   ,  0.141105   ,  0.496164   ,  2.25187    ,  0.0537988  ,  2.39605    ,  9.97246    ,  0.0294742  ,  0.133658   ])
380     , -3891.18    , array([ 0.104909   ,  0.534104   ,  0.139721   ,  0.498641   ,  2.27046    ,  0.0537115  ,  2.42494    ,  9.98933    ,  0.0291749  ,  0.133027   ])
400     , -3891.57    , array([ 0.104909   ,  0.534638   ,  0.139721   ,  0.498641   ,  2.27046    ,  0.0536578  ,  2.42494    ,  9.98933    ,  0.0291749  ,  0.133027   ])
420     , -3891.51    , array([ 0.104909   ,  0.534104   ,  0.139721   ,  0.498641   ,  2.27046    ,  0.0536578  ,  2.42494    ,  9.98933    ,  0.0291749  ,  0.13316    ])
440     , -3891.18    , array([ 0.104909   ,  0.534104   ,  0.139721   ,  0.498641   ,  2.27046    ,  0.0537115  ,  2.42494    ,  9.98933    ,  0.0291749  ,  0.133027   ])
460     , -3889.46    , array([ 0.104966   ,  0.535703   ,  0.1393     ,  0.499403   ,  2.2762     ,  0.0536146  ,  2.43386    ,  9.99451    ,  0.0290837  ,  0.132874   ])
480     , -3889.27    , array([ 0.104969   ,  0.535231   ,  0.139274   ,  0.499449   ,  2.27654    ,  0.053612   ,  2.4344     ,  9.99482    ,  0.0290782  ,  0.132998   ])
500     , -3888.91    , array([ 0.10497    ,  0.535248   ,  0.139268   ,  0.499461   ,  2.27663    ,  0.053665   ,  2.43454    ,  9.9949     ,  0.0290768  ,  0.132863   ])
520     , -3889.3     , array([ 0.10497    ,  0.535784   ,  0.139268   ,  0.499461   ,  2.27663    ,  0.0536113  ,  2.43454    ,  9.99491    ,  0.0290768  ,  0.132863   ])
540     , -3889.24    , array([ 0.10497    ,  0.535249   ,  0.139268   ,  0.499461   ,  2.27663    ,  0.0536113  ,  2.43454    ,  9.99491    ,  0.0290768  ,  0.132996   ])
560     , -3888.91    , array([ 0.10497    ,  0.535249   ,  0.139268   ,  0.499461   ,  2.27663    ,  0.053665   ,  2.43454    ,  9.99491    ,  0.0290768  ,  0.132863   ])
580     , -3889.3     , array([ 0.10497    ,  0.535784   ,  0.139268   ,  0.499461   ,  2.27663    ,  0.0536113  ,  2.43454    ,  9.99491    ,  0.0290768  ,  0.132863   ])
600     , -3889.24    , array([ 0.10497    ,  0.535249   ,  0.139268   ,  0.499461   ,  2.27663    ,  0.0536113  ,  2.43454    ,  9.99491    ,  0.0290768  ,  0.132996   ])
620     , -3888.91    , array([ 0.10497    ,  0.535249   ,  0.139268   ,  0.499461   ,  2.27663    ,  0.053665   ,  2.43454    ,  9.99491    ,  0.0290768  ,  0.132863   ])
640     , -3889.3     , array([ 0.10497    ,  0.535784   ,  0.139268   ,  0.499461   ,  2.27663    ,  0.0536113  ,  2.43454    ,  9.99491    ,  0.0290768  ,  0.132863   ])
660     , -3889.24    , array([ 0.10497    ,  0.535249   ,  0.139268   ,  0.499461   ,  2.27663    ,  0.0536113  ,  2.43454    ,  9.99491    ,  0.0290768  ,  0.132996   ])
680     , -3888.91    , array([ 0.10497    ,  0.535249   ,  0.139268   ,  0.499461   ,  2.27663    ,  0.053665   ,  2.43454    ,  9.99491    ,  0.0290768  ,  0.132863   ])
700     , -4120.82    , array([ 0.0994432  ,  0.437953   ,  0.188866   ,  0.428175   ,  1.7656     ,  0.0581438  ,  1.68077    ,  9.48582    ,  0.0398675  ,  0.14913    ])
720     , -3983.68    , array([ 0.10255    ,  0.491651   ,  0.158446   ,  0.467926   ,  2.04427    ,  0.0554861  ,  2.081      ,  9.77606    ,  0.0332683  ,  0.139524   ])
740     , -3887.36    , array([ 0.105022   ,  0.536202   ,  0.138892   ,  0.500144   ,  2.28405    ,  0.0535728  ,  2.44256    ,  9.99954    ,  0.0289955  ,  0.132727   ])
Finshed optimization **************************************************
Unfolded optimal parms:

[ 0.09322979  0.34751148  0.26834818  0.35851544  1.31704024  0.06384739
  1.09643506  8.93095488  0.05736721  0.17037379]

theta:

727.32964581


Beginning optimization folded************************************************
760     , -11301.9    , array([ 0.0844741  ,  0.0628297  ,  3.73927    ,  0.734357   ,  1.98906    ,  0.973321   ,  0.36849    ,  0.0560792  ,  0.11786    ,  0.152551   ])
780     , -5816.44    , array([ 0.077735   ,  0.108975   ,  0.984159   ,  0.773334   ,  1.17098    ,  0.947129   ,  0.523318   ,  1.0436     ,  0.235335   ,  0.157816   ])
820     , -5816.57    , array([ 0.0777351  ,  0.108864   ,  0.98413    ,  0.773346   ,  1.17098    ,  0.94803    ,  0.523345   ,  1.04374    ,  0.235322   ,  0.157818   ])
840     , -5816.24    , array([ 0.0777351  ,  0.108973   ,  0.984126   ,  0.773348   ,  1.17098    ,  0.947076   ,  0.523349   ,  1.04376    ,  0.23532    ,  0.157818   ])
860     , -5816.26    , array([ 0.0777351  ,  0.108864   ,  0.984122   ,  0.77335    ,  1.17098    ,  0.94707    ,  0.523352   ,  1.04378    ,  0.235319   ,  0.157977   ])
880     , -3329.06    , array([ 0.0682959  ,  0.0709486  ,  0.0535362  ,  0.185703   ,  0.65915    ,  0.0939319  ,  4.10452    ,  9.62989    ,  0.047576   ,  0.25475    ])
900     , -3328.92    , array([ 0.0682959  ,  0.07102    ,  0.0535361  ,  0.185702   ,  0.659146   ,  0.0938374  ,  4.10462    ,  9.62991    ,  0.0475761  ,  0.25475    ])
920     , -3209.9     , array([ 0.0677596  ,  0.0789084  ,  0.0519313  ,  0.163351   ,  0.603518   ,  0.084856   ,  6.11712    ,  9.8838     ,  0.0487702  ,  0.258366   ])
980     , -3106.84    , array([ 0.0705626  ,  0.285194   ,  0.0452269  ,  0.174786   ,  0.868144   ,  0.0392573  ,  8.41157    ,  9.29313    ,  0.0430924  ,  0.237731   ])
1000    , -3022       , array([ 0.0653995  ,  0.82676    ,  0.0436681  ,  0.16245    ,  0.423013   ,  0.0526503  ,  8.4543     ,  9.31777    ,  0.0156605  ,  0.153992   ])
1020    , -3022.07    , array([ 0.0653995  ,  0.827587   ,  0.0436681  ,  0.16245    ,  0.423013   ,  0.0525977  ,  8.4543     ,  9.31777    ,  0.0156605  ,  0.153992   ])
1040    , -3022.1     , array([ 0.0653995  ,  0.82676    ,  0.0436681  ,  0.16245    ,  0.423013   ,  0.0525977  ,  8.4543     ,  9.31777    ,  0.0156605  ,  0.154146   ])
1060    , -2952.72    , array([ 0.120438   ,  1.39933    ,  0.0482512  ,  0.141965   ,  0.204467   ,  0.0549524  ,  7.53746    ,  9.77051    ,  0.00884868 ,  0.0990888  ])
1100    , -2952.74    , array([ 0.120438   ,  1.39933    ,  0.0482512  ,  0.141965   ,  0.204467   ,  0.0548974  ,  7.53746    ,  9.77051    ,  0.00884868 ,  0.0991879  ])
1120    , -2931.23    , array([ 0.140301   ,  1.59608    ,  0.0494703  ,  0.137261   ,  0.170487   ,  0.0555434  ,  7.32422    ,  9.88709    ,  0.00767179 ,  0.0887475  ])
1140    , -2931.2     , array([ 0.140301   ,  1.59768    ,  0.0494703  ,  0.137261   ,  0.170487   ,  0.0554879  ,  7.32422    ,  9.88709    ,  0.00767179 ,  0.0887475  ])
1160    , -2920.5     , array([ 0.151429   ,  1.7046     ,  0.0500913  ,  0.134967   ,  0.155677   ,  0.0557855  ,  7.21988    ,  9.9459     ,  0.00714341 ,  0.084073   ])
1180    , -2911.47    , array([ 0.162004   ,  1.80671    ,  0.050647   ,  0.132971   ,  0.143655   ,  0.0561062  ,  7.12884    ,  9.9982     ,  0.00670652 ,  0.0799935  ])
1200    , -2912.14    , array([ 0.161082   ,  1.79964    ,  0.0505998  ,  0.133139   ,  0.144635   ,  0.0560277  ,  7.13649    ,  9.99377    ,  0.00674242 ,  0.0803239  ])
1220    , -2911.57    , array([ 0.161809   ,  1.80483    ,  0.050637   ,  0.133006   ,  0.143862   ,  0.0560453  ,  7.13045    ,  9.99727    ,  0.00671409 ,  0.0801433  ])
1240    , -2911.47    , array([ 0.161995   ,  1.80662    ,  0.0506466  ,  0.132973   ,  0.143665   ,  0.0561059  ,  7.12891    ,  9.99816    ,  0.00670686 ,  0.0799966  ])
1260    , -2911.39    , array([ 0.162004   ,  1.80851    ,  0.050647   ,  0.132971   ,  0.143656   ,  0.0560501  ,  7.12884    ,  9.9982     ,  0.00670654 ,  0.0799937  ])
1280    , -2911.41    , array([ 0.162004   ,  1.80671    ,  0.050647   ,  0.132971   ,  0.143655   ,  0.0560501  ,  7.12884    ,  9.9982     ,  0.00670653 ,  0.0800736  ])
1300    , -2911.47    , array([ 0.162004   ,  1.80671    ,  0.050647   ,  0.132971   ,  0.143655   ,  0.0561062  ,  7.12884    ,  9.9982     ,  0.00670652 ,  0.0799935  ])
1320    , -2911.39    , array([ 0.162004   ,  1.80852    ,  0.050647   ,  0.132971   ,  0.143655   ,  0.0560501  ,  7.12884    ,  9.9982     ,  0.00670652 ,  0.0799935  ])
1340    , -2911.41    , array([ 0.162004   ,  1.80671    ,  0.050647   ,  0.132971   ,  0.143655   ,  0.0560501  ,  7.12884    ,  9.9982     ,  0.00670652 ,  0.0800735  ])
1360    , -2911.47    , array([ 0.162004   ,  1.80671    ,  0.050647   ,  0.132971   ,  0.143655   ,  0.0561062  ,  7.12884    ,  9.9982     ,  0.00670652 ,  0.0799935  ])
1380    , -2911.39    , array([ 0.162004   ,  1.80852    ,  0.050647   ,  0.132971   ,  0.143655   ,  0.0560501  ,  7.12884    ,  9.9982     ,  0.00670652 ,  0.0799935  ])
1400    , -2911.41    , array([ 0.162004   ,  1.80671    ,  0.050647   ,  0.132971   ,  0.143655   ,  0.0560501  ,  7.12884    ,  9.9982     ,  0.00670652 ,  0.0800735  ])
1420    , -2911.47    , array([ 0.162004   ,  1.80671    ,  0.050647   ,  0.132971   ,  0.143655   ,  0.0561062  ,  7.12884    ,  9.9982     ,  0.00670652 ,  0.0799935  ])
1440    , -2911.39    , array([ 0.162004   ,  1.80852    ,  0.050647   ,  0.132971   ,  0.143655   ,  0.0560501  ,  7.12884    ,  9.9982     ,  0.00670652 ,  0.0799935  ])
1460    , -2911.41    , array([ 0.162004   ,  1.80671    ,  0.050647   ,  0.132971   ,  0.143655   ,  0.0560501  ,  7.12884    ,  9.9982     ,  0.00670652 ,  0.0800735  ])
1480    , -2931.17    , array([ 0.140301   ,  1.59608    ,  0.0494703  ,  0.137398   ,  0.170487   ,  0.0554879  ,  7.32422    ,  9.88709    ,  0.00767179 ,  0.0887475  ])
1500    , -2915.3     , array([ 0.15732    ,  1.7616     ,  0.0504047  ,  0.133835   ,  0.148762   ,  0.0559349  ,  7.16827    ,  9.97544    ,  0.00689304 ,  0.0817062  ])
Beginning optimization folded************************************************
Folded optimal parms:

[ 0.06539945  0.82675952  0.04366813  0.16244993  0.42301349  0.05259765
  8.45430462  9.31777347  0.01566051  0.15399183]

theta:

951.957244906


