Beginning optimization ************************************************
20      , -8683.85    , array([ 0.0579302  ,  0.0685204  ,  1.11297    ,  0.970001   ,  1.77888    ,  0.891853   ,  0.385425   ,  0.0895394  ,  0.571436   ,  0.0519199  ])
60      , -6273.84    , array([ 0.0694833  ,  0.0748511  ,  1.03078    ,  0.417856   ,  2.84055    ,  0.40754    ,  1.71621    ,  0.667548   ,  5.47542    ,  0.0539511  ])
100     , -6206.34    , array([ 0.0696952  ,  0.0747904  ,  0.98803    ,  0.405679   ,  2.91018    ,  0.400467   ,  1.7488     ,  0.695481   ,  5.66659    ,  0.0539077  ])
140     , -6206.35    , array([ 0.0696952  ,  0.0747156  ,  0.988028   ,  0.405679   ,  2.91019    ,  0.400867   ,  1.7488     ,  0.695483   ,  5.6666     ,  0.0539077  ])
160     , -5291.32    , array([ 0.0728768  ,  0.0728315  ,  0.531035   ,  0.262972   ,  4.1506     ,  0.309812   ,  2.30411    ,  1.26837    ,  9.37127    ,  0.0540625  ])
180     , -4123.99    , array([ 0.112133   ,  0.0760971  ,  0.174321   ,  0.18554    ,  15.645     ,  0.215668   ,  9.325      ,  9.03926    ,  8.17725    ,  0.0573097  ])
200     , -4123.97    , array([ 0.112134   ,  0.0760972  ,  0.17432    ,  0.185541   ,  15.6451    ,  0.215884   ,  9.32497    ,  9.0394     ,  8.17726    ,  0.0572525  ])
240     , -4123.97    , array([ 0.112134   ,  0.0760974  ,  0.174319   ,  0.185541   ,  15.6453    ,  0.215667   ,  9.32495    ,  9.03957    ,  8.17727    ,  0.0573098  ])
280     , -4123.95    , array([ 0.112135   ,  0.0761736  ,  0.174319   ,  0.185542   ,  15.6453    ,  0.215667   ,  9.32494    ,  9.03963    ,  8.17727    ,  0.0572526  ])
320     , -4123.96    , array([ 0.112135   ,  0.0760974  ,  0.174319   ,  0.185542   ,  15.6453    ,  0.215883   ,  9.32494    ,  9.03963    ,  8.17727    ,  0.0572526  ])
340     , -4123.95    , array([ 0.112135   ,  0.0761736  ,  0.174319   ,  0.185542   ,  15.6453    ,  0.215667   ,  9.32494    ,  9.03963    ,  8.17727    ,  0.0572526  ])
360     , -4123.97    , array([ 0.112135   ,  0.0760974  ,  0.174319   ,  0.185542   ,  15.6453    ,  0.215667   ,  9.32494    ,  9.03963    ,  8.17727    ,  0.0573098  ])
380     , -4123.96    , array([ 0.112135   ,  0.0760974  ,  0.174319   ,  0.185542   ,  15.6453    ,  0.215883   ,  9.32494    ,  9.03963    ,  8.17727    ,  0.0572526  ])
400     , -4088.17    , array([ 0.114219   ,  0.076709   ,  0.171422   ,  0.18764    ,  16.1035    ,  0.214082   ,  9.23662    ,  9.61525    ,  8.20022    ,  0.0574345  ])
440     , -4088.18    , array([ 0.114219   ,  0.0766323  ,  0.171422   ,  0.18764    ,  16.1035    ,  0.214297   ,  9.23662    ,  9.61525    ,  8.20022    ,  0.0574345  ])
460     , -4069.59    , array([ 0.115378   ,  0.0770039  ,  0.169855   ,  0.1888     ,  16.3601    ,  0.213219   ,  9.1886     ,  9.94597    ,  8.21282    ,  0.0575344  ])
480     , -4067.14    , array([ 0.115535   ,  0.0769669  ,  0.169645   ,  0.188957   ,  16.3951    ,  0.213103   ,  9.18213    ,  9.99154    ,  8.21453    ,  0.0576055  ])
500     , -4067.95    , array([ 0.115483   ,  0.0769536  ,  0.169715   ,  0.188905   ,  16.3834    ,  0.213355   ,  9.18429    ,  9.97633    ,  8.21396    ,  0.0575435  ])
520     , -4067.95    , array([ 0.115483   ,  0.0770306  ,  0.169715   ,  0.188905   ,  16.3834    ,  0.213142   ,  9.18429    ,  9.97633    ,  8.21396    ,  0.0575435  ])
540     , -4067.95    , array([ 0.115483   ,  0.0769536  ,  0.169715   ,  0.188905   ,  16.3834    ,  0.213142   ,  9.18429    ,  9.97633    ,  8.21396    ,  0.057601   ])
560     , -4067.95    , array([ 0.115483   ,  0.0769536  ,  0.169715   ,  0.188905   ,  16.3834    ,  0.213355   ,  9.18429    ,  9.97633    ,  8.21396    ,  0.0575435  ])
600     , -4067.95    , array([ 0.115483   ,  0.0769536  ,  0.169715   ,  0.188905   ,  16.3834    ,  0.213142   ,  9.18429    ,  9.97633    ,  8.21396    ,  0.057601   ])
640     , -4067.95    , array([ 0.115483   ,  0.0770306  ,  0.169715   ,  0.188905   ,  16.3834    ,  0.213142   ,  9.18429    ,  9.97633    ,  8.21396    ,  0.0575435  ])
680     , -4067.95    , array([ 0.115483   ,  0.0769536  ,  0.169715   ,  0.188905   ,  16.3834    ,  0.213355   ,  9.18429    ,  9.97633    ,  8.21396    ,  0.0575435  ])
700     , -4067.95    , array([ 0.115483   ,  0.0770306  ,  0.169715   ,  0.188905   ,  16.3834    ,  0.213142   ,  9.18429    ,  9.97633    ,  8.21396    ,  0.0575435  ])
720     , -4067.95    , array([ 0.115483   ,  0.0769536  ,  0.169715   ,  0.188905   ,  16.3834    ,  0.213142   ,  9.18429    ,  9.97633    ,  8.21396    ,  0.057601   ])
740     , -4067.95    , array([ 0.115483   ,  0.0769536  ,  0.169715   ,  0.188905   ,  16.3834    ,  0.213355   ,  9.18429    ,  9.97633    ,  8.21396    ,  0.0575435  ])
760     , -4067.07    , array([ 0.115883   ,  0.0771561  ,  0.169639   ,  0.188531   ,  16.3547    ,  0.212967   ,  9.18155    ,  9.99373    ,  8.20531    ,  0.0575838  ])
780     , -4067.95    , array([ 0.115483   ,  0.0769536  ,  0.169715   ,  0.188905   ,  16.3834    ,  0.213142   ,  9.18429    ,  9.97633    ,  8.21396    ,  0.057601   ])
800     , -4067.16    , array([ 0.115838   ,  0.077065   ,  0.169647   ,  0.188572   ,  16.3579    ,  0.2132     ,  9.18186    ,  9.99179    ,  8.20627    ,  0.0575793  ])
820     , -4067.07    , array([ 0.115881   ,  0.0771555  ,  0.169639   ,  0.188532   ,  16.3548    ,  0.212968   ,  9.18157    ,  9.99364    ,  8.20535    ,  0.0575836  ])
840     , -4067.07    , array([ 0.115882   ,  0.0770788  ,  0.169639   ,  0.188531   ,  16.3547    ,  0.212967   ,  9.18156    ,  9.99371    ,  8.20532    ,  0.0576414  ])
860     , -4067.07    , array([ 0.115883   ,  0.077079   ,  0.169639   ,  0.188531   ,  16.3547    ,  0.21318    ,  9.18156    ,  9.99373    ,  8.20531    ,  0.0575838  ])
880     , -4067.07    , array([ 0.115883   ,  0.0771561  ,  0.169639   ,  0.188531   ,  16.3547    ,  0.212967   ,  9.18155    ,  9.99373    ,  8.20531    ,  0.0575838  ])
900     , -4067.07    , array([ 0.115883   ,  0.077079   ,  0.169639   ,  0.188531   ,  16.3547    ,  0.212967   ,  9.18155    ,  9.99373    ,  8.20531    ,  0.0576414  ])
920     , -4067.07    , array([ 0.115883   ,  0.077079   ,  0.169639   ,  0.188531   ,  16.3547    ,  0.21318    ,  9.18155    ,  9.99373    ,  8.20531    ,  0.0575838  ])
940     , -4067.07    , array([ 0.115883   ,  0.0771561  ,  0.169639   ,  0.188531   ,  16.3547    ,  0.212967   ,  9.18155    ,  9.99373    ,  8.20531    ,  0.0575838  ])
960     , -4067.07    , array([ 0.115883   ,  0.077079   ,  0.169639   ,  0.188531   ,  16.3547    ,  0.212967   ,  9.18155    ,  9.99373    ,  8.20531    ,  0.0576414  ])
980     , -4067.07    , array([ 0.115883   ,  0.077079   ,  0.169639   ,  0.188531   ,  16.3547    ,  0.21318    ,  9.18155    ,  9.99373    ,  8.20531    ,  0.0575838  ])
1000    , -4067.07    , array([ 0.115883   ,  0.0771561  ,  0.169639   ,  0.188531   ,  16.3547    ,  0.212967   ,  9.18155    ,  9.99373    ,  8.20531    ,  0.0575838  ])
1020    , -4067.07    , array([ 0.115883   ,  0.077079   ,  0.169639   ,  0.188531   ,  16.3547    ,  0.212967   ,  9.18155    ,  9.99373    ,  8.20531    ,  0.0576414  ])
1040    , -4067.07    , array([ 0.115883   ,  0.077079   ,  0.169639   ,  0.188531   ,  16.3547    ,  0.21318    ,  9.18155    ,  9.99373    ,  8.20531    ,  0.0575838  ])
1060    , -4067.07    , array([ 0.115883   ,  0.0771561  ,  0.169639   ,  0.188531   ,  16.3547    ,  0.212967   ,  9.18155    ,  9.99373    ,  8.20531    ,  0.0575838  ])
1080    , -4067.07    , array([ 0.115883   ,  0.077079   ,  0.169639   ,  0.188531   ,  16.3547    ,  0.212967   ,  9.18155    ,  9.99373    ,  8.20531    ,  0.0576414  ])
1100    , -4067.56    , array([ 0.115658   ,  0.0770084  ,  0.169682   ,  0.188741   ,  16.3708    ,  0.213065   ,  9.18309    ,  9.98393    ,  8.21017    ,  0.0575611  ])
Finshed optimization **************************************************
Unfolded optimal parms:

[  0.11548278   0.07695356   0.16971494   0.18890481  16.38343352
   0.21314177   9.18428749   9.97632781   8.21396029   0.05754346]

theta:

856.975732898


Beginning optimization folded************************************************
1120    , -8423       , array([ 0.0588763  ,  0.0688148  ,  1.20976    ,  1.00266    ,  1.90678    ,  0.897894   ,  0.384429   ,  0.0987403  ,  0.584047   ,  0.0521946  ])
1160    , -5297.33    , array([ 0.0642845  ,  0.0670895  ,  0.473481   ,  0.288626   ,  3.17112    ,  0.741096   ,  1.38674    ,  0.760849   ,  3.09571    ,  0.0508955  ])
1180    , -3188.71    , array([ 0.0702891  ,  0.0550381  ,  0.0803235  ,  0.181151   ,  14.1468    ,  0.694783   ,  4.24391    ,  5.23566    ,  8.72527    ,  0.0481093  ])
1200    , -3188.7     , array([ 0.0702893  ,  0.0550379  ,  0.0802442  ,  0.181152   ,  14.1471    ,  0.694783   ,  4.24406    ,  5.23587    ,  8.72514    ,  0.0481093  ])
1220    , -3187.93    , array([ 0.070291   ,  0.055035   ,  0.0802569  ,  0.181164   ,  14.1512    ,  0.694779   ,  4.25041    ,  5.23869    ,  8.72334    ,  0.0481092  ])
1240    , -3188.27    , array([ 0.070291   ,  0.0550349  ,  0.0803374  ,  0.181164   ,  14.1513    ,  0.694779   ,  4.2462     ,  5.23874    ,  8.7233     ,  0.0481092  ])
1280    , -3187.92    , array([ 0.0702911  ,  0.0550349  ,  0.0802574  ,  0.181164   ,  14.1514    ,  0.694779   ,  4.2505     ,  5.23881    ,  8.72326    ,  0.0481092  ])
1320    , -3188.28    , array([ 0.0702911  ,  0.0550348  ,  0.0802575  ,  0.181165   ,  14.1514    ,  0.694779   ,  4.24626    ,  5.23883    ,  8.72325    ,  0.0481092  ])
1340    , -3033.04    , array([ 0.0714359  ,  0.053145   ,  0.089001   ,  0.189077   ,  17.1149    ,  0.692527   ,  5.87453    ,  7.44783    ,  7.62206    ,  0.0480638  ])
1360    , -3033.29    , array([ 0.0714359  ,  0.053145   ,  0.08909    ,  0.189077   ,  17.1149    ,  0.692527   ,  5.86865    ,  7.44783    ,  7.62206    ,  0.0480638  ])
1400    , -3033.04    , array([ 0.0714359  ,  0.053145   ,  0.0890009  ,  0.189077   ,  17.1149    ,  0.692527   ,  5.87452    ,  7.44786    ,  7.62204    ,  0.0480638  ])
1440    , -3033       , array([ 0.0714359  ,  0.053145   ,  0.0890009  ,  0.189077   ,  17.1149    ,  0.692527   ,  5.86864    ,  7.44787    ,  7.62204    ,  0.0480638  ])
1460    , -2999.34    , array([ 0.0718773  ,  0.053049   ,  0.0876016  ,  0.185446   ,  16.6795    ,  0.686151   ,  5.59174    ,  8.69908    ,  6.95287    ,  0.0482713  ])
1480    , -2999.58    , array([ 0.0718773  ,  0.053049   ,  0.0876892  ,  0.185446   ,  16.6795    ,  0.686151   ,  5.58615    ,  8.69908    ,  6.95287    ,  0.0482713  ])
1500    , -3099.12    , array([ 0.074845   ,  0.0485193  ,  0.059877   ,  0.135015   ,  12.5152    ,  0.63706    ,  8.02042    ,  7.92179    ,  4.47629    ,  0.0525409  ])
1520    , -2997.39    , array([ 0.0722209  ,  0.0524938  ,  0.0837593  ,  0.178637   ,  16.1242    ,  0.680174   ,  5.8353     ,  8.60363    ,  6.60117    ,  0.048756   ])
1540    , -2979.32    , array([ 0.0896993  ,  0.0329685  ,  0.0792624  ,  0.182112   ,  15.3181    ,  0.529298   ,  6.06655    ,  8.93879    ,  6.75703    ,  0.0658505  ])
1560    , -2979.11    , array([ 0.0896993  ,  0.0329685  ,  0.0791832  ,  0.182112   ,  15.3181    ,  0.529298   ,  6.06655    ,  8.93879    ,  6.75703    ,  0.0658505  ])
1580    , -2979.12    , array([ 0.0896993  ,  0.0329685  ,  0.0791832  ,  0.182112   ,  15.3181    ,  0.529298   ,  6.07262    ,  8.93879    ,  6.75703    ,  0.0658505  ])
1600    , -2950.36    , array([ 0.128852   ,  0.0186633  ,  0.073764   ,  0.171682   ,  14.479     ,  0.840601   ,  6.38276    ,  9.89127    ,  7.18271    ,  0.117545   ])
1620    , -2950.16    , array([ 0.128852   ,  0.0186633  ,  0.0736903  ,  0.171682   ,  14.479     ,  0.840601   ,  6.38276    ,  9.89127    ,  7.18271    ,  0.117545   ])
1640    , -2950.18    , array([ 0.128852   ,  0.0186633  ,  0.0736903  ,  0.171682   ,  14.479     ,  0.840601   ,  6.38915    ,  9.89127    ,  7.18271    ,  0.117545   ])
1660    , -2950.36    , array([ 0.128852   ,  0.0186633  ,  0.073764   ,  0.171682   ,  14.479     ,  0.840601   ,  6.38276    ,  9.89127    ,  7.18271    ,  0.117545   ])
1700    , -2950.18    , array([ 0.128852   ,  0.0186633  ,  0.0736903  ,  0.171682   ,  14.479     ,  0.840601   ,  6.38915    ,  9.89127    ,  7.18271    ,  0.117545   ])
1740    , -2950.16    , array([ 0.128852   ,  0.0186633  ,  0.0736903  ,  0.171682   ,  14.479     ,  0.840601   ,  6.38276    ,  9.89127    ,  7.18271    ,  0.117545   ])
