Beginning optimization ************************************************
20      , -8109.66    , array([ 0.111265   ,  0.0946736  ,  1.19771    ,  0.969625   ,  1.01659    ,  0.896347   ,  0.166889   ,  0.258585   ,  0.326533   ,  0.154984   ])
60      , -5589.22    , array([ 0.124457   ,  0.127477   ,  1.04978    ,  0.54727    ,  1.07492    ,  0.565224   ,  0.410363   ,  4.55305    ,  0.422479   ,  0.220525   ])
100     , -5589.16    , array([ 0.124456   ,  0.127604   ,  1.04972    ,  0.547223   ,  1.07489    ,  0.565187   ,  0.410382   ,  4.55325    ,  0.422475   ,  0.22031    ])
120     , -4667.76    , array([ 0.116991   ,  0.127407   ,  0.472609   ,  0.169259   ,  0.76791    ,  0.22892    ,  0.75397    ,  8.30598    ,  0.36422    ,  0.295438   ])
140     , -4668.1     , array([ 0.116991   ,  0.127408   ,  0.472607   ,  0.16926    ,  0.767914   ,  0.229146   ,  0.753976   ,  8.30599    ,  0.364217   ,  0.295143   ])
180     , -4274.18    , array([ 0.122004   ,  0.153929   ,  0.354938   ,  0.195676   ,  1.08872    ,  0.0894708  ,  1.3416     ,  9.47712    ,  0.190988   ,  0.386085   ])
220     , -4269.67    , array([ 0.122051   ,  0.154493   ,  0.352568   ,  0.195949   ,  1.09403    ,  0.0890133  ,  1.35012    ,  9.49212    ,  0.189438   ,  0.386334   ])
260     , -4269.78    , array([ 0.122051   ,  0.154339   ,  0.352568   ,  0.195949   ,  1.09403    ,  0.0891023  ,  1.35012    ,  9.49212    ,  0.189438   ,  0.386334   ])
280     , -4167.56    , array([ 0.123096   ,  0.163965   ,  0.303505   ,  0.20215    ,  1.21999    ,  0.0793692  ,  1.55528    ,  9.8339     ,  0.157875   ,  0.400807   ])
300     , -4146.56    , array([ 0.123307   ,  0.16577    ,  0.294513   ,  0.203418   ,  1.24696    ,  0.0775632  ,  1.60008    ,  9.90397    ,  0.152204   ,  0.404181   ])
320     , -4146.5     , array([ 0.123307   ,  0.16577    ,  0.294513   ,  0.203418   ,  1.24696    ,  0.0776408  ,  1.60008    ,  9.90397    ,  0.152204   ,  0.403777   ])
340     , -4125.38    , array([ 0.123517   ,  0.16792    ,  0.285825   ,  0.204689   ,  1.27441    ,  0.0758061  ,  1.64596    ,  9.97423    ,  0.146761   ,  0.406755   ])
360     , -4125.45    , array([ 0.123517   ,  0.167752   ,  0.285825   ,  0.204689   ,  1.27441    ,  0.0758061  ,  1.64596    ,  9.97423    ,  0.146761   ,  0.407162   ])
400     , -4125.38    , array([ 0.123517   ,  0.16792    ,  0.285825   ,  0.204689   ,  1.27441    ,  0.0758061  ,  1.64596    ,  9.97423    ,  0.146761   ,  0.406755   ])
420     , -4120.16    , array([ 0.123569   ,  0.168252   ,  0.283693   ,  0.205007   ,  1.28137    ,  0.0753731  ,  1.65763    ,  9.99187    ,  0.145431   ,  0.407911   ])
440     , -4121.86    , array([ 0.123552   ,  0.168085   ,  0.284402   ,  0.204901   ,  1.27905    ,  0.0755927  ,  1.65373    ,  9.98598    ,  0.145873   ,  0.407254   ])
460     , -4120.29    , array([ 0.123567   ,  0.168402   ,  0.283772   ,  0.204996   ,  1.28111    ,  0.0753891  ,  1.6572     ,  9.99121    ,  0.14548    ,  0.407475   ])
480     , -4120.2     , array([ 0.123569   ,  0.168248   ,  0.28371    ,  0.205005   ,  1.28132    ,  0.0753764  ,  1.65754    ,  9.99173    ,  0.145441   ,  0.407905   ])
500     , -4120.09    , array([ 0.123569   ,  0.168252   ,  0.283694   ,  0.205007   ,  1.28137    ,  0.0754486  ,  1.65762    ,  9.99186    ,  0.145431   ,  0.407503   ])
520     , -4120.09    , array([ 0.123569   ,  0.16842    ,  0.283693   ,  0.205007   ,  1.28137    ,  0.0753731  ,  1.65763    ,  9.99187    ,  0.145431   ,  0.407503   ])
540     , -4120.16    , array([ 0.123569   ,  0.168252   ,  0.283693   ,  0.205007   ,  1.28137    ,  0.0753731  ,  1.65763    ,  9.99187    ,  0.145431   ,  0.407911   ])
560     , -4120.09    , array([ 0.123569   ,  0.168252   ,  0.283693   ,  0.205007   ,  1.28137    ,  0.0754485  ,  1.65763    ,  9.99187    ,  0.145431   ,  0.407503   ])
580     , -4120.09    , array([ 0.123569   ,  0.16842    ,  0.283693   ,  0.205007   ,  1.28137    ,  0.0753731  ,  1.65763    ,  9.99187    ,  0.145431   ,  0.407503   ])
600     , -4120.16    , array([ 0.123569   ,  0.168252   ,  0.283693   ,  0.205007   ,  1.28137    ,  0.0753731  ,  1.65763    ,  9.99187    ,  0.145431   ,  0.407911   ])
620     , -4120.09    , array([ 0.123569   ,  0.168252   ,  0.283693   ,  0.205007   ,  1.28137    ,  0.0754485  ,  1.65763    ,  9.99187    ,  0.145431   ,  0.407503   ])
640     , -4120.09    , array([ 0.123569   ,  0.16842    ,  0.283693   ,  0.205007   ,  1.28137    ,  0.0753731  ,  1.65763    ,  9.99187    ,  0.145431   ,  0.407503   ])
660     , -4120.16    , array([ 0.123569   ,  0.168252   ,  0.283693   ,  0.205007   ,  1.28137    ,  0.0753731  ,  1.65763    ,  9.99187    ,  0.145431   ,  0.407911   ])
680     , -4120.09    , array([ 0.123569   ,  0.168252   ,  0.283693   ,  0.205007   ,  1.28137    ,  0.0754485  ,  1.65763    ,  9.99187    ,  0.145431   ,  0.407503   ])
700     , -4118.76    , array([ 0.123583   ,  0.168384   ,  0.283134   ,  0.205092   ,  1.28321    ,  0.0752593  ,  1.66072    ,  9.99652    ,  0.145082   ,  0.407701   ])
Finshed optimization **************************************************
Unfolded optimal parms:

[ 0.12200444  0.1539286   0.35493861  0.19567629  1.0887138   0.08947094
  1.34160267  9.47711968  0.19098858  0.38569933]

theta:

727.891430937


Beginning optimization folded************************************************
720     , -9488.28    , array([ 0.115878   ,  0.0863696  ,  1.70266    ,  0.664879   ,  1.71641    ,  1.05349    ,  0.125381   ,  0.148232   ,  0.260557   ,  0.150468   ])
740     , -7736.57    , array([ 0.11241    ,  0.0950039  ,  1.23968    ,  0.998144   ,  1.1894     ,  0.994203   ,  0.169992   ,  0.2921     ,  0.327514   ,  0.158606   ])
780     , -4970.05    , array([ 0.114769   ,  0.103072   ,  0.87095    ,  0.501977   ,  1.01143    ,  0.796155   ,  0.381375   ,  3.62928    ,  0.328719   ,  0.209956   ])
800     , -3834.81    , array([ 0.0912515  ,  0.0708292  ,  0.0746851  ,  0.0987499  ,  0.416357   ,  0.0884212  ,  2.71833    ,  7.12932    ,  0.164561   ,  0.574133   ])
820     , -3835.04    , array([ 0.0912515  ,  0.0708294  ,  0.0746851  ,  0.0988488  ,  0.416358   ,  0.0884201  ,  2.71837    ,  7.12221    ,  0.164559   ,  0.574136   ])
840     , -3504.68    , array([ 0.0962284  ,  0.109315   ,  0.0551068  ,  0.115585   ,  0.538895   ,  0.04394    ,  4.11339    ,  8.55655    ,  0.0804046  ,  0.693946   ])
860     , -3242.99    , array([ 0.110027   ,  0.30114    ,  0.0312019  ,  0.109811   ,  0.65466    ,  0.0508198  ,  9.88605    ,  8.37291    ,  0.0324233  ,  0.575314   ])
880     , -3243.28    , array([ 0.110026   ,  0.301141   ,  0.031202   ,  0.109921   ,  0.654658   ,  0.0508197  ,  9.88605    ,  8.36455    ,  0.0324232  ,  0.575312   ])
920     , -3242.99    , array([ 0.110026   ,  0.301142   ,  0.031202   ,  0.109811   ,  0.654655   ,  0.0508195  ,  9.88605    ,  8.37292    ,  0.0324231  ,  0.57531    ])
940     , -3196.38    , array([ 0.0518611  ,  0.661366   ,  0.0475751  ,  0.0769855  ,  0.226348   ,  0.0304544  ,  9.18438    ,  9.26188    ,  0.0164843  ,  0.212791   ])
960     , -3196.6     , array([ 0.0518611  ,  0.661366   ,  0.0475751  ,  0.0769085  ,  0.226348   ,  0.0304544  ,  9.18438    ,  9.26189    ,  0.0164843  ,  0.212791   ])
980     , -3196.14    , array([ 0.0518611  ,  0.661366   ,  0.0475751  ,  0.0769085  ,  0.226348   ,  0.0304544  ,  9.18438    ,  9.27115    ,  0.0164843  ,  0.212791   ])
1000    , -3196.38    , array([ 0.0518611  ,  0.661366   ,  0.0475751  ,  0.0769855  ,  0.226348   ,  0.0304544  ,  9.18438    ,  9.26189    ,  0.0164843  ,  0.212791   ])
1020    , -3196.6     , array([ 0.0518611  ,  0.661366   ,  0.0475751  ,  0.0769085  ,  0.226348   ,  0.0304544  ,  9.18438    ,  9.26189    ,  0.0164843  ,  0.212791   ])
1040    , -3175.4     , array([ 0.0489523  ,  0.606374   ,  0.0482166  ,  0.0779857  ,  0.183036   ,  0.0314976  ,  8.73171    ,  9.78385    ,  0.0120561  ,  0.184809   ])
1060    , -3168.62    , array([ 0.0480009  ,  0.588738   ,  0.0484366  ,  0.0784337  ,  0.170284   ,  0.0318603  ,  8.58294    ,  9.95459    ,  0.0108396  ,  0.176159   ])
1080    , -3168.83    , array([ 0.0480009  ,  0.588738   ,  0.0484366  ,  0.0783553  ,  0.170284   ,  0.0318603  ,  8.58294    ,  9.95459    ,  0.0108396  ,  0.176159   ])
1100    , -3168.37    , array([ 0.0480009  ,  0.588738   ,  0.0484366  ,  0.0783553  ,  0.170284   ,  0.0318603  ,  8.58294    ,  9.96455    ,  0.0108396  ,  0.176159   ])
1120    , -3167.43    , array([ 0.047841   ,  0.585792   ,  0.0484742  ,  0.0784968  ,  0.168206   ,  0.0319224  ,  8.5579     ,  9.98561    ,  0.0106453  ,  0.174729   ])
1160    , -3167.07    , array([ 0.047827   ,  0.585534   ,  0.0484775  ,  0.0784239  ,  0.168025   ,  0.0319279  ,  8.5557     ,  9.99833    ,  0.0106284  ,  0.174604   ])
1180    , -3167.05    , array([ 0.0477906  ,  0.584864   ,  0.048486   ,  0.0785167  ,  0.167555   ,  0.0319421  ,  8.55001    ,  9.99542    ,  0.0105847  ,  0.17428    ])
1200    , -3167.35    , array([ 0.0478027  ,  0.585087   ,  0.0484832  ,  0.0784335  ,  0.167712   ,  0.0319373  ,  8.55191    ,  9.99306    ,  0.0105993  ,  0.174388   ])
1240    , -3167.05    , array([ 0.0477907  ,  0.584866   ,  0.048486   ,  0.0785167  ,  0.167557   ,  0.031942   ,  8.55002    ,  9.9954     ,  0.0105848  ,  0.174281   ])
1260    , -3167.26    , array([ 0.0477906  ,  0.584864   ,  0.048486   ,  0.0784382  ,  0.167555   ,  0.0319421  ,  8.55001    ,  9.99542    ,  0.0105847  ,  0.17428    ])
1300    , -3167.05    , array([ 0.0477906  ,  0.584864   ,  0.048486   ,  0.0785167  ,  0.167555   ,  0.0319421  ,  8.55001    ,  9.99542    ,  0.0105847  ,  0.17428    ])
1320    , -3167.26    , array([ 0.0477906  ,  0.584864   ,  0.048486   ,  0.0784382  ,  0.167555   ,  0.0319421  ,  8.55001    ,  9.99542    ,  0.0105847  ,  0.17428    ])
1360    , -3167.05    , array([ 0.0477906  ,  0.584864   ,  0.048486   ,  0.0785167  ,  0.167555   ,  0.0319421  ,  8.55001    ,  9.99542    ,  0.0105847  ,  0.17428    ])
1380    , -3167.26    , array([ 0.0477906  ,  0.584864   ,  0.048486   ,  0.0784382  ,  0.167555   ,  0.0319421  ,  8.55001    ,  9.99542    ,  0.0105847  ,  0.17428    ])
1420    , -3167.05    , array([ 0.0477906  ,  0.584864   ,  0.048486   ,  0.0785167  ,  0.167555   ,  0.0319421  ,  8.55001    ,  9.99542    ,  0.0105847  ,  0.17428    ])
1440    , -3167.26    , array([ 0.0477906  ,  0.584864   ,  0.048486   ,  0.0784382  ,  0.167555   ,  0.0319421  ,  8.55001    ,  9.99542    ,  0.0105847  ,  0.17428    ])
1480    , -3167.05    , array([ 0.0477906  ,  0.584864   ,  0.048486   ,  0.0785167  ,  0.167555   ,  0.0319421  ,  8.55001    ,  9.99542    ,  0.0105847  ,  0.17428    ])
1500    , -3172.8     , array([ 0.0485363  ,  0.598642   ,  0.0483122  ,  0.0781462  ,  0.177378   ,  0.0316548  ,  8.6667     ,  9.85216    ,  0.0115112  ,  0.181178   ])
1520    , -3168.14    , array([ 0.047937   ,  0.587561   ,  0.0484516  ,  0.0784589  ,  0.169452   ,  0.0318851  ,  8.57294    ,  9.96695    ,  0.0107616  ,  0.175587   ])
1540    , -3167.24    , array([ 0.0477884  ,  0.584823   ,  0.0484865  ,  0.0784391  ,  0.167527   ,  0.0319429  ,  8.54966    ,  9.99586    ,  0.010582   ,  0.17426    ])
Beginning optimization folded************************************************
Folded optimal parms:

[ 0.05186113  0.66136601  0.04757514  0.07690851  0.226348    0.03045435
  9.18438248  9.26188478  0.01648429  0.21279127]

theta:

1002.61381368


