Beginning optimization ************************************************
20      , -7966.04    , array([ 0.0753503  ,  0.0608342  ,  1.57755    ,  1.4891     ,  0.923368   ,  0.988178   ,  0.395967   ,  0.239225   ,  0.26894    ,  0.162311   ])
60      , -5448.71    , array([ 0.0816633  ,  0.0697489  ,  1.17248    ,  0.848655   ,  0.765142   ,  0.717063   ,  0.817932   ,  3.61692    ,  0.365937   ,  0.202566   ])
100     , -5305.82    , array([ 0.0813084  ,  0.0686301  ,  1.07199    ,  0.740636   ,  0.755224   ,  0.638672   ,  0.849429   ,  3.91615    ,  0.355775   ,  0.206653   ])
120     , -4531.92    , array([ 0.0784341  ,  0.059494   ,  0.511307   ,  0.240509   ,  0.678052   ,  0.24541    ,  1.16064    ,  7.55172    ,  0.28192    ,  0.246003   ])
140     , -4532.18    , array([ 0.0784343  ,  0.0594941  ,  0.511305   ,  0.240509   ,  0.678051   ,  0.245654   ,  1.16065    ,  7.55174    ,  0.281916   ,  0.245759   ])
180     , -4531.91    , array([ 0.0784344  ,  0.0594942  ,  0.511303   ,  0.24051    ,  0.678049   ,  0.245407   ,  1.16067    ,  7.55177    ,  0.281912   ,  0.246006   ])
200     , -4266.17    , array([ 0.0894935  ,  0.0655359  ,  0.381779   ,  0.281286   ,  0.601259   ,  0.147322   ,  2.88168    ,  9.21692    ,  0.0973494  ,  0.384244   ])
220     , -4265.91    , array([ 0.0894935  ,  0.0656015  ,  0.381778   ,  0.281286   ,  0.601259   ,  0.147175   ,  2.88168    ,  9.21692    ,  0.0973493  ,  0.384244   ])
240     , -4266.01    , array([ 0.0894937  ,  0.0655361  ,  0.381776   ,  0.281286   ,  0.601261   ,  0.147174   ,  2.88169    ,  9.21697    ,  0.0973475  ,  0.384631   ])
260     , -4266.17    , array([ 0.0894937  ,  0.0655361  ,  0.381775   ,  0.281286   ,  0.601261   ,  0.147322   ,  2.88169    ,  9.21697    ,  0.0973475  ,  0.384247   ])
300     , -4266.01    , array([ 0.0894937  ,  0.0655362  ,  0.381775   ,  0.281287   ,  0.601261   ,  0.147174   ,  2.88169    ,  9.21698    ,  0.0973471  ,  0.384632   ])
320     , -4200.46    , array([ 0.0915889  ,  0.0675796  ,  0.347933   ,  0.290033   ,  0.616927   ,  0.141357   ,  3.04477    ,  9.7564     ,  0.0787996  ,  0.415399   ])
340     , -4200.21    , array([ 0.0915889  ,  0.0676472  ,  0.347933   ,  0.290033   ,  0.616927   ,  0.141216   ,  3.04477    ,  9.7564     ,  0.0787996  ,  0.415399   ])
360     , -4200.3     , array([ 0.0915889  ,  0.0675796  ,  0.347933   ,  0.290033   ,  0.616927   ,  0.141216   ,  3.04477    ,  9.7564     ,  0.0787996  ,  0.415814   ])
400     , -4179.19    , array([ 0.092291   ,  0.0683361  ,  0.337437   ,  0.292979   ,  0.622185   ,  0.139303   ,  3.10059    ,  9.94125    ,  0.0734904  ,  0.426223   ])
440     , -4174.92    , array([ 0.0924446  ,  0.0684186  ,  0.335193   ,  0.293624   ,  0.623336   ,  0.139029   ,  3.11288    ,  9.98197    ,  0.0723823  ,  0.428618   ])
460     , -4174.67    , array([ 0.0924446  ,  0.068487   ,  0.335193   ,  0.293624   ,  0.623336   ,  0.13889    ,  3.11288    ,  9.98197    ,  0.0723823  ,  0.428618   ])
480     , -4173.73    , array([ 0.0924794  ,  0.0684528  ,  0.334687   ,  0.293771   ,  0.623598   ,  0.138796   ,  3.11567    ,  9.99122    ,  0.0721335  ,  0.429592   ])
500     , -4173.41    , array([ 0.0924961  ,  0.0684692  ,  0.334445   ,  0.293841   ,  0.623723   ,  0.13889    ,  3.117      ,  9.99565    ,  0.072015   ,  0.429423   ])
520     , -4173.13    , array([ 0.0924968  ,  0.0685384  ,  0.334434   ,  0.293844   ,  0.623728   ,  0.13875    ,  3.11706    ,  9.99584    ,  0.0720097  ,  0.429434   ])
540     , -4173.22    , array([ 0.0924969  ,  0.0684699  ,  0.334434   ,  0.293844   ,  0.623728   ,  0.13875    ,  3.11707    ,  9.99585    ,  0.0720095  ,  0.429864   ])
560     , -4173.39    , array([ 0.0924969  ,  0.06847    ,  0.334434   ,  0.293844   ,  0.623728   ,  0.138888   ,  3.11707    ,  9.99585    ,  0.0720094  ,  0.429435   ])
580     , -4173.13    , array([ 0.0924969  ,  0.0685385  ,  0.334434   ,  0.293844   ,  0.623728   ,  0.13875    ,  3.11707    ,  9.99585    ,  0.0720094  ,  0.429435   ])
600     , -4173.22    , array([ 0.0924969  ,  0.06847    ,  0.334434   ,  0.293844   ,  0.623728   ,  0.13875    ,  3.11707    ,  9.99585    ,  0.0720094  ,  0.429864   ])
620     , -4173.39    , array([ 0.0924969  ,  0.06847    ,  0.334434   ,  0.293844   ,  0.623728   ,  0.138888   ,  3.11707    ,  9.99585    ,  0.0720094  ,  0.429435   ])
640     , -4173.13    , array([ 0.0924969  ,  0.0685385  ,  0.334434   ,  0.293844   ,  0.623728   ,  0.13875    ,  3.11707    ,  9.99585    ,  0.0720094  ,  0.429435   ])
660     , -4173.22    , array([ 0.0924969  ,  0.06847    ,  0.334434   ,  0.293844   ,  0.623728   ,  0.13875    ,  3.11707    ,  9.99585    ,  0.0720094  ,  0.429864   ])
680     , -4173.39    , array([ 0.0924969  ,  0.06847    ,  0.334434   ,  0.293844   ,  0.623728   ,  0.138888   ,  3.11707    ,  9.99585    ,  0.0720094  ,  0.429435   ])
700     , -4173.13    , array([ 0.0924969  ,  0.0685385  ,  0.334434   ,  0.293844   ,  0.623728   ,  0.13875    ,  3.11707    ,  9.99585    ,  0.0720094  ,  0.429435   ])
720     , -4200.67    , array([ 0.0915886  ,  0.0675794  ,  0.347936   ,  0.290032   ,  0.616925   ,  0.141216   ,  3.0478     ,  9.75634    ,  0.0788013  ,  0.415395   ])
740     , -4176.36    , array([ 0.0923869  ,  0.0684304  ,  0.336033   ,  0.293382   ,  0.622904   ,  0.139045   ,  3.10826    ,  9.96667    ,  0.0727961  ,  0.427718   ])
760     , -4174.46    , array([ 0.0924538  ,  0.0684276  ,  0.33506    ,  0.293663   ,  0.623405   ,  0.138865   ,  3.11361    ,  9.9844     ,  0.0723892  ,  0.428761   ])
Finshed optimization **************************************************
Unfolded optimal parms:

[ 0.08949347  0.06553594  0.38177875  0.28128558  0.60125931  0.14717501
  2.88167529  9.21691791  0.09734941  0.38424425]

theta:

755.638830989


Beginning optimization folded************************************************
780     , -9219.18    , array([ 0.0821673  ,  0.0555218  ,  2.72139    ,  1.13975    ,  1.42938    ,  1.21613    ,  0.366827   ,  0.134972   ,  0.207738   ,  0.165514   ])
800     , -4800.95    , array([ 0.0766217  ,  0.0595373  ,  0.904024   ,  0.859797   ,  0.870938   ,  0.816078   ,  0.676648   ,  2.77994    ,  0.276299   ,  0.18645    ])
840     , -4801.42    , array([ 0.0766212  ,  0.0595362  ,  0.904838   ,  0.859753   ,  0.870914   ,  0.816005   ,  0.676693   ,  2.77999    ,  0.276288   ,  0.186454   ])
880     , -3987.16    , array([ 0.0631213  ,  0.0350221  ,  0.0623289  ,  0.215564   ,  0.420989   ,  0.0749979  ,  4.02178    ,  4.65058    ,  0.0964126  ,  0.323127   ])
920     , -3987.48    , array([ 0.0631215  ,  0.0350235  ,  0.0623267  ,  0.21557    ,  0.420977   ,  0.0749897  ,  4.01845    ,  4.65071    ,  0.096404   ,  0.323138   ])
940     , -3645.12    , array([ 0.0641449  ,  0.0411502  ,  0.0540488  ,  0.239394   ,  0.376188   ,  0.0485817  ,  7.9942     ,  5.19772    ,  0.0675607  ,  0.371069   ])
960     , -3645.19    , array([ 0.064145   ,  0.0411502  ,  0.0541029  ,  0.239395   ,  0.376189   ,  0.0485817  ,  7.98621    ,  5.19772    ,  0.0675606  ,  0.371069   ])
1000    , -3645.12    , array([ 0.064145   ,  0.0411503  ,  0.0540488  ,  0.239395   ,  0.376189   ,  0.0485816  ,  7.99421    ,  5.19773    ,  0.0675605  ,  0.371069   ])
1020    , -3501.91    , array([ 0.067483   ,  0.0532071  ,  0.0485416  ,  0.256903   ,  0.401558   ,  0.0358519  ,  8.94124    ,  5.6147     ,  0.0523534  ,  0.391237   ])
1040    , -3502.04    , array([ 0.067483   ,  0.0532072  ,  0.0484931  ,  0.256903   ,  0.401558   ,  0.0358519  ,  8.94124    ,  5.6147     ,  0.0523534  ,  0.391237   ])
1060    , -3501.84    , array([ 0.0674831  ,  0.0532072  ,  0.0484931  ,  0.256903   ,  0.401558   ,  0.0358519  ,  8.95019    ,  5.6147     ,  0.0523534  ,  0.391237   ])
1080    , -3501.9     , array([ 0.0674831  ,  0.0532072  ,  0.0485416  ,  0.256903   ,  0.401558   ,  0.0358519  ,  8.94125    ,  5.6147     ,  0.0523534  ,  0.391237   ])
1120    , -3501.84    , array([ 0.0674831  ,  0.0532072  ,  0.0484931  ,  0.256903   ,  0.401558   ,  0.0358519  ,  8.95019    ,  5.6147     ,  0.0523534  ,  0.391237   ])
1140    , -3471.5     , array([ 0.0738648  ,  0.0642015  ,  0.0433966  ,  0.239914   ,  0.397369   ,  0.0391908  ,  9.73774    ,  5.51585    ,  0.0488662  ,  0.375845   ])
1160    , -3471.69    , array([ 0.0738648  ,  0.0642015  ,  0.0433532  ,  0.239914   ,  0.397369   ,  0.0391908  ,  9.73774    ,  5.51585    ,  0.0488662  ,  0.375845   ])
1180    , -3471.49    , array([ 0.0738648  ,  0.0642016  ,  0.0433532  ,  0.239914   ,  0.397368   ,  0.0391908  ,  9.74748    ,  5.51585    ,  0.0488662  ,  0.375845   ])
1200    , -3471.5     , array([ 0.0738648  ,  0.0642016  ,  0.0433966  ,  0.239914   ,  0.397368   ,  0.0391908  ,  9.73774    ,  5.51585    ,  0.0488662  ,  0.375845   ])
1220    , -3456.43    , array([ 0.0819674  ,  0.0708779  ,  0.043899   ,  0.224921   ,  0.357668   ,  0.0381661  ,  9.89158    ,  5.46307    ,  0.048819   ,  0.353753   ])
1260    , -3449.61    , array([ 0.0858085  ,  0.0740314  ,  0.0441855  ,  0.218625   ,  0.34148    ,  0.0377237  ,  9.96004    ,  5.44001    ,  0.0487983  ,  0.344449   ])
1280    , -3446.78    , array([ 0.087573   ,  0.0754776  ,  0.0442495  ,  0.215883   ,  0.334523   ,  0.0375288  ,  9.99062    ,  5.42979    ,  0.0487891  ,  0.340392   ])
1320    , -3446.29    , array([ 0.087794   ,  0.0756586  ,  0.0443072  ,  0.215546   ,  0.333671   ,  0.0375047  ,  9.99441    ,  5.42853    ,  0.0487879  ,  0.339894   ])
1340    , -3446.41    , array([ 0.087796   ,  0.0756603  ,  0.044263   ,  0.215543   ,  0.333664   ,  0.0375045  ,  9.99444    ,  5.42852    ,  0.0487879  ,  0.339889   ])
1380    , -3446.29    , array([ 0.0877961  ,  0.0756603  ,  0.0443073  ,  0.215543   ,  0.333663   ,  0.0375045  ,  9.99444    ,  5.42852    ,  0.0487879  ,  0.339889   ])
1400    , -3446.41    , array([ 0.0877961  ,  0.0756603  ,  0.044263   ,  0.215543   ,  0.333663   ,  0.0375045  ,  9.99444    ,  5.42852    ,  0.0487879  ,  0.339889   ])
1440    , -3446.29    , array([ 0.0877961  ,  0.0756603  ,  0.0443073  ,  0.215543   ,  0.333663   ,  0.0375045  ,  9.99444    ,  5.42852    ,  0.0487879  ,  0.339889   ])
1460    , -3446.41    , array([ 0.0877961  ,  0.0756603  ,  0.044263   ,  0.215543   ,  0.333663   ,  0.0375045  ,  9.99444    ,  5.42852    ,  0.0487879  ,  0.339889   ])
1500    , -3446.29    , array([ 0.0877961  ,  0.0756603  ,  0.0443073  ,  0.215543   ,  0.333663   ,  0.0375045  ,  9.99444    ,  5.42852    ,  0.0487879  ,  0.339889   ])
1520    , -3446.41    , array([ 0.0877961  ,  0.0756603  ,  0.044263   ,  0.215543   ,  0.333663   ,  0.0375045  ,  9.99444    ,  5.42852    ,  0.0487879  ,  0.339889   ])
1560    , -3456.37    , array([ 0.0820493  ,  0.0708779  ,  0.043899   ,  0.224921   ,  0.357668   ,  0.0381661  ,  9.89158    ,  5.46308    ,  0.048819   ,  0.353753   ])
1580    , -3448.83    , array([ 0.086346   ,  0.0744721  ,  0.0441745  ,  0.21778    ,  0.33933    ,  0.0376638  ,  9.96941    ,  5.43688    ,  0.0488443  ,  0.343199   ])
1600    , -3445.75    , array([ 0.0880477  ,  0.0758664  ,  0.0442783  ,  0.215376   ,  0.332699   ,  0.0374772  ,  9.99875    ,  5.42708    ,  0.0487866  ,  0.339323   ])
Beginning optimization folded************************************************
Folded optimal parms:

[ 0.0738648   0.06420153  0.04335322  0.23991409  0.39736871  0.03919083
  9.73773866  5.51585445  0.04886624  0.37584485]

theta:

996.503267782


