Beginning optimization ************************************************
20      , -9397.33    , array([ 0.145024   ,  0.0783119  ,  1.53034    ,  1.30446    ,  1.61174    ,  1.28131    ,  0.43681    ,  0.108311   ,  0.187701   ,  0.15082    ])
60      , -6062.12    , array([ 0.156075   ,  0.104931   ,  1.11012    ,  0.548586   ,  0.844448   ,  1.01122    ,  0.851051   ,  1.68644    ,  0.45292    ,  0.190992   ])
100     , -6061.84    , array([ 0.156074   ,  0.105035   ,  1.11002    ,  0.548537   ,  0.84447    ,  1.01116    ,  0.850995   ,  1.68677    ,  0.452894   ,  0.190806   ])
120     , -5252.44    , array([ 0.146774   ,  0.101916   ,  0.527829   ,  0.268045   ,  1.0319     ,  0.614401   ,  0.506866   ,  8.21373    ,  0.283958   ,  0.224911   ])
140     , -5252.82    , array([ 0.146774   ,  0.101916   ,  0.527827   ,  0.268044   ,  1.03189    ,  0.615013   ,  0.506868   ,  8.21375    ,  0.283956   ,  0.224687   ])
180     , -5249.65    , array([ 0.14677    ,  0.101859   ,  0.526564   ,  0.267125   ,  1.03033    ,  0.613041   ,  0.507735   ,  8.22208    ,  0.283284   ,  0.225314   ])
200     , -4922.57    , array([ 0.146116   ,  0.0938658  ,  0.37013    ,  0.161174   ,  0.823743   ,  0.443077   ,  0.653008   ,  9.54572    ,  0.1998     ,  0.292696   ])
220     , -4922.29    , array([ 0.146116   ,  0.0939597  ,  0.37013    ,  0.161174   ,  0.823742   ,  0.442634   ,  0.653009   ,  9.54572    ,  0.1998     ,  0.292696   ])
240     , -4922.2     , array([ 0.146116   ,  0.0938658  ,  0.37013    ,  0.161174   ,  0.823742   ,  0.442634   ,  0.653009   ,  9.54573    ,  0.199799   ,  0.292989   ])
260     , -4922.57    , array([ 0.146116   ,  0.0938658  ,  0.37013    ,  0.161174   ,  0.823742   ,  0.443077   ,  0.653009   ,  9.54573    ,  0.199799   ,  0.292696   ])
300     , -4922.2     , array([ 0.146116   ,  0.0938658  ,  0.37013    ,  0.161174   ,  0.823742   ,  0.442634   ,  0.65301    ,  9.54573    ,  0.199799   ,  0.292989   ])
340     , -4922.29    , array([ 0.146116   ,  0.0939597  ,  0.37013    ,  0.161174   ,  0.823742   ,  0.442634   ,  0.65301    ,  9.54573    ,  0.199799   ,  0.292697   ])
360     , -4880.66    , array([ 0.146876   ,  0.0928786  ,  0.366296   ,  0.159277   ,  0.806105   ,  0.423226   ,  0.682562   ,  9.88659    ,  0.186197   ,  0.307264   ])
380     , -4881.05    , array([ 0.146876   ,  0.0928786  ,  0.366296   ,  0.159277   ,  0.806105   ,  0.423649   ,  0.682562   ,  9.88659    ,  0.186197   ,  0.306956   ])
420     , -4880.66    , array([ 0.146876   ,  0.0928786  ,  0.366296   ,  0.159277   ,  0.806105   ,  0.423226   ,  0.682562   ,  9.88659    ,  0.186197   ,  0.307264   ])
440     , -4874.28    , array([ 0.147001   ,  0.0927167  ,  0.365668   ,  0.158966   ,  0.803232   ,  0.420526   ,  0.687565   ,  9.94399    ,  0.184044   ,  0.309375   ])
460     , -4868.05    , array([ 0.147113   ,  0.0926664  ,  0.365113   ,  0.158692   ,  0.800699   ,  0.417366   ,  0.69202    ,  9.99503    ,  0.18216    ,  0.31153    ])
480     , -4869.47    , array([ 0.147084   ,  0.09261    ,  0.365254   ,  0.158761   ,  0.801341   ,  0.41806    ,  0.690887   ,  9.98205    ,  0.182636   ,  0.311293   ])
500     , -4868.44    , array([ 0.147111   ,  0.0925763  ,  0.365123   ,  0.158697   ,  0.800744   ,  0.417833   ,  0.69194    ,  9.99411    ,  0.182193   ,  0.311492   ])
520     , -4868.05    , array([ 0.147113   ,  0.0926665  ,  0.365113   ,  0.158692   ,  0.800701   ,  0.417369   ,  0.692017   ,  9.99499    ,  0.182161   ,  0.311528   ])
540     , -4867.96    , array([ 0.147113   ,  0.0925738  ,  0.365113   ,  0.158692   ,  0.800699   ,  0.417367   ,  0.69202    ,  9.99502    ,  0.18216    ,  0.311842   ])
560     , -4868.33    , array([ 0.147113   ,  0.0925738  ,  0.365113   ,  0.158692   ,  0.800699   ,  0.417784   ,  0.69202    ,  9.99503    ,  0.18216    ,  0.31153    ])
580     , -4868.05    , array([ 0.147113   ,  0.0926664  ,  0.365113   ,  0.158692   ,  0.800699   ,  0.417366   ,  0.69202    ,  9.99503    ,  0.18216    ,  0.31153    ])
600     , -4867.96    , array([ 0.147113   ,  0.0925738  ,  0.365113   ,  0.158692   ,  0.800699   ,  0.417366   ,  0.69202    ,  9.99503    ,  0.18216    ,  0.311842   ])
620     , -4868.33    , array([ 0.147113   ,  0.0925738  ,  0.365113   ,  0.158692   ,  0.800699   ,  0.417784   ,  0.69202    ,  9.99503    ,  0.18216    ,  0.31153    ])
640     , -4868.05    , array([ 0.147113   ,  0.0926664  ,  0.365113   ,  0.158692   ,  0.800699   ,  0.417366   ,  0.69202    ,  9.99503    ,  0.18216    ,  0.31153    ])
660     , -4867.96    , array([ 0.147113   ,  0.0925738  ,  0.365113   ,  0.158692   ,  0.800699   ,  0.417366   ,  0.69202    ,  9.99503    ,  0.18216    ,  0.311842   ])
680     , -4868.33    , array([ 0.147113   ,  0.0925738  ,  0.365113   ,  0.158692   ,  0.800699   ,  0.417784   ,  0.69202    ,  9.99503    ,  0.18216    ,  0.31153    ])
700     , -4868.05    , array([ 0.147113   ,  0.0926664  ,  0.365113   ,  0.158692   ,  0.800699   ,  0.417366   ,  0.69202    ,  9.99503    ,  0.18216    ,  0.31153    ])
720     , -4867.96    , array([ 0.147113   ,  0.0925738  ,  0.365113   ,  0.158692   ,  0.800699   ,  0.417366   ,  0.69202    ,  9.99503    ,  0.18216    ,  0.311842   ])
740     , -4880.75    , array([ 0.146876   ,  0.0929716  ,  0.366297   ,  0.159277   ,  0.806106   ,  0.423226   ,  0.682561   ,  9.88657    ,  0.186198   ,  0.306956   ])
760     , -4870.48    , array([ 0.147066   ,  0.0926335  ,  0.365345   ,  0.158806   ,  0.801756   ,  0.418509   ,  0.690155   ,  9.97367    ,  0.183128   ,  0.310628   ])
Finshed optimization **************************************************
Unfolded optimal parms:

[ 0.1461159   0.09386581  0.3701297   0.16117419  0.82374267  0.44263458
  0.65300819  9.54571704  0.19979993  0.29269594]

theta:

691.033805792


Beginning optimization folded************************************************
780     , -10788.3    , array([ 0.159006   ,  0.0726425  ,  2.83915    ,  0.934254   ,  2.31021    ,  1.62863    ,  0.383093   ,  0.0677064  ,  0.139944   ,  0.154788   ])
800     , -8971.82    , array([ 0.148653   ,  0.0786864  ,  1.66048    ,  1.33894    ,  1.72551    ,  1.378      ,  0.428275   ,  0.124982   ,  0.189231   ,  0.153394   ])
840     , -5550.49    , array([ 0.144338   ,  0.0871311  ,  0.777292   ,  0.717014   ,  1.16627    ,  1.22974    ,  0.618027   ,  1.27292    ,  0.281485   ,  0.159915   ])
880     , -5550.64    , array([ 0.144194   ,  0.0871307  ,  0.777288   ,  0.717018   ,  1.16745    ,  1.22973    ,  0.618038   ,  1.27296    ,  0.28148    ,  0.159916   ])
920     , -4533.52    , array([ 0.148166   ,  0.0735665  ,  0.625172   ,  0.916747   ,  1.41709    ,  0.903824   ,  1.36206    ,  5.23108    ,  0.128664   ,  0.207427   ])
940     , -3697.98    , array([ 0.144257   ,  0.0586319  ,  0.202559   ,  0.624172   ,  1.71183    ,  0.666819   ,  2.91713    ,  7.70016    ,  0.0599498  ,  0.2589     ])
960     , -3697.98    , array([ 0.144403   ,  0.058632   ,  0.202559   ,  0.624171   ,  1.71014    ,  0.666816   ,  2.91719    ,  7.70015    ,  0.0599506  ,  0.258902   ])
980     , -3674.93    , array([ 0.151198   ,  0.0593895  ,  0.199723   ,  0.611552   ,  1.85639    ,  0.646561   ,  3.42454    ,  7.60352    ,  0.0661879  ,  0.278437   ])
1000    , -3462.05    , array([ 0.294744   ,  0.0630857  ,  0.128887   ,  0.614401   ,  7.70549    ,  0.496498   ,  4.35297    ,  8.5115     ,  0.132658   ,  0.672015   ])
1020    , -3462.05    , array([ 0.295039   ,  0.0630857  ,  0.128887   ,  0.614401   ,  7.6978     ,  0.496498   ,  4.35297    ,  8.5115     ,  0.132658   ,  0.672016   ])
1040    , -3462.03    , array([ 0.294744   ,  0.0630857  ,  0.128887   ,  0.614401   ,  7.69782    ,  0.496497   ,  4.35297    ,  8.5115     ,  0.132791   ,  0.672017   ])
1060    , -3462.05    , array([ 0.294744   ,  0.0630857  ,  0.128887   ,  0.614401   ,  7.70552    ,  0.496497   ,  4.35297    ,  8.5115     ,  0.132658   ,  0.672017   ])
1080    , -3353.3     , array([ 0.403913   ,  0.0625147  ,  0.109817   ,  0.590203   ,  14.1015    ,  0.356451   ,  4.66557    ,  8.86709    ,  0.184783   ,  1.06316    ])
1100    , -3353.28    , array([ 0.403509   ,  0.0625147  ,  0.109817   ,  0.590203   ,  14.1015    ,  0.356451   ,  4.66557    ,  8.86709    ,  0.184967   ,  1.06316    ])
1140    , -3304.55    , array([ 0.46141    ,  0.0622743  ,  0.102613   ,  0.58024    ,  18.2248    ,  0.309755   ,  4.80471    ,  9.0222     ,  0.212641   ,  1.29126    ])
1160    , -3304.52    , array([ 0.460949   ,  0.0622743  ,  0.102613   ,  0.58024    ,  18.2248    ,  0.309755   ,  4.80471    ,  9.0222     ,  0.212853   ,  1.29126    ])
1180    , -3295.53    , array([ 0.472261   ,  0.0622306  ,  0.101353   ,  0.578443   ,  19.1157    ,  0.301932   ,  4.8305     ,  9.05075    ,  0.21815    ,  1.33781    ])
1200    , -3295.54    , array([ 0.472734   ,  0.0622306  ,  0.101353   ,  0.578443   ,  19.0965    ,  0.301932   ,  4.8305     ,  9.05075    ,  0.21815    ,  1.33781    ])
1220    , -3291       , array([ 0.478021   ,  0.0622088  ,  0.100729   ,  0.577547   ,  19.548     ,  0.298095   ,  4.84345    ,  9.06506    ,  0.22118    ,  1.3617     ])
1240    , -3288.04    , array([ 0.481861   ,  0.0621943  ,  0.100319   ,  0.576956   ,  19.8716    ,  0.295589   ,  4.85201    ,  9.07451    ,  0.222832   ,  1.37771    ])
1260    , -3287.28    , array([ 0.483338   ,  0.0621906  ,  0.100213   ,  0.576804   ,  19.9307    ,  0.294947   ,  4.85422    ,  9.07695    ,  0.223317   ,  1.38186    ])
1280    , -3286.73    , array([ 0.483512   ,  0.0621882  ,  0.100144   ,  0.576704   ,  19.983     ,  0.294524   ,  4.85568    ,  9.07856    ,  0.223861   ,  1.38461    ])
1300    , -3286.92    , array([ 0.483293   ,  0.062189   ,  0.100167   ,  0.576737   ,  19.9856    ,  0.294665   ,  4.85519    ,  9.07802    ,  0.223531   ,  1.38369    ])
1320    , -3286.78    , array([ 0.483972   ,  0.0621883  ,  0.100146   ,  0.576707   ,  19.9811    ,  0.29454    ,  4.85562    ,  9.0785     ,  0.223626   ,  1.3845     ])
1340    , -3286.74    , array([ 0.483507   ,  0.0621882  ,  0.100144   ,  0.576704   ,  19.9826    ,  0.294527   ,  4.85567    ,  9.07855    ,  0.223859   ,  1.38459    ])
1380    , -3286.76    , array([ 0.483996   ,  0.0621882  ,  0.100144   ,  0.576704   ,  19.983     ,  0.294524   ,  4.85568    ,  9.07856    ,  0.223638   ,  1.38461    ])
1400    , -3286.73    , array([ 0.483512   ,  0.0621882  ,  0.100144   ,  0.576704   ,  19.983     ,  0.294524   ,  4.85568    ,  9.07856    ,  0.223861   ,  1.38461    ])
1440    , -3286.76    , array([ 0.483996   ,  0.0621882  ,  0.100144   ,  0.576704   ,  19.983     ,  0.294524   ,  4.85568    ,  9.07856    ,  0.223638   ,  1.38461    ])
1460    , -3286.73    , array([ 0.483512   ,  0.0621882  ,  0.100144   ,  0.576704   ,  19.983     ,  0.294524   ,  4.85568    ,  9.07856    ,  0.223861   ,  1.38461    ])
1500    , -3286.76    , array([ 0.483996   ,  0.0621882  ,  0.100144   ,  0.576704   ,  19.983     ,  0.294524   ,  4.85568    ,  9.07856    ,  0.223638   ,  1.38461    ])
1520    , -3286.73    , array([ 0.483512   ,  0.0621882  ,  0.100144   ,  0.576704   ,  19.983     ,  0.294524   ,  4.85568    ,  9.07856    ,  0.223861   ,  1.38461    ])
1560    , -3295.65    , array([ 0.472125   ,  0.0622311  ,  0.101368   ,  0.578465   ,  19.0859    ,  0.302024   ,  4.83019    ,  9.05041    ,  0.218084   ,  1.33724    ])
1580    , -3288.33    , array([ 0.481484   ,  0.0621958  ,  0.100359   ,  0.577014   ,  19.8416    ,  0.295833   ,  4.85117    ,  9.07359    ,  0.222648   ,  1.37613    ])
1600    , -3286.96    , array([ 0.48326    ,  0.0621891  ,  0.10017    ,  0.576742   ,  19.9629    ,  0.294686   ,  4.85512    ,  9.07794    ,  0.223514   ,  1.38355    ])
1620    , -3286.81    , array([ 0.483556   ,  0.062188   ,  0.100139   ,  0.576697   ,  19.9865    ,  0.294496   ,  4.86063    ,  9.07867    ,  0.223659   ,  1.38479    ])
Beginning optimization folded************************************************
Folded optimal parms:

[ 0.29474356  0.06308568  0.12888672  0.61440092  7.69779123  0.49649799
  4.3529686   8.51149904  0.13265815  0.67201518]

theta:

765.776199157


