Beginning optimization ************************************************
20      , -8100.2     , array([ 0.119409   ,  0.130575   ,  2.48179    ,  0.861257   ,  0.858571   ,  0.747628   ,  0.237386   ,  0.320245   ,  0.25332    ,  0.0592112  ])
60      , -5792.11    , array([ 0.154004   ,  0.298046   ,  1.42229    ,  0.477309   ,  1.06332    ,  0.492231   ,  0.596038   ,  6.65946    ,  0.275585   ,  0.0672611  ])
100     , -5792.06    , array([ 0.154004   ,  0.298348   ,  1.42223    ,  0.477286   ,  1.06331    ,  0.492217   ,  0.596054   ,  6.6596     ,  0.275583   ,  0.0671941  ])
140     , -5792.57    , array([ 0.154004   ,  0.29805    ,  1.42223    ,  0.477284   ,  1.06331    ,  0.492708   ,  0.596055   ,  6.65962    ,  0.275583   ,  0.0671941  ])
160     , -3972.71    , array([ 0.189326   ,  0.614051   ,  0.192128   ,  0.256885   ,  2.56518    ,  0.142048   ,  1.96586    ,  9.66835    ,  0.155962   ,  0.0773304  ])
240     , -3972.66    , array([ 0.189327   ,  0.613448   ,  0.192119   ,  0.256885   ,  2.56525    ,  0.142044   ,  1.96591    ,  9.66838    ,  0.15596    ,  0.077408   ])
300     , -3813.24    , array([ 0.1953     ,  0.672317   ,  0.149065   ,  0.252895   ,  3.00425    ,  0.122063   ,  2.27895    ,  9.8878     ,  0.143629   ,  0.0787308  ])
320     , -3813.43    , array([ 0.1953     ,  0.672317   ,  0.149065   ,  0.252895   ,  3.00425    ,  0.122185   ,  2.27895    ,  9.8878     ,  0.143629   ,  0.0786521  ])
360     , -3685.89    , array([ 0.200021   ,  0.714282   ,  0.124121   ,  0.250994   ,  3.40024    ,  0.10794    ,  2.73771    ,  9.97083    ,  0.136051   ,  0.0796582  ])
380     , -3686.04    , array([ 0.200021   ,  0.714282   ,  0.124121   ,  0.250994   ,  3.40024    ,  0.108048   ,  2.73771    ,  9.97083    ,  0.136051   ,  0.0795786  ])
400     , -3684.74    , array([ 0.199784   ,  0.712056   ,  0.124924   ,  0.251395   ,  3.39349    ,  0.106535   ,  2.73992    ,  9.99608    ,  0.134157   ,  0.0796334  ])
420     , -3684.61    , array([ 0.199761   ,  0.711055   ,  0.125003   ,  0.251434   ,  3.39282    ,  0.106397   ,  2.74013    ,  9.99858    ,  0.133972   ,  0.0797185  ])
440     , -3684.72    , array([ 0.199755   ,  0.710981   ,  0.125023   ,  0.251444   ,  3.39265    ,  0.106469   ,  2.74019    ,  9.99921    ,  0.133924   ,  0.0796402  ])
460     , -3684.6     , array([ 0.199754   ,  0.711689   ,  0.125024   ,  0.251445   ,  3.39265    ,  0.106361   ,  2.74019    ,  9.99924    ,  0.133922   ,  0.0796403  ])
480     , -3684.58    , array([ 0.199754   ,  0.710978   ,  0.125024   ,  0.251445   ,  3.39265    ,  0.106361   ,  2.74019    ,  9.99924    ,  0.133922   ,  0.07972    ])
500     , -3684.72    , array([ 0.199754   ,  0.710978   ,  0.125024   ,  0.251445   ,  3.39265    ,  0.106467   ,  2.74019    ,  9.99924    ,  0.133922   ,  0.0796403  ])
520     , -3684.6     , array([ 0.199754   ,  0.711689   ,  0.125024   ,  0.251445   ,  3.39265    ,  0.106361   ,  2.74019    ,  9.99924    ,  0.133922   ,  0.0796403  ])
540     , -3684.58    , array([ 0.199754   ,  0.710978   ,  0.125024   ,  0.251445   ,  3.39265    ,  0.106361   ,  2.74019    ,  9.99924    ,  0.133922   ,  0.07972    ])
560     , -3684.72    , array([ 0.199754   ,  0.710978   ,  0.125024   ,  0.251445   ,  3.39265    ,  0.106467   ,  2.74019    ,  9.99924    ,  0.133922   ,  0.0796403  ])
580     , -3684.6     , array([ 0.199754   ,  0.711689   ,  0.125024   ,  0.251445   ,  3.39265    ,  0.106361   ,  2.74019    ,  9.99924    ,  0.133922   ,  0.0796403  ])
600     , -3684.58    , array([ 0.199754   ,  0.710978   ,  0.125024   ,  0.251445   ,  3.39265    ,  0.106361   ,  2.74019    ,  9.99924    ,  0.133922   ,  0.07972    ])
620     , -3684.72    , array([ 0.199754   ,  0.710978   ,  0.125024   ,  0.251445   ,  3.39265    ,  0.106467   ,  2.74019    ,  9.99924    ,  0.133922   ,  0.0796403  ])
640     , -3684.6     , array([ 0.199754   ,  0.711689   ,  0.125024   ,  0.251445   ,  3.39265    ,  0.106361   ,  2.74019    ,  9.99924    ,  0.133922   ,  0.0796403  ])
660     , -3684.58    , array([ 0.199754   ,  0.710978   ,  0.125024   ,  0.251445   ,  3.39265    ,  0.106361   ,  2.74019    ,  9.99924    ,  0.133922   ,  0.07972    ])
680     , -3684.72    , array([ 0.199754   ,  0.710978   ,  0.125024   ,  0.251445   ,  3.39265    ,  0.106467   ,  2.74019    ,  9.99924    ,  0.133922   ,  0.0796403  ])
Finshed optimization **************************************************
Unfolded optimal parms:

[ 0.20002097  0.71428207  0.12412128  0.25099391  3.40023626  0.10794052
  2.73771237  9.97082828  0.13605128  0.07957858]

theta:

803.11671704


Beginning optimization folded************************************************
720     , -9574.82    , array([ 0.129141   ,  0.118158   ,  3.79541    ,  0.580718   ,  1.44317    ,  0.959859   ,  0.20443    ,  0.189089   ,  0.209772   ,  0.058967   ])
740     , -7734.68    , array([ 0.121085   ,  0.130984   ,  2.50713    ,  0.893372   ,  1.01519    ,  0.8332     ,  0.252808   ,  0.361162   ,  0.256528   ,  0.0597217  ])
780     , -4947.62    , array([ 0.123934   ,  0.160381   ,  0.922994   ,  0.305214   ,  0.792377   ,  0.68221    ,  0.511264   ,  4.99354    ,  0.19002    ,  0.065026   ])
800     , -3859.76    , array([ 0.125494   ,  0.12351    ,  0.079605   ,  0.0797918  ,  0.509062   ,  0.0726777  ,  9.08153    ,  6.33847    ,  0.0623325  ,  0.0981661  ])
820     , -3859.8     , array([ 0.125494   ,  0.12351    ,  0.0796838  ,  0.0797917  ,  0.509064   ,  0.0726769  ,  9.07247    ,  6.33848    ,  0.0623321  ,  0.0981663  ])
840     , -3859.34    , array([ 0.125494   ,  0.12351    ,  0.0796041  ,  0.0797917  ,  0.509064   ,  0.0726769  ,  9.07247    ,  6.33848    ,  0.0623321  ,  0.0981663  ])
880     , -3654.96    , array([ 0.128925   ,  0.129308   ,  0.0591883  ,  0.0763294  ,  0.564229   ,  0.0511324  ,  9.81913    ,  6.66829    ,  0.0500924  ,  0.102555   ])
900     , -3654.75    , array([ 0.128925   ,  0.129308   ,  0.0591291  ,  0.0763294  ,  0.564229   ,  0.0511324  ,  9.81913    ,  6.66829    ,  0.0500924  ,  0.102555   ])
980     , -3654.93    , array([ 0.128925   ,  0.129308   ,  0.0591291  ,  0.0763294  ,  0.564229   ,  0.0511324  ,  9.82896    ,  6.66829    ,  0.0500924  ,  0.102555   ])
1000    , -3654.96    , array([ 0.128925   ,  0.129308   ,  0.0591883  ,  0.0763294  ,  0.564229   ,  0.0511324  ,  9.81913    ,  6.66829    ,  0.0500924  ,  0.102555   ])
1020    , -3654.75    , array([ 0.128925   ,  0.129308   ,  0.0591291  ,  0.0763294  ,  0.564229   ,  0.0511324  ,  9.81913    ,  6.66829    ,  0.0500924  ,  0.102555   ])
1080    , -3640.14    , array([ 0.129598   ,  0.13056    ,  0.0590976  ,  0.0766981  ,  0.570805   ,  0.0498199  ,  9.99101    ,  6.72232    ,  0.0491313  ,  0.10288    ])
1100    , -3654.93    , array([ 0.128925   ,  0.129308   ,  0.0591291  ,  0.0763294  ,  0.564229   ,  0.0511324  ,  9.82896    ,  6.66829    ,  0.0500924  ,  0.102555   ])
1120    , -3641.94    , array([ 0.129523   ,  0.13042    ,  0.0591603  ,  0.076657   ,  0.57007    ,  0.0499641  ,  9.97177    ,  6.71629    ,  0.0492372  ,  0.102844   ])
1140    , -3640.31    , array([ 0.12959    ,  0.130544   ,  0.059098   ,  0.0766935  ,  0.570723   ,  0.0498359  ,  9.98887    ,  6.72165    ,  0.049143   ,  0.102876   ])
1180    , -3640.35    , array([ 0.129598   ,  0.13056    ,  0.0591568  ,  0.076698   ,  0.570803   ,  0.0498202  ,  9.99098    ,  6.72231    ,  0.0491315  ,  0.10288    ])
1200    , -3640.14    , array([ 0.129598   ,  0.13056    ,  0.0590976  ,  0.0766981  ,  0.570805   ,  0.0498199  ,  9.99101    ,  6.72232    ,  0.0491313  ,  0.10288    ])
1240    , -3640.35    , array([ 0.129598   ,  0.13056    ,  0.0591568  ,  0.0766981  ,  0.570805   ,  0.0498199  ,  9.99101    ,  6.72232    ,  0.0491313  ,  0.10288    ])
1260    , -3640.14    , array([ 0.129598   ,  0.13056    ,  0.0590976  ,  0.0766981  ,  0.570805   ,  0.0498199  ,  9.99101    ,  6.72232    ,  0.0491313  ,  0.10288    ])
1300    , -3640.35    , array([ 0.129598   ,  0.13056    ,  0.0591568  ,  0.0766981  ,  0.570805   ,  0.0498199  ,  9.99101    ,  6.72232    ,  0.0491313  ,  0.10288    ])
1320    , -3640.14    , array([ 0.129598   ,  0.13056    ,  0.0590976  ,  0.0766981  ,  0.570805   ,  0.0498199  ,  9.99101    ,  6.72232    ,  0.0491313  ,  0.10288    ])
1360    , -3640.35    , array([ 0.129598   ,  0.13056    ,  0.0591568  ,  0.0766981  ,  0.570805   ,  0.0498199  ,  9.99101    ,  6.72232    ,  0.0491313  ,  0.10288    ])
1380    , -3640.14    , array([ 0.129598   ,  0.13056    ,  0.0590976  ,  0.0766981  ,  0.570805   ,  0.0498199  ,  9.99101    ,  6.72232    ,  0.0491313  ,  0.10288    ])
1420    , -3642.04    , array([ 0.129509   ,  0.130394   ,  0.0591018  ,  0.0766493  ,  0.569932   ,  0.0499913  ,  9.96814    ,  6.71516    ,  0.0492572  ,  0.10294    ])
1440    , -3639.09    , array([ 0.129619   ,  0.130599   ,  0.0590967  ,  0.0767861  ,  0.571008   ,  0.0497802  ,  9.99633    ,  6.72398    ,  0.0491021  ,  0.10289    ])
Beginning optimization folded************************************************
Folded optimal parms:

[ 0.12892521  0.1293079   0.05912913  0.0763294   0.56422852  0.05113245
  9.81912666  6.66828656  0.05009244  0.10255491]

theta:

985.238813269


