Beginning optimization ************************************************
20      , -7473.27    , array([ 0.0901647  ,  0.195632   ,  2.38628    ,  1.90383    ,  0.781234   ,  0.386514   ,  0.364885   ,  0.245868   ,  0.287363   ,  0.0660197  ])
60      , -5707.14    , array([ 0.211618   ,  0.212578   ,  1.34374    ,  0.911288   ,  0.795291   ,  0.127068   ,  1.78596    ,  2.60188    ,  0.228282   ,  0.0665407  ])
100     , -5707.08    , array([ 0.211619   ,  0.21279    ,  1.34371    ,  0.911273   ,  0.795293   ,  0.127067   ,  1.78597    ,  2.60196    ,  0.22828    ,  0.0664742  ])
120     , -4871.41    , array([ 0.272385   ,  0.182774   ,  0.717721   ,  0.569267   ,  0.84706    ,  0.122013   ,  1.98804    ,  5.99134    ,  0.182223   ,  0.0665799  ])
140     , -4871.38    , array([ 0.272385   ,  0.182774   ,  0.717717   ,  0.569266   ,  0.847061   ,  0.122135   ,  1.98804    ,  5.99135    ,  0.182223   ,  0.0665134  ])
180     , -4745.52    , array([ 0.282433   ,  0.179807   ,  0.624305   ,  0.533422   ,  0.88356    ,  0.11797    ,  2.0731     ,  6.44491    ,  0.177264   ,  0.0665932  ])
200     , -4298.42    , array([ 0.321599   ,  0.169563   ,  0.378714   ,  0.422492   ,  1.02782    ,  0.104653   ,  2.40907    ,  8.37196    ,  0.160572   ,  0.0665745  ])
240     , -4096.79    , array([ 0.34283    ,  0.164736   ,  0.296107   ,  0.376684   ,  1.10725    ,  0.0985146  ,  2.59395    ,  9.52255    ,  0.152942   ,  0.0666646  ])
260     , -4096.86    , array([ 0.34283    ,  0.164736   ,  0.296107   ,  0.376684   ,  1.10725    ,  0.0986132  ,  2.59395    ,  9.52255    ,  0.152942   ,  0.066598   ])
280     , -3911.9     , array([ 0.449676   ,  0.0879285  ,  0.216894   ,  0.373465   ,  0.959139   ,  0.0965053  ,  3.38001    ,  9.75154    ,  0.168003   ,  0.0662103  ])
340     , -3911.89    , array([ 0.449678   ,  0.0879277  ,  0.216893   ,  0.373467   ,  0.959141   ,  0.0965051  ,  3.38001    ,  9.75157    ,  0.168004   ,  0.0662103  ])
380     , -3912.05    , array([ 0.449678   ,  0.0878397  ,  0.216893   ,  0.373467   ,  0.959141   ,  0.0966017  ,  3.38001    ,  9.75157    ,  0.168004   ,  0.0662103  ])
400     , -3911.89    , array([ 0.449679   ,  0.0879276  ,  0.216893   ,  0.373467   ,  0.959141   ,  0.0965051  ,  3.38001    ,  9.75157    ,  0.168004   ,  0.0662103  ])
420     , -3911.95    , array([ 0.449679   ,  0.0878397  ,  0.216893   ,  0.373467   ,  0.959141   ,  0.0965051  ,  3.38001    ,  9.75157    ,  0.168004   ,  0.0662766  ])
460     , -3893.01    , array([ 0.466931   ,  0.0820912  ,  0.210682   ,  0.386315   ,  0.971433   ,  0.0950711  ,  3.39045    ,  9.91912    ,  0.171132   ,  0.0661898  ])
480     , -3886.96    , array([ 0.472768   ,  0.0801714  ,  0.208671   ,  0.390652   ,  0.975523   ,  0.0946026  ,  3.39391    ,  9.97504    ,  0.172177   ,  0.0662493  ])
500     , -3887.06    , array([ 0.472768   ,  0.0801714  ,  0.208671   ,  0.390652   ,  0.975523   ,  0.0946972  ,  3.39391    ,  9.97504    ,  0.172177   ,  0.0661831  ])
520     , -3884.91    , array([ 0.47471    ,  0.0796536  ,  0.208012   ,  0.392093   ,  0.976877   ,  0.0944485  ,  3.39505    ,  9.99356    ,  0.172523   ,  0.0661808  ])
540     , -3886.96    , array([ 0.472768   ,  0.0801714  ,  0.208671   ,  0.390652   ,  0.975523   ,  0.0946026  ,  3.39391    ,  9.97504    ,  0.172177   ,  0.0662493  ])
560     , -3885.29    , array([ 0.474494   ,  0.0796401  ,  0.208085   ,  0.391933   ,  0.976727   ,  0.0945601  ,  3.39492    ,  9.9915     ,  0.172485   ,  0.0661811  ])
580     , -3884.92    , array([ 0.474701   ,  0.0796565  ,  0.208015   ,  0.392086   ,  0.97687    ,  0.0944492  ,  3.39504    ,  9.99347    ,  0.172522   ,  0.0661808  ])
600     , -3884.97    , array([ 0.474708   ,  0.0795746  ,  0.208012   ,  0.392092   ,  0.976876   ,  0.0944486  ,  3.39504    ,  9.99354    ,  0.172523   ,  0.066247   ])
620     , -3885.06    , array([ 0.47471    ,  0.079574   ,  0.208012   ,  0.392093   ,  0.976877   ,  0.094543   ,  3.39505    ,  9.99356    ,  0.172523   ,  0.0661808  ])
640     , -3884.91    , array([ 0.47471    ,  0.0796536  ,  0.208012   ,  0.392093   ,  0.976877   ,  0.0944485  ,  3.39505    ,  9.99356    ,  0.172523   ,  0.0661808  ])
660     , -3884.97    , array([ 0.47471    ,  0.079574   ,  0.208012   ,  0.392093   ,  0.976877   ,  0.0944485  ,  3.39505    ,  9.99356    ,  0.172523   ,  0.066247   ])
680     , -3885.06    , array([ 0.47471    ,  0.079574   ,  0.208012   ,  0.392093   ,  0.976877   ,  0.094543   ,  3.39505    ,  9.99356    ,  0.172523   ,  0.0661808  ])
700     , -3884.91    , array([ 0.47471    ,  0.0796536  ,  0.208012   ,  0.392093   ,  0.976877   ,  0.0944485  ,  3.39505    ,  9.99356    ,  0.172523   ,  0.0661808  ])
720     , -3884.97    , array([ 0.47471    ,  0.079574   ,  0.208012   ,  0.392093   ,  0.976877   ,  0.0944485  ,  3.39505    ,  9.99356    ,  0.172523   ,  0.066247   ])
740     , -3885.06    , array([ 0.47471    ,  0.079574   ,  0.208012   ,  0.392093   ,  0.976877   ,  0.094543   ,  3.39505    ,  9.99356    ,  0.172523   ,  0.0661808  ])
760     , -3884.91    , array([ 0.47471    ,  0.0796536  ,  0.208012   ,  0.392093   ,  0.976877   ,  0.0944485  ,  3.39505    ,  9.99356    ,  0.172523   ,  0.0661808  ])
780     , -3884.97    , array([ 0.47471    ,  0.079574   ,  0.208012   ,  0.392093   ,  0.976877   ,  0.0944485  ,  3.39505    ,  9.99356    ,  0.172523   ,  0.066247   ])
800     , -3885.06    , array([ 0.47471    ,  0.079574   ,  0.208012   ,  0.392093   ,  0.976877   ,  0.094543   ,  3.39505    ,  9.99356    ,  0.172523   ,  0.0661808  ])
820     , -3884.91    , array([ 0.47471    ,  0.0796536  ,  0.208012   ,  0.392093   ,  0.976877   ,  0.0944485  ,  3.39505    ,  9.99356    ,  0.172523   ,  0.0661808  ])
840     , -3897.69    , array([ 0.462686   ,  0.0833869  ,  0.212172   ,  0.383159   ,  0.968437   ,  0.0955124  ,  3.38792    ,  9.87821    ,  0.170368   ,  0.0661948  ])
860     , -3886.99    , array([ 0.47269    ,  0.0802757  ,  0.208698   ,  0.390594   ,  0.975469   ,  0.0946088  ,  3.39386    ,  9.97429    ,  0.172163   ,  0.0661832  ])
880     , -3885.31    , array([ 0.474378   ,  0.0796755  ,  0.208124   ,  0.391847   ,  0.976646   ,  0.0944747  ,  3.39485    ,  9.9904     ,  0.172464   ,  0.0662474  ])
Finshed optimization **************************************************
Unfolded optimal parms:

[ 0.44967579  0.08784066  0.21689431  0.37346519  0.95913929  0.09650533
  3.38000902  9.75154202  0.1680032   0.06621034]

theta:

780.749625535


Beginning optimization folded************************************************
900     , -7219.85    , array([ 0.0917004  ,  0.199515   ,  2.3985     ,  1.92519    ,  0.926975   ,  0.387432   ,  0.393444   ,  0.277884   ,  0.29222    ,  0.0662337  ])
920     , -4809.23    , array([ 0.156785   ,  0.152724   ,  0.860177   ,  0.600165   ,  0.675363   ,  0.262062   ,  1.60604    ,  2.28777    ,  0.162029   ,  0.0641788  ])
940     , -4809.31    , array([ 0.156786   ,  0.152723   ,  0.860156   ,  0.600156   ,  0.675362   ,  0.262325   ,  1.60605    ,  2.28785    ,  0.162027   ,  0.0641146  ])
980     , -4809.15    , array([ 0.156787   ,  0.152722   ,  0.860139   ,  0.600148   ,  0.675361   ,  0.262063   ,  1.60605    ,  2.28791    ,  0.162026   ,  0.0641787  ])
1000    , -3902.91    , array([ 0.186789   ,  0.1262     ,  0.414102   ,  0.369732   ,  0.644556   ,  0.280831   ,  1.7519     ,  6.52592    ,  0.110893   ,  0.0630866  ])
1020    , -3606.94    , array([ 0.194815   ,  0.0930492  ,  0.164764   ,  0.293641   ,  0.693802   ,  0.207635   ,  2.09678    ,  5.96414    ,  0.0805954  ,  0.0634375  ])
1040    , -3321.65    , array([ 0.194084   ,  0.0490901  ,  0.0592298  ,  0.812215   ,  1.78838    ,  0.165285   ,  4.31619    ,  7.829      ,  0.0304983  ,  0.0696274  ])
1060    , -3321.86    , array([ 0.194083   ,  0.0490901  ,  0.0592299  ,  0.812215   ,  1.78838    ,  0.16545    ,  4.31619    ,  7.82901    ,  0.0304983  ,  0.0695578  ])
1100    , -3320.8     , array([ 0.193546   ,  0.0490163  ,  0.0592515  ,  0.812406   ,  1.79256    ,  0.16464    ,  4.31396    ,  7.83959    ,  0.0304239  ,  0.0696595  ])
1140    , -3320.4     , array([ 0.193273   ,  0.0490277  ,  0.0592625  ,  0.812504   ,  1.7947     ,  0.164313   ,  4.31282    ,  7.84499    ,  0.0303861  ,  0.0696062  ])
1160    , -3265.72    , array([ 0.149198   ,  0.0425596  ,  0.0613171  ,  0.830555   ,  2.23179    ,  0.114116   ,  4.10967    ,  8.89969    ,  0.024193   ,  0.0727385  ])
1180    , -3265.81    , array([ 0.149198   ,  0.0425596  ,  0.0613171  ,  0.830555   ,  2.23179    ,  0.11423    ,  4.10967    ,  8.89969    ,  0.024193   ,  0.0726658  ])
1200    , -3211.94    , array([ 0.0831627  ,  0.0417647  ,  0.0591092  ,  0.791075   ,  2.60318    ,  0.105641   ,  4.60735    ,  9.59619    ,  0.0199645  ,  0.0763464  ])
1240    , -3212.07    , array([ 0.0831626  ,  0.041723   ,  0.0591092  ,  0.791075   ,  2.60318    ,  0.105747   ,  4.60735    ,  9.59619    ,  0.0199644  ,  0.0763464  ])
1280    , -3170.59    , array([ 0.0535574  ,  0.0814123  ,  0.0522173  ,  0.65918    ,  4.52254    ,  0.090001   ,  5.03668    ,  9.93486    ,  0.0147178  ,  0.0770775  ])
1320    , -3170.59    , array([ 0.0535574  ,  0.0814937  ,  0.0522173  ,  0.65918    ,  4.52254    ,  0.090001   ,  5.03668    ,  9.93486    ,  0.0147178  ,  0.0770005  ])
1340    , -3150.37    , array([ 0.0414811  ,  0.0876472  ,  0.0530025  ,  0.648206   ,  4.53635    ,  0.0864121  ,  5.19957    ,  9.99178    ,  0.0119035  ,  0.0671442  ])
1360    , -3157.01    , array([ 0.0451689  ,  0.0855175  ,  0.0527394  ,  0.651843   ,  4.53174    ,  0.0876798  ,  5.1447     ,  9.97277    ,  0.0127761  ,  0.070234   ])
1380    , -3151.09    , array([ 0.0418755  ,  0.0874954  ,  0.0529732  ,  0.648609   ,  4.53584    ,  0.0865424  ,  5.19345    ,  9.98967    ,  0.0119974  ,  0.0674207  ])
1400    , -3150.62    , array([ 0.0416121  ,  0.0875673  ,  0.0529927  ,  0.64834    ,  4.53618    ,  0.0864555  ,  5.19753    ,  9.99108    ,  0.0119347  ,  0.0672586  ])
1420    , -3150.43    , array([ 0.0414869  ,  0.0876436  ,  0.053002   ,  0.648212   ,  4.53635    ,  0.0865005  ,  5.19948    ,  9.99175    ,  0.0119049  ,  0.0670822  ])
1440    , -3150.37    , array([ 0.0414813  ,  0.0877347  ,  0.0530025  ,  0.648206   ,  4.53635    ,  0.0864122  ,  5.19957    ,  9.99178    ,  0.0119035  ,  0.0670773  ])
1460    , -3150.37    , array([ 0.0414811  ,  0.0876471  ,  0.0530025  ,  0.648206   ,  4.53635    ,  0.0864121  ,  5.19957    ,  9.99178    ,  0.0119035  ,  0.0671442  ])
1480    , -3150.42    , array([ 0.0414811  ,  0.0876472  ,  0.0530025  ,  0.648206   ,  4.53635    ,  0.0864985  ,  5.19957    ,  9.99178    ,  0.0119035  ,  0.0670771  ])
1500    , -3150.37    , array([ 0.0414811  ,  0.0877348  ,  0.0530025  ,  0.648206   ,  4.53635    ,  0.0864121  ,  5.19957    ,  9.99178    ,  0.0119035  ,  0.0670771  ])
1520    , -3150.37    , array([ 0.0414811  ,  0.0876472  ,  0.0530025  ,  0.648206   ,  4.53635    ,  0.0864121  ,  5.19957    ,  9.99178    ,  0.0119035  ,  0.0671442  ])
1540    , -3150.42    , array([ 0.0414811  ,  0.0876472  ,  0.0530025  ,  0.648206   ,  4.53635    ,  0.0864985  ,  5.19957    ,  9.99178    ,  0.0119035  ,  0.0670771  ])
1560    , -3150.37    , array([ 0.0414811  ,  0.0877348  ,  0.0530025  ,  0.648206   ,  4.53635    ,  0.0864121  ,  5.19957    ,  9.99178    ,  0.0119035  ,  0.0670771  ])
1580    , -3150.37    , array([ 0.0414811  ,  0.0876472  ,  0.0530025  ,  0.648206   ,  4.53635    ,  0.0864121  ,  5.19957    ,  9.99178    ,  0.0119035  ,  0.0671442  ])
1600    , -3150.42    , array([ 0.0414811  ,  0.0876472  ,  0.0530025  ,  0.648206   ,  4.53635    ,  0.0864985  ,  5.19957    ,  9.99178    ,  0.0119035  ,  0.0670771  ])
1620    , -3150.37    , array([ 0.0414811  ,  0.0877348  ,  0.0530025  ,  0.648206   ,  4.53635    ,  0.0864121  ,  5.19957    ,  9.99178    ,  0.0119035  ,  0.0670771  ])
1640    , -3150.37    , array([ 0.0414811  ,  0.0876472  ,  0.0530025  ,  0.648206   ,  4.53635    ,  0.0864121  ,  5.19957    ,  9.99178    ,  0.0119035  ,  0.0671442  ])
1660    , -3150.42    , array([ 0.0414811  ,  0.0876472  ,  0.0530025  ,  0.648206   ,  4.53635    ,  0.0864985  ,  5.19957    ,  9.99178    ,  0.0119035  ,  0.0670771  ])
1680    , -3155       , array([ 0.044045   ,  0.0861421  ,  0.0528171  ,  0.650765   ,  4.53311    ,  0.0872414  ,  5.16087    ,  9.97839    ,  0.0125115  ,  0.0692849  ])
Beginning optimization folded************************************************
Folded optimal parms:

[ 0.05355742  0.08141226  0.05221728  0.65917957  4.52253949  0.09000098
  5.03668078  9.9348592   0.01471782  0.07700048]

theta:

883.552167983


