Beginning optimization ************************************************
20      , -8459.32    , array([ 0.16734    ,  0.0630194  ,  1.00257    ,  1.32695    ,  1.08829    ,  1.14397    ,  0.335902   ,  0.110182   ,  0.433482   ,  0.0997533  ])
60      , -6120.77    , array([ 0.204544   ,  0.0887336  ,  1.02443    ,  0.513504   ,  0.819649   ,  1.28826    ,  1.06953    ,  1.09277    ,  1.93036    ,  0.11587    ])
80      , -4356.97    , array([ 0.216927   ,  0.107685   ,  0.310654   ,  0.157645   ,  1.17175    ,  1.58502    ,  1.30943    ,  8.89195    ,  3.94694    ,  0.121978   ])
100     , -4356.91    , array([ 0.216928   ,  0.107793   ,  0.310648   ,  0.157643   ,  1.17176    ,  1.58345    ,  1.30946    ,  8.89207    ,  3.94696    ,  0.121978   ])
120     , -4356.87    , array([ 0.216928   ,  0.107685   ,  0.310643   ,  0.157642   ,  1.17177    ,  1.58346    ,  1.30949    ,  8.89219    ,  3.94697    ,  0.1221     ])
140     , -4356.92    , array([ 0.216928   ,  0.107685   ,  0.310641   ,  0.157642   ,  1.17178    ,  1.58505    ,  1.30949    ,  8.89222    ,  3.94697    ,  0.121978   ])
180     , -4356.85    , array([ 0.216929   ,  0.107685   ,  0.31064    ,  0.157641   ,  1.17178    ,  1.58347    ,  1.3095     ,  8.89226    ,  3.94697    ,  0.1221     ])
220     , -4356.87    , array([ 0.216929   ,  0.107793   ,  0.310639   ,  0.157641   ,  1.17178    ,  1.58347    ,  1.3095     ,  8.89227    ,  3.94697    ,  0.121978   ])
260     , -4356.91    , array([ 0.216929   ,  0.107685   ,  0.310639   ,  0.157641   ,  1.17178    ,  1.58506    ,  1.3095     ,  8.89227    ,  3.94697    ,  0.121978   ])
280     , -4178.57    , array([ 0.22054    ,  0.108583   ,  0.266998   ,  0.145784   ,  1.29461    ,  1.71028    ,  1.55663    ,  9.98998    ,  4.04784    ,  0.124271   ])
320     , -4178.59    , array([ 0.22054    ,  0.108474   ,  0.266998   ,  0.145784   ,  1.29461    ,  1.71199    ,  1.55663    ,  9.98998    ,  4.04784    ,  0.124271   ])
340     , -4178.57    , array([ 0.22054    ,  0.108583   ,  0.266998   ,  0.145784   ,  1.29461    ,  1.71028    ,  1.55663    ,  9.98998    ,  4.04784    ,  0.124271   ])
360     , -4178.55    , array([ 0.22054    ,  0.108474   ,  0.266998   ,  0.145784   ,  1.29461    ,  1.71028    ,  1.55663    ,  9.98998    ,  4.04784    ,  0.124395   ])
380     , -4178.59    , array([ 0.22054    ,  0.108474   ,  0.266998   ,  0.145784   ,  1.29461    ,  1.71199    ,  1.55663    ,  9.98998    ,  4.04784    ,  0.124271   ])
420     , -4178.55    , array([ 0.22054    ,  0.108474   ,  0.266998   ,  0.145784   ,  1.29461    ,  1.71028    ,  1.55663    ,  9.98998    ,  4.04784    ,  0.124395   ])
440     , -4177.14    , array([ 0.220571   ,  0.108481   ,  0.266657   ,  0.145688   ,  1.2957     ,  1.71311    ,  1.55891    ,  9.99981    ,  4.04871    ,  0.12429    ])
460     , -4177.61    , array([ 0.220561   ,  0.108587   ,  0.266771   ,  0.14572    ,  1.29534    ,  1.71103    ,  1.55815    ,  9.99653    ,  4.04842    ,  0.124284   ])
480     , -4177.21    , array([ 0.220569   ,  0.10848    ,  0.266681   ,  0.145695   ,  1.29562    ,  1.71132    ,  1.55875    ,  9.99912    ,  4.04864    ,  0.124413   ])
500     , -4177.15    , array([ 0.220571   ,  0.108481   ,  0.266658   ,  0.145688   ,  1.2957     ,  1.71311    ,  1.5589     ,  9.99978    ,  4.0487     ,  0.12429    ])
520     , -4177.13    , array([ 0.220571   ,  0.108589   ,  0.266657   ,  0.145688   ,  1.2957     ,  1.7114     ,  1.55891    ,  9.99981    ,  4.04871    ,  0.12429    ])
540     , -4177.11    , array([ 0.220571   ,  0.108481   ,  0.266657   ,  0.145688   ,  1.2957     ,  1.7114     ,  1.55891    ,  9.99981    ,  4.04871    ,  0.124414   ])
560     , -4177.14    , array([ 0.220571   ,  0.108481   ,  0.266657   ,  0.145688   ,  1.2957     ,  1.71311    ,  1.55891    ,  9.99981    ,  4.04871    ,  0.12429    ])
580     , -4177.13    , array([ 0.220571   ,  0.108589   ,  0.266657   ,  0.145688   ,  1.2957     ,  1.7114     ,  1.55891    ,  9.99981    ,  4.04871    ,  0.12429    ])
600     , -4177.11    , array([ 0.220571   ,  0.108481   ,  0.266657   ,  0.145688   ,  1.2957     ,  1.7114     ,  1.55891    ,  9.99981    ,  4.04871    ,  0.124414   ])
