Beginning optimization ************************************************
20      , -9104.55    , array([ 0.164254   ,  0.0713949  ,  2.18614    ,  1.57496    ,  0.7172     ,  1.01927    ,  0.180015   ,  0.0780876  ,  0.502758   ,  0.1653     ])
60      , -6662.79    , array([ 0.337702   ,  0.0823158  ,  1.23035    ,  0.77103    ,  0.302248   ,  1.68465    ,  0.517319   ,  0.699757   ,  1.55097    ,  0.193622   ])
80      , -4688.35    , array([ 0.565701   ,  0.0711709  ,  0.337626   ,  0.235301   ,  0.347382   ,  1.51389    ,  0.812225   ,  5.78777    ,  1.82804    ,  0.215012   ])
100     , -4688.05    , array([ 0.565704   ,  0.0712418  ,  0.337618   ,  0.2353     ,  0.347386   ,  1.51239    ,  0.812248   ,  5.78786    ,  1.82803    ,  0.215014   ])
120     , -4687.96    , array([ 0.565707   ,  0.0711703  ,  0.337611   ,  0.235299   ,  0.347391   ,  1.5124     ,  0.812271   ,  5.78795    ,  1.82803    ,  0.215231   ])
140     , -4688.28    , array([ 0.565708   ,  0.0711702  ,  0.337609   ,  0.235299   ,  0.347392   ,  1.51391    ,  0.812277   ,  5.78798    ,  1.82803    ,  0.215016   ])
180     , -4687.94    , array([ 0.56571    ,  0.07117    ,  0.337604   ,  0.235298   ,  0.347395   ,  1.5124     ,  0.812291   ,  5.78803    ,  1.82803    ,  0.215233   ])
200     , -4194.16    , array([ 0.633559   ,  0.0658103  ,  0.222218   ,  0.218888   ,  0.449979   ,  1.69616    ,  1.38037    ,  7.83187    ,  1.76873    ,  0.253728   ])
240     , -3918.87    , array([ 0.682738   ,  0.062496   ,  0.168617   ,  0.208689   ,  0.533771   ,  1.82647    ,  1.95879    ,  9.56191    ,  1.73065    ,  0.283304   ])
260     , -3869.68    , array([ 0.659494   ,  0.0586086  ,  0.0500029  ,  0.0883222  ,  0.685381   ,  2.52654    ,  5.14446    ,  7.28373    ,  2.86788    ,  0.246832   ])
300     , -3774.89    , array([ 0.588093   ,  0.0555954  ,  0.0443583  ,  0.0887362  ,  0.884592   ,  2.83039    ,  5.56523    ,  7.81455    ,  3.63502    ,  0.195361   ])
320     , -3619.32    , array([ 0.467645   ,  0.0500258  ,  0.0349089  ,  0.0895699  ,  1.47355    ,  3.5628     ,  6.51284    ,  8.99508    ,  5.83978    ,  0.122014   ])
340     , -3619.32    , array([ 0.467644   ,  0.0500759  ,  0.0349089  ,  0.0895699  ,  1.47355    ,  3.55924    ,  6.51284    ,  8.99508    ,  5.83978    ,  0.122013   ])
360     , -3604.48    , array([ 0.457523   ,  0.049552   ,  0.0347867  ,  0.0887902  ,  1.53441    ,  3.56908    ,  6.68574    ,  9.10128    ,  6.03904    ,  0.117113   ])
380     , -3604.49    , array([ 0.457523   ,  0.049552   ,  0.0347867  ,  0.0887902  ,  1.53441    ,  3.57265    ,  6.68574    ,  9.10128    ,  6.03904    ,  0.116996   ])
420     , -3604.48    , array([ 0.457523   ,  0.049552   ,  0.0347867  ,  0.0887902  ,  1.53441    ,  3.56908    ,  6.68574    ,  9.10128    ,  6.03904    ,  0.117113   ])
440     , -3547.65    , array([ 0.418363   ,  0.0476605  ,  0.0342916  ,  0.0856719  ,  1.81059    ,  3.61324    ,  7.44188    ,  9.5488     ,  6.9272     ,  0.098536   ])
460     , -3547.65    , array([ 0.418363   ,  0.0477082  ,  0.0342915  ,  0.0856719  ,  1.81059    ,  3.60963    ,  7.44188    ,  9.5488     ,  6.9272     ,  0.098536   ])
