Beginning optimization ************************************************
20      , -7779.76    , array([ 0.0928791  ,  0.230961   ,  2.20122    ,  2.15094    ,  0.84746    ,  0.453599   ,  0.237979   ,  0.201218   ,  0.413637   ,  0.0543331  ])
60      , -5866.27    , array([ 0.242943   ,  0.251674   ,  1.45462    ,  1.16227    ,  1.0171     ,  0.146307   ,  0.911365   ,  1.89275    ,  0.347477   ,  0.0551778  ])
100     , -5866.24    , array([ 0.242946   ,  0.251924   ,  1.45458    ,  1.16225    ,  1.0171     ,  0.146307   ,  0.911369   ,  1.89282    ,  0.347473   ,  0.0551227  ])
120     , -5001.03    , array([ 0.33377    ,  0.21413    ,  0.782402   ,  0.732636   ,  1.05872    ,  0.15104    ,  1.03895    ,  4.75873    ,  0.263275   ,  0.0552142  ])
180     , -3917.25    , array([ 0.593023   ,  0.154994   ,  0.0820362  ,  0.235432   ,  1.94354    ,  0.0726273  ,  2.08087    ,  9.13864    ,  0.140795   ,  0.0557202  ])
200     , -3917.16    , array([ 0.593023   ,  0.154994   ,  0.0820361  ,  0.235432   ,  1.94354    ,  0.0727     ,  2.08087    ,  9.13864    ,  0.140795   ,  0.0556646  ])
240     , -3684.9     , array([ 0.589407   ,  0.139734   ,  0.0552725  ,  0.192243   ,  2.1365     ,  0.0855752  ,  3.58275    ,  9.75869    ,  0.116166   ,  0.0558617  ])
280     , -3684.83    , array([ 0.589406   ,  0.139874   ,  0.0552724  ,  0.192243   ,  2.1365     ,  0.0855752  ,  3.58276    ,  9.75871    ,  0.116166   ,  0.0558059  ])
320     , -3684.94    , array([ 0.589406   ,  0.139734   ,  0.0552724  ,  0.192243   ,  2.1365     ,  0.0856608  ,  3.58276    ,  9.75871    ,  0.116166   ,  0.0558059  ])
340     , -3684.83    , array([ 0.589406   ,  0.139874   ,  0.0552724  ,  0.192243   ,  2.1365     ,  0.0855752  ,  3.58276    ,  9.75871    ,  0.116166   ,  0.0558059  ])
260     , -4039.4     , array([ 0.223107   ,  0.281653   ,  0.140025   ,  0.22126    ,  9.67001    ,  0.025315   ,  4.41573    ,  8.17086    ,  2.26612    ,  0.0942954  ])
300     , -4040.15    , array([ 0.223107   ,  0.281654   ,  0.140025   ,  0.22126    ,  9.67002    ,  0.0252897  ,  4.41572    ,  8.17089    ,  2.26612    ,  0.0943897  ])
320     , -3957.13    , array([ 0.227029   ,  0.290496   ,  0.134762   ,  0.210576   ,  10.1566    ,  0.0262384  ,  4.2528     ,  9.41284    ,  2.32795    ,  0.0945082  ])
340     , -3957.9     , array([ 0.227029   ,  0.290787   ,  0.134762   ,  0.210576   ,  10.1566    ,  0.0262122  ,  4.2528     ,  9.41284    ,  2.32795    ,  0.0945082  ])
380     , -3934.21    , array([ 0.22817    ,  0.293089   ,  0.133286   ,  0.207602   ,  10.301     ,  0.0265101  ,  4.20708    ,  9.80365    ,  2.34604    ,  0.0945695  ])
400     , -3924.66    , array([ 0.228691   ,  0.294573   ,  0.132619   ,  0.20626    ,  10.3675    ,  0.0266081  ,  4.18641    ,  9.98704    ,  2.35432    ,  0.0945974  ])
440     , -3923.9     , array([ 0.228691   ,  0.294278   ,  0.132619   ,  0.20626    ,  10.3675    ,  0.0266348  ,  4.18641    ,  9.98704    ,  2.35432    ,  0.0945974  ])
460     , -3924.66    , array([ 0.228691   ,  0.294573   ,  0.132619   ,  0.20626    ,  10.3675    ,  0.0266081  ,  4.18641    ,  9.98704    ,  2.35432    ,  0.0945974  ])
480     , -3924.31    , array([ 0.228706   ,  0.294312   ,  0.132599   ,  0.206222   ,  10.3694    ,  0.0266117  ,  4.18582    ,  9.99236    ,  2.35456    ,  0.0946929  ])
500     , -3923.46    , array([ 0.228714   ,  0.294329   ,  0.13259    ,  0.206203   ,  10.3703    ,  0.0266401  ,  4.18553    ,  9.99491    ,  2.35468    ,  0.0945986  ])
520     , -3924.21    , array([ 0.228714   ,  0.294624   ,  0.13259    ,  0.206203   ,  10.3703    ,  0.0266135  ,  4.18552    ,  9.99502    ,  2.35468    ,  0.0945986  ])
540     , -3924.16    , array([ 0.228714   ,  0.29433    ,  0.13259    ,  0.206203   ,  10.3703    ,  0.0266135  ,  4.18552    ,  9.99502    ,  2.35468    ,  0.0946933  ])
560     , -3923.46    , array([ 0.228714   ,  0.29433    ,  0.13259    ,  0.206203   ,  10.3703    ,  0.0266402  ,  4.18552    ,  9.99502    ,  2.35468    ,  0.0945986  ])
580     , -3924.21    , array([ 0.228714   ,  0.294624   ,  0.13259    ,  0.206203   ,  10.3703    ,  0.0266135  ,  4.18552    ,  9.99502    ,  2.35468    ,  0.0945986  ])
600     , -3924.16    , array([ 0.228714   ,  0.29433    ,  0.13259    ,  0.206203   ,  10.3703    ,  0.0266135  ,  4.18552    ,  9.99502    ,  2.35468    ,  0.0946933  ])
620     , -3923.46    , array([ 0.228714   ,  0.29433    ,  0.13259    ,  0.206203   ,  10.3703    ,  0.0266402  ,  4.18552    ,  9.99502    ,  2.35468    ,  0.0945986  ])
640     , -3924.21    , array([ 0.228714   ,  0.294624   ,  0.13259    ,  0.206203   ,  10.3703    ,  0.0266135  ,  4.18552    ,  9.99502    ,  2.35468    ,  0.0945986  ])
660     , -3924.16    , array([ 0.228714   ,  0.29433    ,  0.13259    ,  0.206203   ,  10.3703    ,  0.0266135  ,  4.18552    ,  9.99502    ,  2.35468    ,  0.0946933  ])
680     , -3923.46    , array([ 0.228714   ,  0.29433    ,  0.13259    ,  0.206203   ,  10.3703    ,  0.0266402  ,  4.18552    ,  9.99502    ,  2.35468    ,  0.0945986  ])
700     , -3924.21    , array([ 0.228714   ,  0.294624   ,  0.13259    ,  0.206203   ,  10.3703    ,  0.0266135  ,  4.18552    ,  9.99502    ,  2.35468    ,  0.0945986  ])
720     , -3924.16    , array([ 0.228714   ,  0.29433    ,  0.13259    ,  0.206203   ,  10.3703    ,  0.0266135  ,  4.18552    ,  9.99502    ,  2.35468    ,  0.0946933  ])
740     , -3937.92    , array([ 0.228247   ,  0.292746   ,  0.133479   ,  0.207991   ,  10.2819    ,  0.0264476  ,  4.21307    ,  9.75123    ,  2.34365    ,  0.0945614  ])
760     , -3928.08    , array([ 0.228517   ,  0.293879   ,  0.132842   ,  0.206708   ,  10.3451    ,  0.0265664  ,  4.19332    ,  9.92524    ,  2.3539     ,  0.0945881  ])
780     , -3924.46    , array([ 0.228703   ,  0.294306   ,  0.132603   ,  0.206436   ,  10.369     ,  0.026611   ,  4.18594    ,  9.99129    ,  2.35451    ,  0.0945981  ])
Finshed optimization **************************************************
Unfolded optimal parms:

[ 0.2231049   0.28164986  0.14002736  0.22126465  9.66980994  0.02528928
  4.41579756  8.17038107  2.26609039  0.0942953 ]

theta:

891.60617811


Beginning optimization folded************************************************
800     , -8109.48    , array([ 0.122451   ,  0.0680393  ,  0.92117    ,  1.23201    ,  1.94398    ,  0.492185   ,  0.537469   ,  0.123036   ,  0.388818   ,  0.0856911  ])
820     , -5206.81    , array([ 0.153146   ,  0.130996   ,  0.563754   ,  0.593315   ,  3.28837    ,  0.105028   ,  1.36152    ,  1.17117    ,  1.05254    ,  0.085053   ])
840     , -5208.13    , array([ 0.153147   ,  0.130997   ,  0.564299   ,  0.593305   ,  3.28844    ,  0.105027   ,  1.36019    ,  1.17122    ,  1.05254    ,  0.085053   ])
860     , -3195.27    , array([ 0.184662   ,  0.18321    ,  0.0995221  ,  0.249768   ,  10.0429    ,  0.0458875  ,  4.55875    ,  8.95218    ,  1.04746    ,  0.0817945  ])
900     , -3195.38    , array([ 0.184664   ,  0.18321    ,  0.0996229  ,  0.24976    ,  10.0432    ,  0.0458902  ,  4.55891    ,  8.95297    ,  1.04746    ,  0.0817944  ])
920     , -3195.21    , array([ 0.184664   ,  0.18321    ,  0.0995235  ,  0.249759   ,  10.0433    ,  0.0458905  ,  4.55894    ,  8.95307    ,  1.04746    ,  0.0817944  ])
940     , -3194.98    , array([ 0.184664   ,  0.18321    ,  0.0995236  ,  0.249758   ,  10.0433    ,  0.0458909  ,  4.56352    ,  8.95317    ,  1.04746    ,  0.0817944  ])
960     , -3195.37    , array([ 0.184664   ,  0.18321    ,  0.0996232  ,  0.249758   ,  10.0433    ,  0.045891   ,  4.55896    ,  8.9532     ,  1.04746    ,  0.0817944  ])
1000    , -3194.98    , array([ 0.184664   ,  0.18321    ,  0.0995237  ,  0.249758   ,  10.0433    ,  0.0458911  ,  4.56353    ,  8.95323    ,  1.04746    ,  0.0817944  ])
1040    , -3195.2     , array([ 0.184664   ,  0.18321    ,  0.0995237  ,  0.249758   ,  10.0433    ,  0.0458911  ,  4.55897    ,  8.95324    ,  1.04746    ,  0.0817944  ])
1080    , -3195.36    , array([ 0.184664   ,  0.18321    ,  0.0996233  ,  0.249758   ,  10.0433    ,  0.0458911  ,  4.55897    ,  8.95324    ,  1.04746    ,  0.0817944  ])
1120    , -3137.93    , array([ 0.18627    ,  0.182608   ,  0.100921   ,  0.240815   ,  10.3881    ,  0.0491469  ,  4.75774    ,  9.92326    ,  1.04777    ,  0.081781   ])
1160    , -3138.08    , array([ 0.18627    ,  0.182608   ,  0.100921   ,  0.240815   ,  10.3881    ,  0.0491469  ,  4.75298    ,  9.92326    ,  1.04777    ,  0.081781   ])
1200    , -3138.29    , array([ 0.18627    ,  0.182608   ,  0.101022   ,  0.240815   ,  10.3881    ,  0.0491469  ,  4.75298    ,  9.92326    ,  1.04777    ,  0.081781   ])
1220    , -3138.08    , array([ 0.18627    ,  0.182608   ,  0.100921   ,  0.240815   ,  10.3881    ,  0.0491469  ,  4.75298    ,  9.92326    ,  1.04777    ,  0.081781   ])
1260    , -3138.29    , array([ 0.18627    ,  0.182608   ,  0.101022   ,  0.240815   ,  10.3881    ,  0.0491469  ,  4.75298    ,  9.92326    ,  1.04777    ,  0.081781   ])
1280    , -3138.08    , array([ 0.18627    ,  0.182608   ,  0.100921   ,  0.240815   ,  10.3881    ,  0.0491469  ,  4.75298    ,  9.92326    ,  1.04777    ,  0.081781   ])
1300    , -3137.93    , array([ 0.18627    ,  0.182608   ,  0.100921   ,  0.240815   ,  10.3881    ,  0.0491469  ,  4.75773    ,  9.92326    ,  1.04777    ,  0.081781   ])
1340    , -3135.73    , array([ 0.186379   ,  0.182526   ,  0.100708   ,  0.240243   ,  10.3963    ,  0.049329   ,  4.72901    ,  9.98207    ,  1.04956    ,  0.0817879  ])
1380    , -3135.93    , array([ 0.186379   ,  0.182526   ,  0.100808   ,  0.240243   ,  10.3963    ,  0.049329   ,  4.72901    ,  9.98207    ,  1.04956    ,  0.0817879  ])
1400    , -3135.73    , array([ 0.186379   ,  0.182526   ,  0.100708   ,  0.240243   ,  10.3963    ,  0.049329   ,  4.72901    ,  9.98207    ,  1.04956    ,  0.0817879  ])
1420    , -3135.32    , array([ 0.186391   ,  0.182517   ,  0.100684   ,  0.240181   ,  10.3972    ,  0.049349   ,  4.73111    ,  9.98856    ,  1.04975    ,  0.0817886  ])
1440    , -3135.56    , array([ 0.186396   ,  0.182512   ,  0.100774   ,  0.240151   ,  10.3976    ,  0.0493584  ,  4.72516    ,  9.99158    ,  1.04985    ,  0.081789   ])
1460    , -3135.34    , array([ 0.186397   ,  0.182512   ,  0.100672   ,  0.240149   ,  10.3976    ,  0.049359   ,  4.72507    ,  9.9918     ,  1.04985    ,  0.081789   ])
1480    , -3135.19    , array([ 0.186397   ,  0.182512   ,  0.100672   ,  0.240149   ,  10.3976    ,  0.0493591  ,  4.72979    ,  9.99181    ,  1.04985    ,  0.081789   ])
1500    , -3135.55    , array([ 0.186397   ,  0.182512   ,  0.100773   ,  0.240149   ,  10.3976    ,  0.0493591  ,  4.72506    ,  9.99181    ,  1.04985    ,  0.081789   ])
1520    , -3135.34    , array([ 0.186397   ,  0.182512   ,  0.100672   ,  0.240149   ,  10.3976    ,  0.0493591  ,  4.72506    ,  9.99181    ,  1.04985    ,  0.081789   ])
1540    , -3135.19    , array([ 0.186397   ,  0.182512   ,  0.100672   ,  0.240149   ,  10.3976    ,  0.0493591  ,  4.72979    ,  9.99181    ,  1.04985    ,  0.081789   ])
1560    , -3135.55    , array([ 0.186397   ,  0.182512   ,  0.100773   ,  0.240149   ,  10.3976    ,  0.0493591  ,  4.72506    ,  9.99181    ,  1.04985    ,  0.081789   ])
1580    , -3135.34    , array([ 0.186397   ,  0.182512   ,  0.100672   ,  0.240149   ,  10.3976    ,  0.0493591  ,  4.72506    ,  9.99181    ,  1.04985    ,  0.081789   ])
1600    , -3135.19    , array([ 0.186397   ,  0.182512   ,  0.100672   ,  0.240149   ,  10.3976    ,  0.0493591  ,  4.72979    ,  9.99181    ,  1.04985    ,  0.081789   ])
1620    , -3135.55    , array([ 0.186397   ,  0.182512   ,  0.100773   ,  0.240149   ,  10.3976    ,  0.0493591  ,  4.72506    ,  9.99181    ,  1.04985    ,  0.081789   ])
1640    , -3135.34    , array([ 0.186397   ,  0.182512   ,  0.100672   ,  0.240149   ,  10.3976    ,  0.0493591  ,  4.72506    ,  9.99181    ,  1.04985    ,  0.081789   ])
1660    , -3135.19    , array([ 0.186397   ,  0.182512   ,  0.100672   ,  0.240149   ,  10.3976    ,  0.0493591  ,  4.72979    ,  9.99181    ,  1.04985    ,  0.081789   ])
1700    , -3135.41    , array([ 0.186394   ,  0.182514   ,  0.100679   ,  0.240166   ,  10.4078    ,  0.0493538  ,  4.72575    ,  9.99011    ,  1.0498     ,  0.0817888  ])
Beginning optimization folded************************************************
Folded optimal parms:

[  0.18626977   0.1826082    0.100921     0.24081524  10.38814049
   0.04914685   4.75298002   9.92325669   1.04776641   0.08178103]

theta:

895.269876265


