Beginning optimization ************************************************
20      , -8444.06    , array([ 0.0697868  ,  0.135149   ,  1.02065    ,  1.49135    ,  0.962187   ,  0.50374    ,  0.196114   ,  0.122753   ,  0.266042   ,  0.102942   ])
60      , -6050.13    , array([ 0.103735   ,  0.239766   ,  0.996811   ,  1.20304    ,  1.36397    ,  0.181379   ,  0.727789   ,  0.855799   ,  0.328878   ,  0.110532   ])
80      , -4021.88    , array([ 0.12807    ,  0.279767   ,  0.189206   ,  0.476345   ,  1.70205    ,  0.145279   ,  1.82231    ,  5.83665    ,  0.174353   ,  0.101746   ])
100     , -4021.75    , array([ 0.128069   ,  0.280046   ,  0.189202   ,  0.476339   ,  1.70206    ,  0.145134   ,  1.82239    ,  5.83667    ,  0.174352   ,  0.101746   ])
120     , -4021.38    , array([ 0.128066   ,  0.279741   ,  0.189144   ,  0.476264   ,  1.70218    ,  0.145134   ,  1.8235     ,  5.83693    ,  0.174331   ,  0.101846   ])
140     , -4021.46    , array([ 0.128066   ,  0.279741   ,  0.189143   ,  0.476263   ,  1.70218    ,  0.145279   ,  1.82352    ,  5.83694    ,  0.174331   ,  0.101744   ])
160     , -3721.64    , array([ 0.119815   ,  0.221038   ,  0.082878   ,  0.310881   ,  2.06431    ,  0.145409   ,  9.49889    ,  6.5937     ,  0.126895   ,  0.09867    ])
200     , -3721.9     , array([ 0.119815   ,  0.220816   ,  0.0828761  ,  0.310882   ,  2.06434    ,  0.145552   ,  9.49899    ,  6.59367    ,  0.126896   ,  0.0986702  ])
220     , -3721.63    , array([ 0.119815   ,  0.221037   ,  0.0828761  ,  0.310883   ,  2.06434    ,  0.145406   ,  9.49899    ,  6.59367    ,  0.126896   ,  0.0986702  ])
240     , -3721.67    , array([ 0.119814   ,  0.220816   ,  0.0828756  ,  0.310883   ,  2.06435    ,  0.145405   ,  9.49902    ,  6.59366    ,  0.126896   ,  0.0987689  ])
260     , -3721.9     , array([ 0.119814   ,  0.220816   ,  0.0828756  ,  0.310883   ,  2.06435    ,  0.145551   ,  9.49902    ,  6.59366    ,  0.126896   ,  0.0986702  ])
300     , -3721.67    , array([ 0.119814   ,  0.220816   ,  0.0828754  ,  0.310883   ,  2.06435    ,  0.145405   ,  9.49903    ,  6.59366    ,  0.126896   ,  0.0987689  ])
320     , -3685.93    , array([ 0.118498   ,  0.216983   ,  0.075794   ,  0.318951   ,  2.17127    ,  0.135784   ,  9.90086    ,  6.46056    ,  0.128137   ,  0.099125   ])
340     , -3685.66    , array([ 0.118498   ,  0.2172     ,  0.075794   ,  0.318951   ,  2.17127    ,  0.135648   ,  9.90086    ,  6.46056    ,  0.128137   ,  0.099125   ])
360     , -3685.71    , array([ 0.118498   ,  0.216983   ,  0.075794   ,  0.318951   ,  2.17127    ,  0.135648   ,  9.90086    ,  6.46056    ,  0.128137   ,  0.0992242  ])
380     , -3685.93    , array([ 0.118498   ,  0.216983   ,  0.075794   ,  0.318951   ,  2.17127    ,  0.135784   ,  9.90086    ,  6.46056    ,  0.128137   ,  0.099125   ])
420     , -3685.71    , array([ 0.118498   ,  0.216983   ,  0.075794   ,  0.318951   ,  2.17127    ,  0.135648   ,  9.90086    ,  6.46056    ,  0.128137   ,  0.0992242  ])
440     , -3685.93    , array([ 0.118498   ,  0.216983   ,  0.075794   ,  0.318951   ,  2.17127    ,  0.135784   ,  9.90086    ,  6.46056    ,  0.128137   ,  0.099125   ])
460     , -3679.87    , array([ 0.115318   ,  0.212834   ,  0.075514   ,  0.32834    ,  2.19626    ,  0.134286   ,  9.97416    ,  6.54646    ,  0.124983   ,  0.0988504  ])
520     , -3679.87    , array([ 0.115318   ,  0.212834   ,  0.075514   ,  0.32834    ,  2.19626    ,  0.134286   ,  9.97416    ,  6.54646    ,  0.124983   ,  0.0988504  ])
540     , -3678.72    , array([ 0.114637   ,  0.211683   ,  0.0754532  ,  0.330421   ,  2.20174    ,  0.133992   ,  9.99019    ,  6.56532    ,  0.124306   ,  0.0988895  ])
560     , -3679.33    , array([ 0.114864   ,  0.211996   ,  0.0754734  ,  0.329726   ,  2.19991    ,  0.134224   ,  9.98484    ,  6.55902    ,  0.124531   ,  0.0988106  ])
580     , -3678.71    , array([ 0.114662   ,  0.21193    ,  0.0754554  ,  0.330344   ,  2.20153    ,  0.134003   ,  9.9896     ,  6.56462    ,  0.124331   ,  0.0987929  ])
600     , -3678.73    , array([ 0.114645   ,  0.211695   ,  0.0754539  ,  0.330395   ,  2.20167    ,  0.133995   ,  9.98999    ,  6.56508    ,  0.124315   ,  0.0988903  ])
620     , -3678.93    , array([ 0.114638   ,  0.211684   ,  0.0754532  ,  0.330419   ,  2.20173    ,  0.134126   ,  9.99018    ,  6.5653     ,  0.124307   ,  0.0987907  ])
640     , -3678.67    , array([ 0.114637   ,  0.211895   ,  0.0754532  ,  0.330421   ,  2.20174    ,  0.133992   ,  9.99019    ,  6.56532    ,  0.124306   ,  0.0987907  ])
660     , -3678.72    , array([ 0.114637   ,  0.211683   ,  0.0754532  ,  0.330421   ,  2.20174    ,  0.133992   ,  9.99019    ,  6.56532    ,  0.124306   ,  0.0988895  ])
680     , -3678.93    , array([ 0.114637   ,  0.211683   ,  0.0754532  ,  0.330421   ,  2.20174    ,  0.134126   ,  9.99019    ,  6.56532    ,  0.124306   ,  0.0987907  ])
700     , -3678.67    , array([ 0.114637   ,  0.211895   ,  0.0754532  ,  0.330421   ,  2.20174    ,  0.133992   ,  9.99019    ,  6.56532    ,  0.124306   ,  0.0987907  ])
720     , -3678.72    , array([ 0.114637   ,  0.211683   ,  0.0754532  ,  0.330421   ,  2.20174    ,  0.133992   ,  9.99019    ,  6.56532    ,  0.124306   ,  0.0988895  ])
740     , -3678.93    , array([ 0.114637   ,  0.211683   ,  0.0754532  ,  0.330421   ,  2.20174    ,  0.134126   ,  9.99019    ,  6.56532    ,  0.124306   ,  0.0987907  ])
760     , -3678.67    , array([ 0.114637   ,  0.211895   ,  0.0754532  ,  0.330421   ,  2.20174    ,  0.133992   ,  9.99019    ,  6.56532    ,  0.124306   ,  0.0987907  ])
780     , -3678.72    , array([ 0.114637   ,  0.211683   ,  0.0754532  ,  0.330421   ,  2.20174    ,  0.133992   ,  9.99019    ,  6.56532    ,  0.124306   ,  0.0988895  ])
800     , -3678.93    , array([ 0.114637   ,  0.211683   ,  0.0754532  ,  0.330421   ,  2.20174    ,  0.134126   ,  9.99019    ,  6.56532    ,  0.124306   ,  0.0987907  ])
820     , -3678.67    , array([ 0.114637   ,  0.211895   ,  0.0754532  ,  0.330421   ,  2.20174    ,  0.133992   ,  9.99019    ,  6.56532    ,  0.124306   ,  0.0987907  ])
840     , -3678.72    , array([ 0.114637   ,  0.211683   ,  0.0754532  ,  0.330421   ,  2.20174    ,  0.133992   ,  9.99019    ,  6.56532    ,  0.124306   ,  0.0988895  ])
860     , -3678.93    , array([ 0.114637   ,  0.211683   ,  0.0754532  ,  0.330421   ,  2.20174    ,  0.134126   ,  9.99019    ,  6.56532    ,  0.124306   ,  0.0987907  ])
880     , -3678.67    , array([ 0.114637   ,  0.211895   ,  0.0754532  ,  0.330421   ,  2.20174    ,  0.133992   ,  9.99019    ,  6.56532    ,  0.124306   ,  0.0987907  ])
900     , -3681.5     , array([ 0.116081   ,  0.213671   ,  0.0755818  ,  0.326039   ,  2.19017    ,  0.13475    ,  9.95634    ,  6.52553    ,  0.12574    ,  0.0989169  ])
920     , -3678.07    , array([ 0.114301   ,  0.211431   ,  0.075423   ,  0.331457   ,  2.20446    ,  0.133846   ,  9.99815    ,  6.57468    ,  0.123972   ,  0.0987611  ])
Finshed optimization **************************************************
Unfolded optimal parms:

[ 0.11849769  0.21698305  0.07579399  0.31895084  2.17126702  0.13564824
  9.90086022  6.46055721  0.12813682  0.09912499]

theta:

867.740665184


Beginning optimization folded************************************************
940     , -9886.46    , array([ 0.0692063  ,  0.107454   ,  1.27272    ,  1.1663     ,  1.57387    ,  0.641569   ,  0.129136   ,  0.070028   ,  0.205361   ,  0.0997155  ])
960     , -5564.44    , array([ 0.0962669  ,  0.195392   ,  0.89151    ,  0.86418    ,  1.47156    ,  0.253595   ,  0.708091   ,  1.02182    ,  0.276702   ,  0.10624    ])
1000    , -5564.74    , array([ 0.096171   ,  0.195393   ,  0.891462   ,  0.864159   ,  1.47303    ,  0.253593   ,  0.708106   ,  1.0219     ,  0.276695   ,  0.10624    ])
1040    , -3841.85    , array([ 0.103512   ,  0.232468   ,  0.208175   ,  0.448478   ,  1.46962    ,  0.21095    ,  1.22472    ,  9.02203    ,  0.134453   ,  0.0922489  ])
1060    , -3842.01    , array([ 0.103512   ,  0.232468   ,  0.208173   ,  0.448476   ,  1.47109    ,  0.21095    ,  1.22473    ,  9.02203    ,  0.134319   ,  0.0922488  ])
1100    , -3139.31    , array([ 0.0955318  ,  0.206966   ,  0.0603275  ,  0.222451   ,  0.957054   ,  0.12193    ,  5.14379    ,  9.46561    ,  0.0673833  ,  0.0841469  ])
1140    , -3139.28    , array([ 0.0956241  ,  0.206961   ,  0.0603281  ,  0.222465   ,  0.957049   ,  0.121924   ,  5.14401    ,  9.46576    ,  0.0673084  ,  0.0841455  ])
1180    , -3139.28    , array([ 0.0955283  ,  0.206961   ,  0.0603281  ,  0.222466   ,  0.958006   ,  0.121923   ,  5.14403    ,  9.46577    ,  0.0673079  ,  0.0841454  ])
1200    , -3139.27    , array([ 0.0956239  ,  0.206961   ,  0.0603281  ,  0.222466   ,  0.957049   ,  0.121923   ,  5.14403    ,  9.46577    ,  0.0673079  ,  0.0841454  ])
1220    , -3139.27    , array([ 0.0955283  ,  0.206961   ,  0.0603281  ,  0.222467   ,  0.957048   ,  0.121923   ,  5.14403    ,  9.46577    ,  0.0673751  ,  0.0841453  ])
1260    , -3066.99    , array([ 0.0862644  ,  0.193884   ,  0.0618654  ,  0.268206   ,  0.940892   ,  0.103689   ,  5.82251    ,  9.93135    ,  0.0484474  ,  0.0800145  ])
1300    , -3067       , array([ 0.0861782  ,  0.193884   ,  0.0618654  ,  0.268206   ,  0.941833   ,  0.103689   ,  5.82251    ,  9.93135    ,  0.0484474  ,  0.0800145  ])
1320    , -3059.9     , array([ 0.0827353  ,  0.192864   ,  0.0603796  ,  0.273125   ,  0.920464   ,  0.0859525  ,  5.49493    ,  9.96511    ,  0.046354   ,  0.0795     ])
1360    , -3059.92    , array([ 0.0826526  ,  0.192864   ,  0.0603796  ,  0.273125   ,  0.921385   ,  0.0859525  ,  5.49493    ,  9.96511    ,  0.046354   ,  0.0795     ])
1380    , -3059.9     , array([ 0.0827353  ,  0.192864   ,  0.0603796  ,  0.273125   ,  0.920464   ,  0.0859525  ,  5.49493    ,  9.96511    ,  0.046354   ,  0.0795     ])
1400    , -3059.91    , array([ 0.0826526  ,  0.192864   ,  0.0603796  ,  0.273125   ,  0.920464   ,  0.0859525  ,  5.49493    ,  9.96511    ,  0.0464004  ,  0.0795     ])
1420    , -3059.92    , array([ 0.0826526  ,  0.192864   ,  0.0603796  ,  0.273125   ,  0.921385   ,  0.0859525  ,  5.49493    ,  9.96511    ,  0.046354   ,  0.0795     ])
1440    , -3059.9     , array([ 0.0827353  ,  0.192864   ,  0.0603796  ,  0.273125   ,  0.920464   ,  0.0859525  ,  5.49493    ,  9.96511    ,  0.046354   ,  0.0795     ])
1460    , -3059.48    , array([ 0.0822203  ,  0.192555   ,  0.0606075  ,  0.271925   ,  0.914655   ,  0.0857283  ,  5.48601    ,  9.98478    ,  0.0463125  ,  0.0794552  ])
1480    , -3059.28    , array([ 0.0820201  ,  0.192411   ,  0.0607137  ,  0.271368   ,  0.91288    ,  0.0856244  ,  5.48187    ,  9.99393    ,  0.0462255  ,  0.0794343  ])
1500    , -3059.25    , array([ 0.0820877  ,  0.192401   ,  0.0607214  ,  0.271328   ,  0.911773   ,  0.0856168  ,  5.48157    ,  9.9946     ,  0.0462226  ,  0.0794328  ])
1520    , -3059.26    , array([ 0.0820051  ,  0.1924     ,  0.0607217  ,  0.271327   ,  0.911766   ,  0.0856166  ,  5.48156    ,  9.99462    ,  0.0462687  ,  0.0794328  ])
1540    , -3059.27    , array([ 0.082005   ,  0.1924     ,  0.0607217  ,  0.271326   ,  0.912676   ,  0.0856165  ,  5.48156    ,  9.99463    ,  0.0462224  ,  0.0794327  ])
1560    , -3059.25    , array([ 0.082087   ,  0.1924     ,  0.0607217  ,  0.271326   ,  0.911764   ,  0.0856165  ,  5.48156    ,  9.99463    ,  0.0462224  ,  0.0794327  ])
1580    , -3059.26    , array([ 0.082005   ,  0.1924     ,  0.0607217  ,  0.271326   ,  0.911764   ,  0.0856165  ,  5.48156    ,  9.99463    ,  0.0462687  ,  0.0794327  ])
1600    , -3059.27    , array([ 0.082005   ,  0.1924     ,  0.0607217  ,  0.271326   ,  0.912676   ,  0.0856165  ,  5.48156    ,  9.99463    ,  0.0462224  ,  0.0794327  ])
1620    , -3059.25    , array([ 0.082087   ,  0.1924     ,  0.0607217  ,  0.271326   ,  0.911764   ,  0.0856165  ,  5.48156    ,  9.99463    ,  0.0462224  ,  0.0794327  ])
1640    , -3059.26    , array([ 0.082005   ,  0.1924     ,  0.0607217  ,  0.271326   ,  0.911764   ,  0.0856165  ,  5.48156    ,  9.99463    ,  0.0462687  ,  0.0794327  ])
1660    , -3059.27    , array([ 0.082005   ,  0.1924     ,  0.0607217  ,  0.271326   ,  0.912676   ,  0.0856165  ,  5.48156    ,  9.99463    ,  0.0462224  ,  0.0794327  ])
1680    , -3059.25    , array([ 0.082087   ,  0.1924     ,  0.0607217  ,  0.271326   ,  0.911764   ,  0.0856165  ,  5.48156    ,  9.99463    ,  0.0462224  ,  0.0794327  ])
1700    , -3059.26    , array([ 0.082005   ,  0.1924     ,  0.0607217  ,  0.271326   ,  0.911764   ,  0.0856165  ,  5.48156    ,  9.99463    ,  0.0462687  ,  0.0794327  ])
1720    , -3059.27    , array([ 0.082005   ,  0.1924     ,  0.0607217  ,  0.271326   ,  0.912676   ,  0.0856165  ,  5.48156    ,  9.99463    ,  0.0462224  ,  0.0794327  ])
1760    , -3059.15    , array([ 0.0819266  ,  0.192344   ,  0.0607635  ,  0.27138    ,  0.910712   ,  0.0855757  ,  5.47993    ,  9.99822    ,  0.0462064  ,  0.0794246  ])
Beginning optimization folded************************************************
Folded optimal parms:

[ 0.08265262  0.19286423  0.06037958  0.27312489  0.92046404  0.0859525
  5.4949323   9.96511254  0.04635404  0.0795    ]

theta:

898.680612912


