Beginning optimization ************************************************
20      , -8514.12    , array([ 0.11355    ,  0.0800907  ,  0.916328   ,  1.32103    ,  0.955854   ,  1.24337    ,  0.415806   ,  0.150423   ,  0.147695   ,  0.0693935  ])
60      , -5696.57    , array([ 0.113354   ,  0.109215   ,  0.705138   ,  0.941495   ,  0.461248   ,  1.35127    ,  0.716255   ,  1.63044    ,  0.23122    ,  0.0783609  ])
100     , -4896.79    , array([ 0.1063     ,  0.100895   ,  0.384493   ,  0.406637   ,  0.490556   ,  0.85125    ,  0.985608   ,  3.40455    ,  0.179225   ,  0.0848492  ])
120     , -4394.22    , array([ 0.1077     ,  0.090326   ,  0.242475   ,  0.333663   ,  0.624801   ,  0.861855   ,  4.71558    ,  5.617      ,  0.0783167  ,  0.108264   ])
140     , -4394.23    , array([ 0.1077     ,  0.090326   ,  0.242475   ,  0.333663   ,  0.624801   ,  0.862719   ,  4.71559    ,  5.617      ,  0.0783165  ,  0.108156   ])
160     , -4045.18    , array([ 0.110486   ,  0.0842634  ,  0.115499   ,  0.349172   ,  0.813552   ,  1.23622    ,  9.80027    ,  8.37304    ,  0.0394697  ,  0.128633   ])
200     , -4045.18    , array([ 0.110486   ,  0.0841793  ,  0.115498   ,  0.349171   ,  0.813548   ,  1.23746    ,  9.8003     ,  8.37302    ,  0.0394696  ,  0.128633   ])
220     , -4045.18    , array([ 0.110486   ,  0.0842635  ,  0.115498   ,  0.349171   ,  0.813547   ,  1.23623    ,  9.8003     ,  8.37302    ,  0.0394696  ,  0.128633   ])
240     , -4045.17    , array([ 0.110486   ,  0.0841793  ,  0.115498   ,  0.349171   ,  0.813547   ,  1.23623    ,  9.80031    ,  8.37302    ,  0.0394696  ,  0.128762   ])
260     , -4045.18    , array([ 0.110486   ,  0.0841793  ,  0.115498   ,  0.349171   ,  0.813547   ,  1.23746    ,  9.80031    ,  8.37302    ,  0.0394696  ,  0.128634   ])
300     , -4045.17    , array([ 0.110486   ,  0.0841793  ,  0.115498   ,  0.349171   ,  0.813546   ,  1.23623    ,  9.80031    ,  8.37302    ,  0.0394696  ,  0.128762   ])
340     , -4045.18    , array([ 0.110486   ,  0.0842635  ,  0.115498   ,  0.349171   ,  0.813546   ,  1.23623    ,  9.80031    ,  8.37302    ,  0.0394696  ,  0.128634   ])
380     , -4045.18    , array([ 0.110486   ,  0.0841793  ,  0.115498   ,  0.349171   ,  0.813546   ,  1.23746    ,  9.80031    ,  8.37302    ,  0.0394696  ,  0.128634   ])
400     , -4045.18    , array([ 0.110486   ,  0.0842635  ,  0.115498   ,  0.349171   ,  0.813546   ,  1.23623    ,  9.80031    ,  8.37302    ,  0.0394696  ,  0.128634   ])
420     , -4045.17    , array([ 0.110486   ,  0.0841793  ,  0.115498   ,  0.349171   ,  0.813546   ,  1.23623    ,  9.80031    ,  8.37302    ,  0.0394696  ,  0.128762   ])
440     , -4036.34    , array([ 0.112096   ,  0.0850298  ,  0.11217    ,  0.345015   ,  0.786104   ,  1.25482    ,  9.98984    ,  8.26473    ,  0.0391451  ,  0.130911   ])
460     , -4036.34    , array([ 0.112096   ,  0.0851148  ,  0.11217    ,  0.345015   ,  0.786104   ,  1.25356    ,  9.98984    ,  8.26473    ,  0.0391451  ,  0.130911   ])
480     , -4036.34    , array([ 0.112096   ,  0.0850298  ,  0.11217    ,  0.345015   ,  0.786104   ,  1.25356    ,  9.98984    ,  8.26473    ,  0.0391451  ,  0.131042   ])
500     , -4036.34    , array([ 0.112096   ,  0.0850298  ,  0.11217    ,  0.345015   ,  0.786104   ,  1.25482    ,  9.98984    ,  8.26473    ,  0.0391451  ,  0.130911   ])
520     , -4040.37    , array([ 0.111453   ,  0.0846904  ,  0.113482   ,  0.346662   ,  0.796907   ,  1.24664    ,  9.92393    ,  8.30764    ,  0.0392739  ,  0.13       ])
540     , -4036.53    , array([ 0.112062   ,  0.0850966  ,  0.11224    ,  0.345103   ,  0.786678   ,  1.25319    ,  9.98577    ,  8.26702    ,  0.039152   ,  0.130862   ])
560     , -4036.2     , array([ 0.112123   ,  0.0850438  ,  0.112117   ,  0.344948   ,  0.785662   ,  1.25385    ,  9.99297    ,  8.26297    ,  0.0391398  ,  0.13108    ])
Finshed optimization **************************************************
Unfolded optimal parms:

[ 0.11048558  0.08417914  0.11549851  0.34917185  0.81355205  1.23622305
  9.80027312  8.37304012  0.03946968  0.12863306]

theta:

817.309887693


Beginning optimization folded************************************************
580     , -8167.35    , array([ 0.11549    ,  0.0802351  ,  0.969831   ,  1.36172    ,  1.02105    ,  1.40995    ,  0.41503    ,  0.168798   ,  0.145821   ,  0.0700289  ])
620     , -5156.28    , array([ 0.112901   ,  0.0942314  ,  0.64736    ,  0.96481    ,  0.689118   ,  1.35739    ,  0.68306    ,  1.56376    ,  0.199756   ,  0.0802569  ])
640     , -3467.22    , array([ 0.0938591  ,  0.0494701  ,  0.061539   ,  0.215045   ,  1.13696    ,  0.235555   ,  6.88175    ,  7.00528    ,  0.0327947  ,  0.100837   ])
660     , -3467.04    , array([ 0.0938591  ,  0.0495195  ,  0.0615386  ,  0.215047   ,  1.13699    ,  0.235319   ,  6.8818     ,  7.00545    ,  0.0327935  ,  0.100837   ])
680     , -3466.91    , array([ 0.0938592  ,  0.0494694  ,  0.0615343  ,  0.215072   ,  1.13727    ,  0.235302   ,  6.88231    ,  7.00722    ,  0.0327798  ,  0.100939   ])
700     , -3466.98    , array([ 0.0938592  ,  0.0494694  ,  0.0615342  ,  0.215073   ,  1.13728    ,  0.235537   ,  6.88232    ,  7.00726    ,  0.0327795  ,  0.100838   ])
740     , -3466.9     , array([ 0.0938592  ,  0.0494694  ,  0.0615341  ,  0.215073   ,  1.13728    ,  0.235301   ,  6.88234    ,  7.00731    ,  0.0327791  ,  0.100939   ])
780     , -3466.82    , array([ 0.0938592  ,  0.0495189  ,  0.061534   ,  0.215074   ,  1.13729    ,  0.235301   ,  6.88234    ,  7.00733    ,  0.0327789  ,  0.100838   ])
800     , -3295.98    , array([ 0.0939329  ,  0.0488557  ,  0.0573316  ,  0.241795   ,  1.45642    ,  0.219164   ,  7.41927    ,  9.04692    ,  0.0214972  ,  0.10228    ])
820     , -3296.09    , array([ 0.0939329  ,  0.0488557  ,  0.0573316  ,  0.241795   ,  1.45642    ,  0.219383   ,  7.41927    ,  9.04692    ,  0.0214972  ,  0.102178   ])
860     , -3295.98    , array([ 0.093933   ,  0.0488557  ,  0.0573317  ,  0.241795   ,  1.45642    ,  0.219163   ,  7.41927    ,  9.04692    ,  0.0214972  ,  0.10228    ])
900     , -3295.93    , array([ 0.093933   ,  0.0489046  ,  0.0573318  ,  0.241795   ,  1.45642    ,  0.219163   ,  7.41927    ,  9.04693    ,  0.0214972  ,  0.102178   ])
920     , -3268.46    , array([ 0.0966157  ,  0.0525941  ,  0.0715675  ,  0.230247   ,  1.57574    ,  0.161529   ,  7.45188    ,  9.77894    ,  0.0200041  ,  0.10585    ])
940     , -3268.6     , array([ 0.0966157  ,  0.0525941  ,  0.0715675  ,  0.230247   ,  1.57574    ,  0.161691   ,  7.45188    ,  9.77894    ,  0.0200041  ,  0.105744   ])
980     , -3268.46    , array([ 0.0966157  ,  0.0525941  ,  0.0715675  ,  0.230247   ,  1.57574    ,  0.161529   ,  7.45188    ,  9.77894    ,  0.0200041  ,  0.10585    ])
1020    , -3268.38    , array([ 0.0966157  ,  0.0526468  ,  0.0715675  ,  0.230247   ,  1.57574    ,  0.161529   ,  7.45188    ,  9.77894    ,  0.0200041  ,  0.105744   ])
1040    , -3261.4     , array([ 0.0971015  ,  0.053421   ,  0.0734309  ,  0.227378   ,  1.59731    ,  0.153058   ,  7.32979    ,  9.91437    ,  0.0197582  ,  0.106475   ])
1060    , -3260.95    , array([ 0.0971429  ,  0.0534918  ,  0.0735913  ,  0.227136   ,  1.59916    ,  0.152512   ,  7.31951    ,  9.92595    ,  0.0197374  ,  0.106422   ])
1100    , -3257.54    , array([ 0.0973661  ,  0.053875   ,  0.0744619  ,  0.225837   ,  1.60914    ,  0.14865    ,  7.26439    ,  9.98862    ,  0.019626   ,  0.106816   ])
1160    , -3257.54    , array([ 0.0973661  ,  0.053875   ,  0.0744619  ,  0.225837   ,  1.60914    ,  0.14865    ,  7.26439    ,  9.98862    ,  0.019626   ,  0.106816   ])
1180    , -3257.69    , array([ 0.0973661  ,  0.053875   ,  0.0744619  ,  0.225837   ,  1.60914    ,  0.148799   ,  7.26439    ,  9.98862    ,  0.019626   ,  0.106709   ])
1200    , -3257.46    , array([ 0.0973661  ,  0.0539289  ,  0.0744619  ,  0.225837   ,  1.60914    ,  0.14865    ,  7.26439    ,  9.98862    ,  0.019626   ,  0.106709   ])
1220    , -3261.58    , array([ 0.0971015  ,  0.053421   ,  0.0734309  ,  0.227378   ,  1.59731    ,  0.153058   ,  7.33712    ,  9.91437    ,  0.0197582  ,  0.106369   ])
1240    , -3256.87    , array([ 0.0974064  ,  0.0539984  ,  0.0746201  ,  0.225603   ,  1.61095    ,  0.147991   ,  7.25449    ,  9.99997    ,  0.019606   ,  0.106761   ])
Beginning optimization folded************************************************
Folded optimal parms:

[ 0.09661572  0.05259414  0.07156754  0.23024744  1.57574055  0.16152898
  7.45188244  9.77893929  0.02000411  0.10574428]

theta:

897.042180266


