Beginning optimization ************************************************
20      , -8259.54    , array([ 0.190002   ,  0.152823   ,  1.36434    ,  0.928422   ,  0.723635   ,  0.512198   ,  0.141222   ,  0.145544   ,  0.36924    ,  0.051517   ])
40      , -3369.03    , array([ 0.436678   ,  0.626992   ,  0.0383653  ,  0.190702   ,  0.0025317  ,  0.051275   ,  0.023455   ,  3.98669    ,  0.109329   ,  0.045365   ])
80      , -3417.69    , array([ 0.590387   ,  0.747963   ,  0.0291547  ,  0.13811    ,  0.00288287 ,  0.0674528  ,  0.0290682  ,  4.74761    ,  0.120778   ,  0.0466258  ])
100     , -3343.18    , array([ 0.500605   ,  0.773545   ,  0.0261498  ,  0.158623   ,  0.00338588 ,  0.0476875  ,  0.0263376  ,  4.15539    ,  0.116679   ,  0.0466662  ])
0.00657350385767 4369.99217228
0.00657350385767 4369.99217228
0.0045275872596 4369.99217228
0.00657350385767 4369.99217228
0.00657350385767 4369.99217228
0.00781500221002 4369.99217228
0.00657350385767 4369.99217228
0.0045275872596 4369.99217228
140     , -4269.7     , array([ 0.174467   ,  0.599225   ,  0.700404   ,  1.16276    ,  0.174551   ,  0.100998   ,  0.9755     ,  9.35897    ,  0.00344032 ,  0.0664118  ])
0.00657350385767 4369.99217228
0.00576914375162 4369.99217228
0.00657350385767 4369.99217228
0.00657350385767 4369.99217228
0.00657350385767 4369.99217228
0.00657350385767 4369.99217228
0.0045275872596 4369.99217228
0.00657350385767 4369.99217228
160     , -4269.79    , array([ 0.174467   ,  0.599826   ,  0.700404   ,  1.16276    ,  0.17455    ,  0.100897   ,  0.9755     ,  9.35897    ,  0.00344032 ,  0.0664118  ])
0.00657350385767 4369.99217228
0.00781500221002 4369.99217228
0.00657350385767 4369.99217228
0.0045275872596 4369.99217228
0.00657350385767 4369.99217228
0.00576914375162 4369.99217228
0.00657350385767 4369.99217228
0.00657350385767 4369.99217228
180     , -3970.82    , array([ 0.0988967  ,  3.50066    ,  0.961209   ,  0.372575   ,  0.103158   ,  0.0892714  ,  0.684223   ,  9.52897    ,  0.0032762  ,  0.0846372  ])
200     , -3970.65    , array([ 0.0988967  ,  3.50066    ,  0.961209   ,  0.372575   ,  0.103158   ,  0.0893607  ,  0.684222   ,  9.52897    ,  0.0032762  ,  0.0845527  ])
220     , -3849.71    , array([ 0.0815724  ,  6.37748    ,  1.07018    ,  0.253235   ,  0.0862996  ,  0.0856396  ,  0.606654   ,  9.58734    ,  0.00322232 ,  0.0917719  ])
240     , -3849.64    , array([ 0.0815724  ,  6.37111    ,  1.07018    ,  0.253235   ,  0.0862996  ,  0.0856396  ,  0.606654   ,  9.58734    ,  0.00322232 ,  0.0918638  ])
280     , -3764.54    , array([ 0.0710407  ,  9.8022     ,  1.15593    ,  0.191936   ,  0.0759248  ,  0.0831242  ,  0.556456   ,  9.62946    ,  0.0031842  ,  0.097331   ])
340     , -3764.54    , array([ 0.0710407  ,  9.8022     ,  1.15593    ,  0.191936   ,  0.0759248  ,  0.0831242  ,  0.556456   ,  9.62946    ,  0.0031842  ,  0.097331   ])
360     , -3761.68    , array([ 0.0707072  ,  9.93675    ,  1.15897    ,  0.190134   ,  0.0755945  ,  0.0830399  ,  0.554823   ,  9.6309     ,  0.00318291 ,  0.0976236  ])
380     , -3761.5     , array([ 0.0707072  ,  9.93675    ,  1.15897    ,  0.190134   ,  0.0755945  ,  0.083123   ,  0.554823   ,  9.6309     ,  0.00318291 ,  0.097526   ])
400     , -3760.81    , array([ 0.0705974  ,  9.99484    ,  1.15997    ,  0.189543   ,  0.0754858  ,  0.0830121  ,  0.554284   ,  9.63137    ,  0.00318248 ,  0.0975905  ])
440     , -3760.58    , array([ 0.0705974  ,  9.98485    ,  1.15997    ,  0.189543   ,  0.0754858  ,  0.0830951  ,  0.554284   ,  9.63137    ,  0.00318248 ,  0.0975905  ])
460     , -3760.81    , array([ 0.0705974  ,  9.99484    ,  1.15997    ,  0.189543   ,  0.0754858  ,  0.0830121  ,  0.554284   ,  9.63137    ,  0.00318248 ,  0.0975905  ])
480     , -3760.76    , array([ 0.0705974  ,  9.98485    ,  1.15997    ,  0.189543   ,  0.0754858  ,  0.0830121  ,  0.554284   ,  9.63137    ,  0.00318248 ,  0.0976881  ])
500     , -3760.58    , array([ 0.0705974  ,  9.98485    ,  1.15997    ,  0.189543   ,  0.0754858  ,  0.0830951  ,  0.554284   ,  9.63137    ,  0.00318248 ,  0.0975905  ])
520     , -3878.54    , array([ 0.0854655  ,  5.52849    ,  1.0433     ,  0.277491   ,  0.0900257  ,  0.0864864  ,  0.624195   ,  9.57348    ,  0.00323501 ,  0.0900079  ])
540     , -3803.83    , array([ 0.0757933  ,  8.00651    ,  1.11494    ,  0.218546   ,  0.0806196  ,  0.0842932  ,  0.579432   ,  9.60971    ,  0.0032052  ,  0.0946861  ])
560     , -3763.4     , array([ 0.0708818  ,  9.86083    ,  1.15854    ,  0.191076   ,  0.0757674  ,  0.0830841  ,  0.555678   ,  9.63015    ,  0.00318358 ,  0.0974237  ])
Finshed optimization **************************************************
Unfolded optimal parms:

[  1.74466955e-01   5.99225400e-01   7.00404217e-01   1.16276163e+00
   1.74550537e-01   1.00897152e-01   9.75500333e-01   9.35897191e+00
   3.44031601e-03   6.64117694e-02]

theta:

716.779733409


Beginning optimization folded************************************************
600     , -9077.21    , array([ 0.197318   ,  0.057166   ,  1.36919    ,  1.48928    ,  1.42765    ,  0.823587   ,  0.331731   ,  0.120119   ,  0.126234   ,  0.0554025  ])
620     , -4794.26    , array([ 0.188541   ,  0.0591739  ,  0.711862   ,  1.27271    ,  0.897609   ,  0.636223   ,  0.609634   ,  2.58816    ,  0.181388   ,  0.0602124  ])
660     , -4794.39    , array([ 0.18835    ,  0.0591723  ,  0.711817   ,  1.27266    ,  0.898479   ,  0.636167   ,  0.609676   ,  2.58825    ,  0.181384   ,  0.0602128  ])
700     , -3473.67    , array([ 0.147565   ,  0.0279907  ,  0.119693   ,  0.452305   ,  0.377019   ,  0.055744   ,  4.2673     ,  7.10968    ,  0.0941799  ,  0.0719989  ])
720     , -3141.38    , array([ 0.167009   ,  0.0532598  ,  0.0694773  ,  0.439458   ,  0.444199   ,  0.0427128  ,  6.40964    ,  9.39831    ,  0.0316868  ,  0.0717505  ])
740     , -3141.32    , array([ 0.167176   ,  0.0532598  ,  0.0694773  ,  0.439458   ,  0.443756   ,  0.0427129  ,  6.40964    ,  9.39832    ,  0.0316868  ,  0.0717505  ])
760     , -3141.34    , array([ 0.167009   ,  0.0532598  ,  0.0694772  ,  0.439458   ,  0.443756   ,  0.0427129  ,  6.40964    ,  9.39832    ,  0.0317185  ,  0.0717505  ])
780     , -3141.38    , array([ 0.167009   ,  0.0532598  ,  0.0694772  ,  0.439458   ,  0.4442     ,  0.0427129  ,  6.40965    ,  9.39832    ,  0.0316868  ,  0.0717505  ])
800     , -3087.91    , array([ 0.181      ,  0.0513971  ,  0.0502616  ,  0.372567   ,  0.473192   ,  0.0589313  ,  8.12439    ,  9.76327    ,  0.0222789  ,  0.0716148  ])
840     , -3087.95    , array([ 0.180819   ,  0.0513971  ,  0.0502616  ,  0.372567   ,  0.473665   ,  0.0589314  ,  8.12439    ,  9.76327    ,  0.0222789  ,  0.0716148  ])
860     , -3087.91    , array([ 0.181      ,  0.0513971  ,  0.0502616  ,  0.372567   ,  0.473192   ,  0.0589314  ,  8.12439    ,  9.76327    ,  0.0222789  ,  0.0716148  ])
880     , -3087.93    , array([ 0.18082    ,  0.0513971  ,  0.0502615  ,  0.372567   ,  0.473192   ,  0.0589314  ,  8.12439    ,  9.76327    ,  0.0223012  ,  0.0716148  ])
900     , -3087.95    , array([ 0.18082    ,  0.0513971  ,  0.0502615  ,  0.372567   ,  0.473665   ,  0.0589314  ,  8.12439    ,  9.76327    ,  0.0222789  ,  0.0716148  ])
940     , -3087.93    , array([ 0.18082    ,  0.0513971  ,  0.0502615  ,  0.372567   ,  0.473192   ,  0.0589314  ,  8.12439    ,  9.76327    ,  0.0223012  ,  0.0716148  ])
960     , -3082.17    , array([ 0.181607   ,  0.046735   ,  0.049483   ,  0.416398   ,  0.482271   ,  0.059368   ,  8.23453    ,  9.96496    ,  0.0206813  ,  0.0718709  ])
980     , -3082.14    , array([ 0.181788   ,  0.046735   ,  0.049483   ,  0.416398   ,  0.481789   ,  0.059368   ,  8.23453    ,  9.96496    ,  0.0206813  ,  0.0718709  ])
1000    , -3082.15    , array([ 0.181607   ,  0.046735   ,  0.049483   ,  0.416398   ,  0.481789   ,  0.059368   ,  8.23453    ,  9.96496    ,  0.020702   ,  0.0718709  ])
1020    , -3082.17    , array([ 0.181607   ,  0.046735   ,  0.049483   ,  0.416398   ,  0.482271   ,  0.059368   ,  8.23453    ,  9.96496    ,  0.0206813  ,  0.0718709  ])
1040    , -3082.14    , array([ 0.181788   ,  0.046735   ,  0.049483   ,  0.416398   ,  0.481789   ,  0.059368   ,  8.23453    ,  9.96496    ,  0.0206813  ,  0.0718709  ])
1080    , -3082.17    , array([ 0.181607   ,  0.046735   ,  0.049483   ,  0.416398   ,  0.482271   ,  0.059368   ,  8.23453    ,  9.96496    ,  0.0206813  ,  0.0718709  ])
1100    , -3082.14    , array([ 0.181788   ,  0.046735   ,  0.049483   ,  0.416398   ,  0.481789   ,  0.059368   ,  8.23453    ,  9.96496    ,  0.0206813  ,  0.0718709  ])
1120    , -3081.81    , array([ 0.180837   ,  0.0467174  ,  0.0495226  ,  0.41622    ,  0.479999   ,  0.0594199  ,  8.22621    ,  9.97514    ,  0.0206237  ,  0.0719362  ])
1140    , -3081.09    , array([ 0.179165   ,  0.046679   ,  0.0496093  ,  0.415831   ,  0.476587   ,  0.0595333  ,  8.20808    ,  9.99743    ,  0.0204333  ,  0.072079   ])
1160    , -3081.16    , array([ 0.179565   ,  0.0466841  ,  0.0495978  ,  0.415882   ,  0.476624   ,  0.0595183  ,  8.21048    ,  9.99447    ,  0.0204557  ,  0.0720601  ])
1180    , -3081.08    , array([ 0.179212   ,  0.0466801  ,  0.0496069  ,  0.415842   ,  0.476219   ,  0.0595302  ,  8.20859    ,  9.9968     ,  0.0204585  ,  0.072075   ])
1200    , -3081.09    , array([ 0.179167   ,  0.046679   ,  0.0496092  ,  0.415831   ,  0.476591   ,  0.0595332  ,  8.2081     ,  9.9974     ,  0.0204335  ,  0.0720789  ])
1220    , -3081.05    , array([ 0.179345   ,  0.046679   ,  0.0496093  ,  0.415831   ,  0.47611    ,  0.0595333  ,  8.20808    ,  9.99742    ,  0.0204333  ,  0.072079   ])
1240    , -3081.06    , array([ 0.179165   ,  0.046679   ,  0.0496093  ,  0.415831   ,  0.47611    ,  0.0595333  ,  8.20808    ,  9.99743    ,  0.0204537  ,  0.072079   ])
1260    , -3081.09    , array([ 0.179165   ,  0.046679   ,  0.0496093  ,  0.415831   ,  0.476587   ,  0.0595333  ,  8.20808    ,  9.99743    ,  0.0204333  ,  0.072079   ])
1280    , -3081.05    , array([ 0.179345   ,  0.046679   ,  0.0496093  ,  0.415831   ,  0.47611    ,  0.0595333  ,  8.20808    ,  9.99743    ,  0.0204333  ,  0.072079   ])
1300    , -3081.06    , array([ 0.179165   ,  0.046679   ,  0.0496093  ,  0.415831   ,  0.47611    ,  0.0595333  ,  8.20808    ,  9.99743    ,  0.0204537  ,  0.072079   ])
1320    , -3081.09    , array([ 0.179165   ,  0.046679   ,  0.0496093  ,  0.415831   ,  0.476587   ,  0.0595333  ,  8.20808    ,  9.99743    ,  0.0204333  ,  0.072079   ])
1340    , -3081.05    , array([ 0.179345   ,  0.046679   ,  0.0496093  ,  0.415831   ,  0.47611    ,  0.0595333  ,  8.20808    ,  9.99743    ,  0.0204333  ,  0.072079   ])
1360    , -3081.06    , array([ 0.179165   ,  0.046679   ,  0.0496093  ,  0.415831   ,  0.47611    ,  0.0595333  ,  8.20808    ,  9.99743    ,  0.0204537  ,  0.072079   ])
1380    , -3081.09    , array([ 0.179165   ,  0.046679   ,  0.0496093  ,  0.415831   ,  0.476587   ,  0.0595333  ,  8.20808    ,  9.99743    ,  0.0204333  ,  0.072079   ])
1400    , -3081.05    , array([ 0.179345   ,  0.046679   ,  0.0496093  ,  0.415831   ,  0.47611    ,  0.0595333  ,  8.20808    ,  9.99743    ,  0.0204333  ,  0.072079   ])
1420    , -3081.06    , array([ 0.179165   ,  0.046679   ,  0.0496093  ,  0.415831   ,  0.47611    ,  0.0595333  ,  8.20808    ,  9.99743    ,  0.0204537  ,  0.072079   ])
1440    , -3081.09    , array([ 0.179165   ,  0.046679   ,  0.0496093  ,  0.415831   ,  0.476587   ,  0.0595333  ,  8.20808    ,  9.99743    ,  0.0204333  ,  0.072079   ])
1460    , -3081.43    , array([ 0.179981   ,  0.0466978  ,  0.0495669  ,  0.416021   ,  0.478008   ,  0.0594778  ,  8.21694    ,  9.98652    ,  0.0205367  ,  0.0720092  ])
Beginning optimization folded************************************************
Folded optimal parms:

[ 0.18160665  0.04673496  0.04948296  0.41639843  0.48178907  0.05936803
  8.2345251   9.96495696  0.02068127  0.07187093]

theta:

941.465936435


