Beginning optimization ************************************************
20      , -10047.3    , array([ 0.0826076  ,  0.0836398  ,  2.17754    ,  2.0147     ,  2.05572    ,  1.57855    ,  0.167182   ,  0.129564   ,  0.163156   ,  0.0597581  ])
60      , -6613.83    , array([ 0.0887526  ,  0.102443   ,  2.20162    ,  0.971845   ,  1.07152    ,  0.349749   ,  0.283178   ,  1.26344    ,  0.216423   ,  0.0712323  ])
100     , -6613.51    , array([ 0.088753   ,  0.10255    ,  2.20164    ,  0.971818   ,  1.07145    ,  0.34975    ,  0.283174   ,  1.26356    ,  0.216413   ,  0.0711615  ])
120     , -5539.33    , array([ 0.095685   ,  0.174196   ,  2.54398    ,  0.648538   ,  0.441539   ,  0.36857    ,  0.234675   ,  4.96824    ,  0.111315   ,  0.0762856  ])
160     , -4103.84    , array([ 0.151861   ,  0.4015     ,  2.84739    ,  0.264069   ,  0.0515198  ,  0.114281   ,  0.186262   ,  8.468      ,  0.023337   ,  0.0899439  ])
200     , -4103.85    , array([ 0.151857   ,  0.401102   ,  2.84736    ,  0.264065   ,  0.0515192  ,  0.114394   ,  0.18626    ,  8.46803    ,  0.0233365  ,  0.0899441  ])
220     , -13043.5    , array([ 0.00554744 ,  0.074974   ,  1.06635    ,  0.00115389 ,  0.00336663 ,  0.267331   ,  0.98418    ,  6.38439    ,  0.00517286 ,  0.283106   ])
240     , -3554.46    , array([ 0.0482047  ,  0.555456   ,  1.87713    ,  0.126317   ,  0.0290624  ,  0.065181   ,  0.133269   ,  9.55677    ,  0.0105601  ,  0.0989783  ])
280     , -3519.59    , array([ 0.0374651  ,  0.437466   ,  2.35347    ,  0.140566   ,  0.025781   ,  0.0647671  ,  0.167071   ,  9.76496    ,  0.00857052 ,  0.120046   ])
300     , -3485.58    , array([ 0.0284045  ,  0.310795   ,  3.14226    ,  0.156584   ,  0.0202235  ,  0.0636409  ,  0.171996   ,  9.99395    ,  0.00799311 ,  0.137801   ])
320     , -3496.47    , array([ 0.0311506  ,  0.348192   ,  2.85363    ,  0.151051   ,  0.0219283  ,  0.0640781  ,  0.170339   ,  9.91703    ,  0.00818113 ,  0.131521   ])
340     , -3486.71    , array([ 0.0286973  ,  0.315058   ,  3.1088     ,  0.155959   ,  0.0204062  ,  0.0636822  ,  0.171811   ,  9.98537    ,  0.00801379 ,  0.136967   ])
360     , -3485.97    , array([ 0.0285018  ,  0.312105   ,  3.13107    ,  0.156375   ,  0.0202842  ,  0.0636547  ,  0.171935   ,  9.99109    ,  0.008      ,  0.137569   ])
380     , -3485.58    , array([ 0.0284088  ,  0.310853   ,  3.14176    ,  0.156574   ,  0.0202262  ,  0.0637052  ,  0.171994   ,  9.99382    ,  0.00799342 ,  0.137653   ])
400     , -3485.53    , array([ 0.0284047  ,  0.311108   ,  3.14224    ,  0.156583   ,  0.0202237  ,  0.0636409  ,  0.171996   ,  9.99394    ,  0.00799313 ,  0.137663   ])
420     , -3485.58    , array([ 0.0284046  ,  0.310795   ,  3.14226    ,  0.156584   ,  0.0202236  ,  0.0636409  ,  0.171996   ,  9.99395    ,  0.00799312 ,  0.137801   ])
440     , -3485.56    , array([ 0.0284045  ,  0.310795   ,  3.14226    ,  0.156584   ,  0.0202235  ,  0.0637046  ,  0.171996   ,  9.99395    ,  0.00799311 ,  0.137664   ])
460     , -3485.53    , array([ 0.0284045  ,  0.311106   ,  3.14226    ,  0.156584   ,  0.0202235  ,  0.0636409  ,  0.171996   ,  9.99395    ,  0.00799311 ,  0.137664   ])
480     , -3485.58    , array([ 0.0284045  ,  0.310795   ,  3.14226    ,  0.156584   ,  0.0202235  ,  0.0636409  ,  0.171996   ,  9.99395    ,  0.00799311 ,  0.137801   ])
500     , -3485.56    , array([ 0.0284045  ,  0.310795   ,  3.14226    ,  0.156584   ,  0.0202235  ,  0.0637046  ,  0.171996   ,  9.99395    ,  0.00799311 ,  0.137664   ])
520     , -3485.53    , array([ 0.0284045  ,  0.311106   ,  3.14226    ,  0.156584   ,  0.0202235  ,  0.0636409  ,  0.171996   ,  9.99395    ,  0.00799311 ,  0.137664   ])
540     , -3485.58    , array([ 0.0284045  ,  0.310795   ,  3.14226    ,  0.156584   ,  0.0202235  ,  0.0636409  ,  0.171996   ,  9.99395    ,  0.00799311 ,  0.137801   ])
560     , -3485.56    , array([ 0.0284045  ,  0.310795   ,  3.14226    ,  0.156584   ,  0.0202235  ,  0.0637046  ,  0.171996   ,  9.99395    ,  0.00799311 ,  0.137664   ])
580     , -3485.53    , array([ 0.0284045  ,  0.311106   ,  3.14226    ,  0.156584   ,  0.0202235  ,  0.0636409  ,  0.171996   ,  9.99395    ,  0.00799311 ,  0.137664   ])
600     , -3485.58    , array([ 0.0284045  ,  0.310795   ,  3.14226    ,  0.156584   ,  0.0202235  ,  0.0636409  ,  0.171996   ,  9.99395    ,  0.00799311 ,  0.137801   ])
620     , -3485.56    , array([ 0.0284045  ,  0.310795   ,  3.14226    ,  0.156584   ,  0.0202235  ,  0.0637046  ,  0.171996   ,  9.99395    ,  0.00799311 ,  0.137664   ])
640     , -3485.75    , array([ 0.0284329  ,  0.310795   ,  3.14226    ,  0.156584   ,  0.0202235  ,  0.0636409  ,  0.171996   ,  9.99395    ,  0.00799311 ,  0.137664   ])
Finshed optimization **************************************************
Unfolded optimal parms:

[  3.74650733e-02   4.37029295e-01   2.35347217e+00   1.40565721e-01
   2.57809658e-02   6.47670568e-02   1.67070745e-01   9.76495740e+00
   8.57052422e-03   1.20045790e-01]

theta:

894.437084673


Beginning optimization folded************************************************
660     , -11306.7    , array([ 0.0886254  ,  0.0792673  ,  3.56696    ,  1.63231    ,  3.49391    ,  1.94551    ,  0.120697   ,  0.0790915  ,  0.130704   ,  0.0593476  ])
680     , -9436.89    , array([ 0.0846276  ,  0.0837072  ,  2.34381    ,  2.04197    ,  2.27323    ,  1.70902    ,  0.165283   ,  0.15373    ,  0.162142   ,  0.0608551  ])
720     , -6166.08    , array([ 0.0840755  ,  0.117679   ,  1.58045    ,  1.10976    ,  2.12057    ,  0.827438   ,  0.292694   ,  1.62093    ,  0.166237   ,  0.0684387  ])
740     , -4440.65    , array([ 0.0748576  ,  0.184721   ,  0.243512   ,  0.159919   ,  0.792917   ,  0.292529   ,  3.57899    ,  3.60675    ,  0.0116558  ,  0.101699   ])
760     , -4440.93    , array([ 0.0748575  ,  0.184722   ,  0.24375    ,  0.159919   ,  0.792917   ,  0.292526   ,  3.57544    ,  3.60678    ,  0.0116555  ,  0.101699   ])
800     , -3464.02    , array([ 0.0670478  ,  0.340119   ,  0.0305936  ,  0.120818   ,  0.735934   ,  0.0955897  ,  6.42415    ,  7.59843    ,  0.000733262,  0.134866   ])
820     , -3463.98    , array([ 0.0670478  ,  0.340119   ,  0.0306242  ,  0.120818   ,  0.735934   ,  0.0955896  ,  6.41774    ,  7.59844    ,  0.000733258,  0.134866   ])
840     , -3464.49    , array([ 0.0670478  ,  0.340119   ,  0.0305935  ,  0.120818   ,  0.735934   ,  0.0955896  ,  6.41775    ,  7.59844    ,  0.000733257,  0.134866   ])
880     , -3172.24    , array([ 0.0665595  ,  0.396987   ,  0.0290739  ,  0.151236   ,  0.750413   ,  0.0799389  ,  8.91098    ,  9.15714    ,  0.000388246,  0.14246    ])
900     , -3172.62    , array([ 0.0665594  ,  0.396987   ,  0.0290449  ,  0.151236   ,  0.75041    ,  0.0799389  ,  8.91096    ,  9.15715    ,  0.000388245,  0.14246    ])
920     , -3172.31    , array([ 0.0665594  ,  0.396986   ,  0.0290449  ,  0.151236   ,  0.750408   ,  0.0799389  ,  8.91986    ,  9.15716    ,  0.000388244,  0.14246    ])
940     , -3172.23    , array([ 0.0665594  ,  0.396986   ,  0.029074   ,  0.151236   ,  0.750407   ,  0.0799389  ,  8.91094    ,  9.15716    ,  0.000388244,  0.14246    ])
980     , -3172.31    , array([ 0.0665594  ,  0.396986   ,  0.0290449  ,  0.151236   ,  0.750406   ,  0.0799389  ,  8.91985    ,  9.15717    ,  0.000388244,  0.14246    ])
1020    , -3172.62    , array([ 0.0665594  ,  0.396986   ,  0.0290449  ,  0.151236   ,  0.750406   ,  0.0799389  ,  8.91093    ,  9.15717    ,  0.000388244,  0.14246    ])
1060    , -3172.23    , array([ 0.0665594  ,  0.396986   ,  0.029074   ,  0.151236   ,  0.750406   ,  0.0799389  ,  8.91093    ,  9.15717    ,  0.000388244,  0.14246    ])
1080    , -3135.77    , array([ 0.0637358  ,  0.355026   ,  0.0374186  ,  0.146026   ,  0.468026   ,  0.065183   ,  6.90837    ,  9.96524    ,  0.000296076,  0.14001    ])
1120    , -3135.4     , array([ 0.0637358  ,  0.355026   ,  0.037456   ,  0.146026   ,  0.468026   ,  0.065183   ,  6.90837    ,  9.96524    ,  0.000296076,  0.14001    ])
1140    , -3135.77    , array([ 0.0637358  ,  0.355026   ,  0.0374186  ,  0.146026   ,  0.468026   ,  0.065183   ,  6.90837    ,  9.96524    ,  0.000296076,  0.14001    ])
1160    , -3135.4     , array([ 0.0637358  ,  0.355026   ,  0.0374186  ,  0.146026   ,  0.468026   ,  0.065183   ,  6.91528    ,  9.96524    ,  0.000296076,  0.14001    ])
1180    , -3135.4     , array([ 0.0637358  ,  0.355026   ,  0.037456   ,  0.146026   ,  0.468026   ,  0.065183   ,  6.90837    ,  9.96524    ,  0.000296076,  0.14001    ])
1200    , -3135.77    , array([ 0.0637358  ,  0.355026   ,  0.0374186  ,  0.146026   ,  0.468026   ,  0.065183   ,  6.90837    ,  9.96524    ,  0.000296076,  0.14001    ])
1220    , -3135.4     , array([ 0.0637358  ,  0.355026   ,  0.0374186  ,  0.146026   ,  0.468026   ,  0.065183   ,  6.91528    ,  9.96524    ,  0.000296076,  0.14001    ])
1240    , -3135.4     , array([ 0.0637358  ,  0.355026   ,  0.037456   ,  0.146026   ,  0.468026   ,  0.065183   ,  6.90837    ,  9.96524    ,  0.000296076,  0.14001    ])
1260    , -3135.77    , array([ 0.0637358  ,  0.355026   ,  0.0374186  ,  0.146026   ,  0.468026   ,  0.065183   ,  6.90837    ,  9.96524    ,  0.000296076,  0.14001    ])
1280    , -3134.38    , array([ 0.0650287  ,  0.353742   ,  0.0375109  ,  0.145993   ,  0.46428    ,  0.0649564  ,  6.89438    ,  9.98532    ,  0.000294443,  0.139212   ])
1300    , -3133.9     , array([ 0.0656385  ,  0.353147   ,  0.0375915  ,  0.145978   ,  0.46255    ,  0.0648514  ,  6.87781    ,  9.99466    ,  0.000293688,  0.138843   ])
1320    , -3134.23    , array([ 0.0656829  ,  0.353104   ,  0.037557   ,  0.145976   ,  0.462425   ,  0.0648438  ,  6.87711    ,  9.99534    ,  0.000293633,  0.138816   ])
1340    , -3133.86    , array([ 0.0656845  ,  0.353102   ,  0.0375571  ,  0.145976   ,  0.46242    ,  0.0648435  ,  6.88397    ,  9.99536    ,  0.000293631,  0.138815   ])
1360    , -3133.86    , array([ 0.0656849  ,  0.353102   ,  0.0375947  ,  0.145976   ,  0.462419   ,  0.0648434  ,  6.87708    ,  9.99537    ,  0.000293631,  0.138815   ])
1380    , -3134.23    , array([ 0.065685   ,  0.353102   ,  0.0375572  ,  0.145976   ,  0.462419   ,  0.0648434  ,  6.87708    ,  9.99537    ,  0.000293631,  0.138815   ])
1400    , -3133.86    , array([ 0.065685   ,  0.353102   ,  0.0375572  ,  0.145976   ,  0.462419   ,  0.0648434  ,  6.88396    ,  9.99537    ,  0.000293631,  0.138815   ])
1420    , -3133.86    , array([ 0.065685   ,  0.353102   ,  0.0375948  ,  0.145976   ,  0.462419   ,  0.0648434  ,  6.87708    ,  9.99537    ,  0.000293631,  0.138815   ])
1440    , -3134.23    , array([ 0.065685   ,  0.353102   ,  0.0375572  ,  0.145976   ,  0.462419   ,  0.0648434  ,  6.87708    ,  9.99537    ,  0.000293631,  0.138815   ])
1460    , -3133.86    , array([ 0.065685   ,  0.353102   ,  0.0375572  ,  0.145976   ,  0.462419   ,  0.0648434  ,  6.88396    ,  9.99537    ,  0.000293631,  0.138815   ])
1480    , -3133.86    , array([ 0.065685   ,  0.353102   ,  0.0375948  ,  0.145976   ,  0.462419   ,  0.0648434  ,  6.87708    ,  9.99537    ,  0.000293631,  0.138815   ])
1500    , -3134.23    , array([ 0.065685   ,  0.353102   ,  0.0375572  ,  0.145976   ,  0.462419   ,  0.0648434  ,  6.87708    ,  9.99537    ,  0.000293631,  0.138815   ])
1520    , -3133.86    , array([ 0.065685   ,  0.353102   ,  0.0375572  ,  0.145976   ,  0.462419   ,  0.0648434  ,  6.88396    ,  9.99537    ,  0.000293631,  0.138815   ])
1540    , -3133.86    , array([ 0.065685   ,  0.353102   ,  0.0375948  ,  0.145976   ,  0.462419   ,  0.0648434  ,  6.87708    ,  9.99537    ,  0.000293631,  0.138815   ])
1560    , -3134.23    , array([ 0.065685   ,  0.353102   ,  0.0375572  ,  0.145976   ,  0.462419   ,  0.0648434  ,  6.87708    ,  9.99537    ,  0.000293631,  0.138815   ])
1580    , -3133.86    , array([ 0.065685   ,  0.353102   ,  0.0375572  ,  0.145976   ,  0.462419   ,  0.0648434  ,  6.88396    ,  9.99537    ,  0.000293631,  0.138815   ])
1600    , -3133.86    , array([ 0.065685   ,  0.353102   ,  0.0375948  ,  0.145976   ,  0.462419   ,  0.0648434  ,  6.87708    ,  9.99537    ,  0.000293631,  0.138815   ])
1640    , -3134.55    , array([ 0.0652811  ,  0.353495   ,  0.0375288  ,  0.145987   ,  0.463562   ,  0.0649128  ,  6.88348    ,  9.98919    ,  0.00029413 ,  0.139059   ])
Beginning optimization folded************************************************
Folded optimal parms:

[  6.37358192e-02   3.55025860e-01   3.74186101e-02   1.46026154e-01
   4.68026121e-01   6.51829672e-02   6.90836832e+00   9.96524476e+00
   2.96075684e-04   1.40009556e-01]

theta:

957.875273459


