68 191844 1562748.00398322
68 19185 1322442.7165856
68 1919 962340.547228517
68 200 664062.194225037
68 199 675956.471276482
68 198 702367.844350352
68 197 693019.503711486
68 196 700430.280730168
68 195 699562.622563591
68 194 696611.799701263
68 193 660883.015768345
68 192 683733.64759977
68 191 679346.518798663
68 190 706012.555568726
68 189 689207.212266864
68 188 670404.903017587
68 187 706999.477197813
68 186 679060.401190213
68 185 685127.400846263
68 184 696468.38995076
68 183 665485.682416275
68 182 683848.667069019
68 181 666993.812945581
68 180 650832.849147058
68 179 665596.840871125
68 178 723974.031165423
68 177 696448.804861469
68 176 672776.303449471
68 175 680367.482646844
68 174 680296.108326497
68 173 695487.450796058
68 172 704752.995152142
68 171 667359.207169477
68 170 667662.552446735
68 169 637687.107452184
68 168 656453.644376102
68 167 675597.452196607
68 166 657085.810961428
68 165 661681.565533023
68 164 701750.680971404
68 163 661478.164463517
68 162 642540.21918141
68 161 634520.00986795
68 160 678625.007720904
68 159 666573.296324848
68 158 650481.063342147
68 157 684659.017787396
68 156 654113.538096327
68 155 641784.294576731
68 154 675115.501210258
68 153 649233.354877592
68 152 661951.84524809
68 151 637080.562369756
68 150 644640.286536774
68 149 674438.841637674
68 148 665037.382435722
68 147 657275.619147456
68 146 649533.425566611
68 145 655161.523159855
68 144 672194.137183024
68 143 631884.833207544
68 142 638055.529319605
68 141 664145.161066102
68 140 627160.410977905
68 139 639654.027587586
68 138 657091.938402135
68 137 623403.806201711
68 136 658405.481899907
68 135 640059.261656876
68 134 609325.05219494
68 133 617975.873690613
68 132 620397.959880313
68 131 621247.569510503
68 130 622978.2459589
68 129 631450.090454258
68 128 619603.478964408
68 127 639142.703738198
68 126 631556.004973055
68 125 622266.322569949
68 124 606952.922601067
68 123 695736.298268804
68 122 668635.024606961
68 121 622716.509826702
68 120 619007.280602037
68 119 608488.685833246
68 118 656946.430588118
68 117 627143.952308868
68 116 595071.919048504
68 115 612663.682712208
68 114 593145.552976453
68 113 617393.232676137
68 112 611435.149412289
68 111 590749.325604276
68 110 600088.902340327
68 109 649058.560629668
68 108 623606.065919936
68 107 596074.850971951
68 106 615480.540806238
68 105 606162.080842433
68 104 608906.010880224
68 103 569544.618217233
68 102 601821.322488251
68 101 632059.440476932
68 100 603339.796391115
68 99 578278.362304743
68 98 574289.92171143
68 97 597496.474785379
68 96 599120.819626162
68 95 608705.366537732
68 94 597714.651150812
68 93 587929.932535048
68 92 624604.781164714
68 91 617200.241913694
68 90 578267.143572991
68 89 612594.480621623
68 88 593265.588254369
68 87 579546.925647026
68 86 595327.560401669
68 85 566144.345957446
68 84 545212.255861936
68 83 618587.688158887
68 82 587388.587257641
68 81 584022.473529808
68 80 598314.537127351
68 79 598893.340416659
68 78 549644.357189769
68 77 551818.636514397
68 76 582601.451896573
68 75 558303.140561656
68 74 584364.757887313
68 73 583316.462416637
68 72 564575.268494471
68 71 568860.691618225
68 70 563454.480046474
68 69 615886.609070382
68 68 583569.123809411
68 67 569467.264550228
68 66 562232.967365331
68 65 556927.450422546
68 64 571915.96970488
68 63 626945.879384018
68 62 548011.173514379
68 61 553056.064088037
68 60 553537.543184187
68 59 529059.84746013
68 58 581465.121548358
68 57 534444.984266924
68 56 566912.791706275
68 55 528699.400518578
68 54 577043.329355371
68 53 557211.253133395
68 52 540614.021255724
68 51 546357.318093062
68 50 546077.643970081
68 49 599508.493197776
68 48 555259.146269134
68 47 571464.689304234
68 46 509071.29172912
68 45 508548.41431934
68 44 540074.614261423
68 43 534704.35071744
68 42 556469.366423693
68 41 543228.574923866
68 40 550868.975446368
68 39 567400.240717298
68 38 580230.562942553
68 37 497138.473840562
68 36 588110.980623732
68 35 543037.59625169
68 34 504160.021203009
68 33 529324.358024467
68 32 514323.715252953
68 31 529790.6249485
68 30 533227.387525065
68 29 520246.077127663
68 28 506064.996196707
68 27 536640.484478232
68 26 508727.476885637
68 25 564787.572538885
68 24 573776.874547605
68 23 503116.738480527
68 22 530939.962107463
68 21 506329.06756612
68 20 529059.325018202
68 19 513600.496139367
68 18 573137.919535134
68 17 571977.272181222
68 16 572776.098532431
68 15 595116.699965346
68 14 578446.611869206
68 13 556058.954214339
68 12 596484.819886616
68 11 543532.196078197
68 10 557849.470522269
68 9 586287.305138851
68 8 534089.458606437
68 7 502103.826350508
68 6 592216.963752383
68 5 658221.775180664
68 4 692957.676386049
68 3 793978.476888414
68 2 921594.570066
68 1 1198556.36986894
