founder_asym_logistic_pop_2 50 [NAM,HAW] True 2 [28.9701772,53.907757,2.2922637,0.7225021,4.5423323,3.9564244,0.0602875] [100,100,6,40,40,20,0.5] [0.01,1e-05,0,0,0,1e-05,1e-05] [100,10] fmin
founder_asym_logistic_pop_2 50 [NAM,HAW] True 2 [28.9701772,53.907757,2.2922637,0.7225021,4.5423323,3.9564244,0.0602875] [100,100,6,40,40,20,0.5] [0.01,1e-05,0,0,0,1e-05,1e-05] [100,10] fmin
founder_asym_logistic_pop_2 50 [NAM,HAW] True 2 [28.9701772,53.907757,2.2922637,0.7225021,4.5423323,3.9564244,0.0602875] [100,100,6,40,40,20,0.5] [0.01,1e-05,0,0,0,1e-05,1e-05] [100,10] fmin
founder_asym_logistic_pop_2 50 [NAM,HAW] True 2 [28.9701772,53.907757,2.2922637,0.7225021,4.5423323,3.9564244,0.0602875] [100,100,6,40,40,20,0.5] [0.01,1e-05,0,0,0,1e-05,1e-05] [100,10] fmin
founder_asym_logistic_pop_2 50 [NAM,HAW] True 2 [28.9701772,53.907757,2.2922637,0.7225021,4.5423323,3.9564244,0.0602875] [100,100,6,40,40,20,0.5] [0.01,1e-05,0,0,0,1e-05,1e-05] [100,10] fmin
founder_asym_logistic_pop_2 50 [NAM,HAW] True 2 [28.9701772,53.907757,2.2922637,0.7225021,4.5423323,3.9564244,0.0602875] [100,100,6,40,40,20,0.5] [0.01,1e-05,0,0,0,1e-05,1e-05] [100,10] fmin
founder_asym_logistic_pop_2 50 [NAM,HAW] True 2 [28.9701772,53.907757,2.2922637,0.7225021,4.5423323,3.9564244,0.0602875] [100,100,6,40,40,20,0.5] [0.01,1e-05,0,0,0,1e-05,1e-05] [100,10] fmin
founder_asym_logistic_pop_2 50 [NAM,HAW] True 2 [28.9701772,53.907757,2.2922637,0.7225021,4.5423323,3.9564244,0.0602875] [100,100,6,40,40,20,0.5] [0.01,1e-05,0,0,0,1e-05,1e-05] [100,10] fmin
founder_asym_logistic_pop_2 50 [NAM,HAW] True 2 [28.9701772,53.907757,2.2922637,0.7225021,4.5423323,3.9564244,0.0602875] [100,100,6,40,40,20,0.5] [0.01,1e-05,0,0,0,1e-05,1e-05] [100,10] fmin
founder_asym_logistic_pop_2 50 [NAM,HAW] True 2 [28.9701772,53.907757,2.2922637,0.7225021,4.5423323,3.9564244,0.0602875] [100,100,6,40,40,20,0.5] [0.01,1e-05,0,0,0,1e-05,1e-05] [100,10] fmin
founder_asym_logistic_pop_2 50 [NAM,HAW] True 2 [28.9701772,53.907757,2.2922637,0.7225021,4.5423323,3.9564244,0.0602875] [100,100,6,40,40,20,0.5] [0.01,1e-05,0,0,0,1e-05,1e-05] [100,10] fmin
founder_asym_logistic_pop_2 50 [NAM,HAW] True 2 [28.9701772,53.907757,2.2922637,0.7225021,4.5423323,3.9564244,0.0602875] [100,100,6,40,40,20,0.5] [0.01,1e-05,0,0,0,1e-05,1e-05] [100,10] fmin
founder_asym_logistic_pop_2 50 [NAM,HAW] True 2 [28.9701772,53.907757,2.2922637,0.7225021,4.5423323,3.9564244,0.0602875] [100,100,6,40,40,20,0.5] [0.01,1e-05,0,0,0,1e-05,1e-05] [100,10] fmin
founder_asym_logistic_pop_2 50 [NAM,HAW] True 2 [28.9701772,53.907757,2.2922637,0.7225021,4.5423323,3.9564244,0.0602875] [100,100,6,40,40,20,0.5] [0.01,1e-05,0,0,0,1e-05,1e-05] [100,10] fmin
founder_asym_logistic_pop_2 50 [NAM,HAW] True 2 [28.9701772,53.907757,2.2922637,0.7225021,4.5423323,3.9564244,0.0602875] [100,100,6,40,40,20,0.5] [0.01,1e-05,0,0,0,1e-05,1e-05] [100,10] fmin
founder_asym_logistic_pop_2 50 [NAM,HAW] True 2 [28.9701772,53.907757,2.2922637,0.7225021,4.5423323,3.9564244,0.0602875] [100,100,6,40,40,20,0.5] [0.01,1e-05,0,0,0,1e-05,1e-05] [100,10] fmin
founder_asym_logistic_pop_2 50 [NAM,HAW] True 2 [28.9701772,53.907757,2.2922637,0.7225021,4.5423323,3.9564244,0.0602875] [100,100,6,40,40,20,0.5] [0.01,1e-05,0,0,0,1e-05,1e-05] [100,10] fmin
founder_asym_logistic_pop_2 50 [NAM,HAW] True 2 [28.9701772,53.907757,2.2922637,0.7225021,4.5423323,3.9564244,0.0602875] [100,100,6,40,40,20,0.5] [0.01,1e-05,0,0,0,1e-05,1e-05] [100,10] fmin
founder_asym_logistic_pop_2 50 [NAM,HAW] True 2 [28.9701772,53.907757,2.2922637,0.7225021,4.5423323,3.9564244,0.0602875] [100,100,6,40,40,20,0.5] [0.01,1e-05,0,0,0,1e-05,1e-05] [100,10] fmin
founder_asym_logistic_pop_2 50 [NAM,HAW] True 2 [28.9701772,53.907757,2.2922637,0.7225021,4.5423323,3.9564244,0.0602875] [100,100,6,40,40,20,0.5] [0.01,1e-05,0,0,0,1e-05,1e-05] [100,10] fmin
founder_asym_logistic_pop_2 50 [NAM,HAW] True 2 [28.9701772,53.907757,2.2922637,0.7225021,4.5423323,3.9564244,0.0602875] [100,100,6,40,40,20,0.5] [0.01,1e-05,0,0,0,1e-05,1e-05] [100,10] fmin
founder_asym_logistic_pop_2 50 [NAM,HAW] True 2 [28.9701772,53.907757,2.2922637,0.7225021,4.5423323,3.9564244,0.0602875] [100,100,6,40,40,20,0.5] [0.01,1e-05,0,0,0,1e-05,1e-05] [100,10] fmin
founder_asym_logistic_pop_2 50 [NAM,HAW] True 2 [28.9701772,53.907757,2.2922637,0.7225021,4.5423323,3.9564244,0.0602875] [100,100,6,40,40,20,0.5] [0.01,1e-05,0,0,0,1e-05,1e-05] [100,10] fmin
founder_asym_logistic_pop_2 50 [NAM,HAW] True 2 [28.9701772,53.907757,2.2922637,0.7225021,4.5423323,3.9564244,0.0602875] [100,100,6,40,40,20,0.5] [0.01,1e-05,0,0,0,1e-05,1e-05] [100,10] fmin
founder_asym_logistic_pop_2 50 [NAM,HAW] True 2 [28.9701772,53.907757,2.2922637,0.7225021,4.5423323,3.9564244,0.0602875] [100,100,6,40,40,20,0.5] [0.01,1e-05,0,0,0,1e-05,1e-05] [100,10] fmin
founder_asym_logistic_pop_2 50 [NAM,HAW] True 2 [28.9701772,53.907757,2.2922637,0.7225021,4.5423323,3.9564244,0.0602875] [100,100,6,40,40,20,0.5] [0.01,1e-05,0,0,0,1e-05,1e-05] [100,10] fmin
founder_asym_logistic_pop_2 50 [NAM,HAW] True 2 [28.9701772,53.907757,2.2922637,0.7225021,4.5423323,3.9564244,0.0602875] [100,100,6,40,40,20,0.5] [0.01,1e-05,0,0,0,1e-05,1e-05] [100,10] fmin
founder_asym_logistic_pop_2 50 [NAM,HAW] True 2 [28.9701772,53.907757,2.2922637,0.7225021,4.5423323,3.9564244,0.0602875] [100,100,6,40,40,20,0.5] [0.01,1e-05,0,0,0,1e-05,1e-05] [100,10] fmin
founder_asym_logistic_pop_2 50 [NAM,HAW] True 2 [28.9701772,53.907757,2.2922637,0.7225021,4.5423323,3.9564244,0.0602875] [100,100,6,40,40,20,0.5] [0.01,1e-05,0,0,0,1e-05,1e-05] [100,10] fmin
founder_asym_logistic_pop_2 50 [NAM,HAW] True 2 [28.9701772,53.907757,2.2922637,0.7225021,4.5423323,3.9564244,0.0602875] [100,100,6,40,40,20,0.5] [0.01,1e-05,0,0,0,1e-05,1e-05] [100,10] fmin
founder_asym_logistic_pop_2 50 [NAM,HAW] True 2 [28.9701772,53.907757,2.2922637,0.7225021,4.5423323,3.9564244,0.0602875] [100,100,6,40,40,20,0.5] [0.01,1e-05,0,0,0,1e-05,1e-05] [100,10] fmin
founder_asym_logistic_pop_2 50 [NAM,HAW] True 2 [28.9701772,53.907757,2.2922637,0.7225021,4.5423323,3.9564244,0.0602875] [100,100,6,40,40,20,0.5] [0.01,1e-05,0,0,0,1e-05,1e-05] [100,10] fmin
founder_asym_logistic_pop_2 50 [NAM,HAW] True 2 [28.9701772,53.907757,2.2922637,0.7225021,4.5423323,3.9564244,0.0602875] [100,100,6,40,40,20,0.5] [0.01,1e-05,0,0,0,1e-05,1e-05] [100,10] fmin
founder_asym_logistic_pop_2 50 [NAM,HAW] True 2 [28.9701772,53.907757,2.2922637,0.7225021,4.5423323,3.9564244,0.0602875] [100,100,6,40,40,20,0.5] [0.01,1e-05,0,0,0,1e-05,1e-05] [100,10] fmin
founder_asym_logistic_pop_2 50 [NAM,HAW] True 2 [28.9701772,53.907757,2.2922637,0.7225021,4.5423323,3.9564244,0.0602875] [100,100,6,40,40,20,0.5] [0.01,1e-05,0,0,0,1e-05,1e-05] [100,10] fmin
founder_asym_logistic_pop_2 50 [NAM,HAW] True 2 [28.9701772,53.907757,2.2922637,0.7225021,4.5423323,3.9564244,0.0602875] [100,100,6,40,40,20,0.5] [0.01,1e-05,0,0,0,1e-05,1e-05] [100,10] fmin
founder_asym_logistic_pop_2 50 [NAM,HAW] True 2 [28.9701772,53.907757,2.2922637,0.7225021,4.5423323,3.9564244,0.0602875] [100,100,6,40,40,20,0.5] [0.01,1e-05,0,0,0,1e-05,1e-05] [100,10] fmin
founder_asym_logistic_pop_2 50 [NAM,HAW] True 2 [28.9701772,53.907757,2.2922637,0.7225021,4.5423323,3.9564244,0.0602875] [100,100,6,40,40,20,0.5] [0.01,1e-05,0,0,0,1e-05,1e-05] [100,10] fmin
founder_asym_logistic_pop_2 50 [NAM,HAW] True 2 [28.9701772,53.907757,2.2922637,0.7225021,4.5423323,3.9564244,0.0602875] [100,100,6,40,40,20,0.5] [0.01,1e-05,0,0,0,1e-05,1e-05] [100,10] fmin
founder_asym_logistic_pop_2 50 [NAM,HAW] True 2 [28.9701772,53.907757,2.2922637,0.7225021,4.5423323,3.9564244,0.0602875] [100,100,6,40,40,20,0.5] [0.01,1e-05,0,0,0,1e-05,1e-05] [100,10] fmin
founder_asym_logistic_pop_2 50 [NAM,HAW] True 2 [28.9701772,53.907757,2.2922637,0.7225021,4.5423323,3.9564244,0.0602875] [100,100,6,40,40,20,0.5] [0.01,1e-05,0,0,0,1e-05,1e-05] [100,10] fmin
founder_asym_logistic_pop_2 50 [NAM,HAW] True 2 [28.9701772,53.907757,2.2922637,0.7225021,4.5423323,3.9564244,0.0602875] [100,100,6,40,40,20,0.5] [0.01,1e-05,0,0,0,1e-05,1e-05] [100,10] fmin
founder_asym_logistic_pop_2 50 [NAM,HAW] True 2 [28.9701772,53.907757,2.2922637,0.7225021,4.5423323,3.9564244,0.0602875] [100,100,6,40,40,20,0.5] [0.01,1e-05,0,0,0,1e-05,1e-05] [100,10] fmin
founder_asym_logistic_pop_2 50 [NAM,HAW] True 2 [28.9701772,53.907757,2.2922637,0.7225021,4.5423323,3.9564244,0.0602875] [100,100,6,40,40,20,0.5] [0.01,1e-05,0,0,0,1e-05,1e-05] [100,10] fmin
founder_asym_logistic_pop_2 50 [NAM,HAW] True 2 [28.9701772,53.907757,2.2922637,0.7225021,4.5423323,3.9564244,0.0602875] [100,100,6,40,40,20,0.5] [0.01,1e-05,0,0,0,1e-05,1e-05] [100,10] fmin
founder_asym_logistic_pop_2 50 [NAM,HAW] True 2 [28.9701772,53.907757,2.2922637,0.7225021,4.5423323,3.9564244,0.0602875] [100,100,6,40,40,20,0.5] [0.01,1e-05,0,0,0,1e-05,1e-05] [100,10] fmin
founder_asym_logistic_pop_2 50 [NAM,HAW] True 2 [28.9701772,53.907757,2.2922637,0.7225021,4.5423323,3.9564244,0.0602875] [100,100,6,40,40,20,0.5] [0.01,1e-05,0,0,0,1e-05,1e-05] [100,10] fmin
founder_asym_logistic_pop_2 50 [NAM,HAW] True 2 [28.9701772,53.907757,2.2922637,0.7225021,4.5423323,3.9564244,0.0602875] [100,100,6,40,40,20,0.5] [0.01,1e-05,0,0,0,1e-05,1e-05] [100,10] fmin
founder_asym_logistic_pop_2 50 [NAM,HAW] True 2 [28.9701772,53.907757,2.2922637,0.7225021,4.5423323,3.9564244,0.0602875] [100,100,6,40,40,20,0.5] [0.01,1e-05,0,0,0,1e-05,1e-05] [100,10] fmin
founder_asym_logistic_pop_2 50 [NAM,HAW] True 2 [28.9701772,53.907757,2.2922637,0.7225021,4.5423323,3.9564244,0.0602875] [100,100,6,40,40,20,0.5] [0.01,1e-05,0,0,0,1e-05,1e-05] [100,10] fmin
founder_asym_growth_pop_2 50 [NAM,HAW] True 2 [18.4756791,24.6006238,1.4234965,6.3899873,3.7853724,0.0200193] [100,100,40,40,20,0.5] [0.01,1e-06,0,0,1e-05,1e-05] [100,10] fmin
founder_asym_growth_pop_2 50 [NAM,HAW] True 2 [18.4756791,24.6006238,1.4234965,6.3899873,3.7853724,0.0200193] [100,100,40,40,20,0.5] [0.01,1e-06,0,0,1e-05,1e-05] [100,10] fmin
founder_asym_growth_pop_2 50 [NAM,HAW] True 2 [18.4756791,24.6006238,1.4234965,6.3899873,3.7853724,0.0200193] [100,100,40,40,20,0.5] [0.01,1e-06,0,0,1e-05,1e-05] [100,10] fmin
founder_asym_growth_pop_2 50 [NAM,HAW] True 2 [18.4756791,24.6006238,1.4234965,6.3899873,3.7853724,0.0200193] [100,100,40,40,20,0.5] [0.01,1e-06,0,0,1e-05,1e-05] [100,10] fmin
founder_asym_growth_pop_2 50 [NAM,HAW] True 2 [18.4756791,24.6006238,1.4234965,6.3899873,3.7853724,0.0200193] [100,100,40,40,20,0.5] [0.01,1e-06,0,0,1e-05,1e-05] [100,10] fmin
founder_asym_growth_pop_2 50 [NAM,HAW] True 2 [18.4756791,24.6006238,1.4234965,6.3899873,3.7853724,0.0200193] [100,100,40,40,20,0.5] [0.01,1e-06,0,0,1e-05,1e-05] [100,10] fmin
founder_asym_growth_pop_2 50 [NAM,HAW] True 2 [18.4756791,24.6006238,1.4234965,6.3899873,3.7853724,0.0200193] [100,100,40,40,20,0.5] [0.01,1e-06,0,0,1e-05,1e-05] [100,10] fmin
founder_asym_growth_pop_2 50 [NAM,HAW] True 2 [18.4756791,24.6006238,1.4234965,6.3899873,3.7853724,0.0200193] [100,100,40,40,20,0.5] [0.01,1e-06,0,0,1e-05,1e-05] [100,10] fmin
founder_asym_growth_pop_2 50 [NAM,HAW] True 2 [18.4756791,24.6006238,1.4234965,6.3899873,3.7853724,0.0200193] [100,100,40,40,20,0.5] [0.01,1e-06,0,0,1e-05,1e-05] [100,10] fmin
founder_asym_growth_pop_2 50 [NAM,HAW] True 2 [18.4756791,24.6006238,1.4234965,6.3899873,3.7853724,0.0200193] [100,100,40,40,20,0.5] [0.01,1e-06,0,0,1e-05,1e-05] [100,10] fmin
founder_asym_growth_pop_2 50 [NAM,HAW] True 2 [18.4756791,24.6006238,1.4234965,6.3899873,3.7853724,0.0200193] [100,100,40,40,20,0.5] [0.01,1e-06,0,0,1e-05,1e-05] [100,10] fmin
founder_asym_growth_pop_2 50 [NAM,HAW] True 2 [18.4756791,24.6006238,1.4234965,6.3899873,3.7853724,0.0200193] [100,100,40,40,20,0.5] [0.01,1e-06,0,0,1e-05,1e-05] [100,10] fmin
founder_asym_growth_pop_2 50 [NAM,HAW] True 2 [18.4756791,24.6006238,1.4234965,6.3899873,3.7853724,0.0200193] [100,100,40,40,20,0.5] [0.01,1e-06,0,0,1e-05,1e-05] [100,10] fmin
founder_asym_growth_pop_2 50 [NAM,HAW] True 2 [18.4756791,24.6006238,1.4234965,6.3899873,3.7853724,0.0200193] [100,100,40,40,20,0.5] [0.01,1e-06,0,0,1e-05,1e-05] [100,10] fmin
founder_asym_growth_pop_2 50 [NAM,HAW] True 2 [18.4756791,24.6006238,1.4234965,6.3899873,3.7853724,0.0200193] [100,100,40,40,20,0.5] [0.01,1e-06,0,0,1e-05,1e-05] [100,10] fmin
founder_asym_growth_pop_2 50 [NAM,HAW] True 2 [18.4756791,24.6006238,1.4234965,6.3899873,3.7853724,0.0200193] [100,100,40,40,20,0.5] [0.01,1e-06,0,0,1e-05,1e-05] [100,10] fmin
founder_asym_growth_pop_2 50 [NAM,HAW] True 2 [18.4756791,24.6006238,1.4234965,6.3899873,3.7853724,0.0200193] [100,100,40,40,20,0.5] [0.01,1e-06,0,0,1e-05,1e-05] [100,10] fmin
founder_asym_growth_pop_2 50 [NAM,HAW] True 2 [18.4756791,24.6006238,1.4234965,6.3899873,3.7853724,0.0200193] [100,100,40,40,20,0.5] [0.01,1e-06,0,0,1e-05,1e-05] [100,10] fmin
founder_asym_growth_pop_2 50 [NAM,HAW] True 2 [18.4756791,24.6006238,1.4234965,6.3899873,3.7853724,0.0200193] [100,100,40,40,20,0.5] [0.01,1e-06,0,0,1e-05,1e-05] [100,10] fmin
founder_asym_growth_pop_2 50 [NAM,HAW] True 2 [18.4756791,24.6006238,1.4234965,6.3899873,3.7853724,0.0200193] [100,100,40,40,20,0.5] [0.01,1e-06,0,0,1e-05,1e-05] [100,10] fmin
founder_asym_growth_pop_2 50 [NAM,HAW] True 2 [18.4756791,24.6006238,1.4234965,6.3899873,3.7853724,0.0200193] [100,100,40,40,20,0.5] [0.01,1e-06,0,0,1e-05,1e-05] [100,10] fmin
founder_asym_growth_pop_2 50 [NAM,HAW] True 2 [18.4756791,24.6006238,1.4234965,6.3899873,3.7853724,0.0200193] [100,100,40,40,20,0.5] [0.01,1e-06,0,0,1e-05,1e-05] [100,10] fmin
founder_asym_growth_pop_2 50 [NAM,HAW] True 2 [18.4756791,24.6006238,1.4234965,6.3899873,3.7853724,0.0200193] [100,100,40,40,20,0.5] [0.01,1e-06,0,0,1e-05,1e-05] [100,10] fmin
founder_asym_growth_pop_2 50 [NAM,HAW] True 2 [18.4756791,24.6006238,1.4234965,6.3899873,3.7853724,0.0200193] [100,100,40,40,20,0.5] [0.01,1e-06,0,0,1e-05,1e-05] [100,10] fmin
founder_asym_growth_pop_2 50 [NAM,HAW] True 2 [18.4756791,24.6006238,1.4234965,6.3899873,3.7853724,0.0200193] [100,100,40,40,20,0.5] [0.01,1e-06,0,0,1e-05,1e-05] [100,10] fmin
founder_asym_growth_pop_2 50 [NAM,HAW] True 2 [18.4756791,24.6006238,1.4234965,6.3899873,3.7853724,0.0200193] [100,100,40,40,20,0.5] [0.01,1e-06,0,0,1e-05,1e-05] [100,10] fmin
founder_asym_growth_pop_2 50 [NAM,HAW] True 2 [18.4756791,24.6006238,1.4234965,6.3899873,3.7853724,0.0200193] [100,100,40,40,20,0.5] [0.01,1e-06,0,0,1e-05,1e-05] [100,10] fmin
founder_asym_growth_pop_2 50 [NAM,HAW] True 2 [18.4756791,24.6006238,1.4234965,6.3899873,3.7853724,0.0200193] [100,100,40,40,20,0.5] [0.01,1e-06,0,0,1e-05,1e-05] [100,10] fmin
founder_asym_growth_pop_2 50 [NAM,HAW] True 2 [18.4756791,24.6006238,1.4234965,6.3899873,3.7853724,0.0200193] [100,100,40,40,20,0.5] [0.01,1e-06,0,0,1e-05,1e-05] [100,10] fmin
founder_asym_growth_pop_2 50 [NAM,HAW] True 2 [18.4756791,24.6006238,1.4234965,6.3899873,3.7853724,0.0200193] [100,100,40,40,20,0.5] [0.01,1e-06,0,0,1e-05,1e-05] [100,10] fmin
founder_asym_growth_pop_2 50 [NAM,HAW] True 2 [18.4756791,24.6006238,1.4234965,6.3899873,3.7853724,0.0200193] [100,100,40,40,20,0.5] [0.01,1e-06,0,0,1e-05,1e-05] [100,10] fmin
founder_asym_growth_pop_2 50 [NAM,HAW] True 2 [18.4756791,24.6006238,1.4234965,6.3899873,3.7853724,0.0200193] [100,100,40,40,20,0.5] [0.01,1e-06,0,0,1e-05,1e-05] [100,10] fmin
founder_asym_growth_pop_2 50 [NAM,HAW] True 2 [18.4756791,24.6006238,1.4234965,6.3899873,3.7853724,0.0200193] [100,100,40,40,20,0.5] [0.01,1e-06,0,0,1e-05,1e-05] [100,10] fmin
founder_asym_growth_pop_2 50 [NAM,HAW] True 2 [18.4756791,24.6006238,1.4234965,6.3899873,3.7853724,0.0200193] [100,100,40,40,20,0.5] [0.01,1e-06,0,0,1e-05,1e-05] [100,10] fmin
founder_asym_growth_pop_2 50 [NAM,HAW] True 2 [18.4756791,24.6006238,1.4234965,6.3899873,3.7853724,0.0200193] [100,100,40,40,20,0.5] [0.01,1e-06,0,0,1e-05,1e-05] [100,10] fmin
founder_asym_growth_pop_2 50 [NAM,HAW] True 2 [18.4756791,24.6006238,1.4234965,6.3899873,3.7853724,0.0200193] [100,100,40,40,20,0.5] [0.01,1e-06,0,0,1e-05,1e-05] [100,10] fmin
founder_asym_growth_pop_2 50 [NAM,HAW] True 2 [18.4756791,24.6006238,1.4234965,6.3899873,3.7853724,0.0200193] [100,100,40,40,20,0.5] [0.01,1e-06,0,0,1e-05,1e-05] [100,10] fmin
founder_asym_growth_pop_2 50 [NAM,HAW] True 2 [18.4756791,24.6006238,1.4234965,6.3899873,3.7853724,0.0200193] [100,100,40,40,20,0.5] [0.01,1e-06,0,0,1e-05,1e-05] [100,10] fmin
founder_asym_growth_pop_2 50 [NAM,HAW] True 2 [18.4756791,24.6006238,1.4234965,6.3899873,3.7853724,0.0200193] [100,100,40,40,20,0.5] [0.01,1e-06,0,0,1e-05,1e-05] [100,10] fmin
founder_asym_growth_pop_2 50 [NAM,HAW] True 2 [18.4756791,24.6006238,1.4234965,6.3899873,3.7853724,0.0200193] [100,100,40,40,20,0.5] [0.01,1e-06,0,0,1e-05,1e-05] [100,10] fmin
founder_asym_growth_pop_2 50 [NAM,HAW] True 2 [18.4756791,24.6006238,1.4234965,6.3899873,3.7853724,0.0200193] [100,100,40,40,20,0.5] [0.01,1e-06,0,0,1e-05,1e-05] [100,10] fmin
founder_asym_growth_pop_2 50 [NAM,HAW] True 2 [18.4756791,24.6006238,1.4234965,6.3899873,3.7853724,0.0200193] [100,100,40,40,20,0.5] [0.01,1e-06,0,0,1e-05,1e-05] [100,10] fmin
founder_asym_growth_pop_2 50 [NAM,HAW] True 2 [18.4756791,24.6006238,1.4234965,6.3899873,3.7853724,0.0200193] [100,100,40,40,20,0.5] [0.01,1e-06,0,0,1e-05,1e-05] [100,10] fmin
founder_asym_growth_pop_2 50 [NAM,HAW] True 2 [18.4756791,24.6006238,1.4234965,6.3899873,3.7853724,0.0200193] [100,100,40,40,20,0.5] [0.01,1e-06,0,0,1e-05,1e-05] [100,10] fmin
founder_asym_growth_pop_2 50 [NAM,HAW] True 2 [18.4756791,24.6006238,1.4234965,6.3899873,3.7853724,0.0200193] [100,100,40,40,20,0.5] [0.01,1e-06,0,0,1e-05,1e-05] [100,10] fmin
founder_asym_growth_pop_2 50 [NAM,HAW] True 2 [18.4756791,24.6006238,1.4234965,6.3899873,3.7853724,0.0200193] [100,100,40,40,20,0.5] [0.01,1e-06,0,0,1e-05,1e-05] [100,10] fmin
founder_asym_growth_pop_2 50 [NAM,HAW] True 2 [18.4756791,24.6006238,1.4234965,6.3899873,3.7853724,0.0200193] [100,100,40,40,20,0.5] [0.01,1e-06,0,0,1e-05,1e-05] [100,10] fmin
founder_asym_growth_pop_2 50 [NAM,HAW] True 2 [18.4756791,24.6006238,1.4234965,6.3899873,3.7853724,0.0200193] [100,100,40,40,20,0.5] [0.01,1e-06,0,0,1e-05,1e-05] [100,10] fmin
founder_asym_growth_pop_2 50 [NAM,HAW] True 2 [18.4756791,24.6006238,1.4234965,6.3899873,3.7853724,0.0200193] [100,100,40,40,20,0.5] [0.01,1e-06,0,0,1e-05,1e-05] [100,10] fmin
founder_asym_growth_pop_2 50 [NAM,HAW] True 2 [18.4756791,24.6006238,1.4234965,6.3899873,3.7853724,0.0200193] [100,100,40,40,20,0.5] [0.01,1e-06,0,0,1e-05,1e-05] [100,10] fmin
