64 191844 1558377.26335009
64 19185 1350916.18811118
64 1919 981634.706856416
64 200 735478.38907042
64 199 776521.598179623
64 198 705115.792234776
64 197 704138.261736658
64 196 720436.591416892
64 195 729784.0196583
64 194 724230.402656782
64 193 723974.431164505
64 192 684275.387184762
64 191 689390.055893322
64 190 677627.319016486
64 189 686904.422055161
64 188 717490.16343256
64 187 702525.647500642
64 186 727571.513933441
64 185 711382.742641159
64 184 711412.633476236
64 183 762436.124619561
64 182 673419.082504684
64 181 686892.610525555
64 180 700243.186683615
64 179 723362.512325003
64 178 710462.020997596
64 177 706855.45498857
64 176 660172.421772927
64 175 690365.279735506
64 174 658709.791156833
64 173 693694.136532007
64 172 773535.222135874
64 171 671888.467484077
64 170 700033.336053769
64 169 668380.248470892
64 168 703176.717205047
64 167 684454.417832216
64 166 668960.376117906
64 165 662448.812460603
64 164 748788.524610564
64 163 718574.718334362
64 162 669774.408743811
64 161 692878.313363773
64 160 657502.906690962
64 159 687557.048445103
64 158 667741.04343717
64 157 660111.018578655
64 156 730879.762021036
64 155 695886.125940934
64 154 714703.991016503
64 153 689667.532232846
64 152 689831.517196557
64 151 684973.111732871
64 150 678243.599953608
64 149 683693.859370122
64 148 750603.954533207
64 147 734036.512986828
64 146 705870.712249669
64 145 652233.010399351
64 144 668910.662370033
64 143 699103.539217741
64 142 639585.628953227
64 141 694896.606773088
64 140 704512.472085036
64 139 652952.399250344
64 138 642863.659196046
64 137 637887.424026049
64 136 653430.699392253
64 135 663618.511442021
64 134 665074.316434678
64 133 677062.993099001
64 132 678038.415446716
64 131 672323.424490939
64 130 686659.84211919
64 129 653397.894375533
64 128 628358.466967227
64 127 637107.167063922
64 126 740952.568086285
64 125 646763.622641345
64 124 651893.614839817
64 123 665874.313999513
64 122 668331.458544083
64 121 676263.979293378
64 120 648549.540980261
64 119 659778.443012138
64 118 639381.367442169
64 117 629362.78538753
64 116 624000.718700025
64 115 647859.6884216
64 114 644277.680462281
64 113 689056.112688822
64 112 673078.702698944
64 111 625514.97594825
64 110 632730.905591035
64 109 631209.607548457
64 108 653664.919430003
64 107 659117.658098148
64 106 666914.3335252
64 105 658735.379266201
64 104 610778.402755119
64 103 662568.641507538
64 102 658622.38497646
64 101 630059.706599692
64 100 625166.589162842
64 99 620536.574349102
64 98 613906.809095495
64 97 659288.68870441
64 96 640579.000366779
64 95 623745.113665089
64 94 624126.54931601
64 93 583704.644226419
64 92 616872.224078454
64 91 600143.373830208
64 90 611141.264273258
64 89 638198.110849574
64 88 628007.161932555
64 87 625098.799507854
64 86 666021.624714207
64 85 615318.782927857
64 84 605139.96039643
64 83 612773.878174449
64 82 617561.279336879
64 81 631071.536972364
64 80 639588.175653262
64 79 623912.05362671
64 78 585139.152552875
64 77 600193.779276139
64 76 665719.671921801
64 75 631498.700800694
64 74 603452.051791075
64 73 621734.935441278
64 72 593916.008335757
64 71 607976.065060832
64 70 602037.775666897
64 69 636319.751465987
64 68 610581.455941378
64 67 637760.698014312
64 66 612066.920731855
64 65 611170.811512772
64 64 622395.536319977
64 63 622059.298820511
64 62 610066.038449227
64 61 602682.89688963
64 60 596065.01026959
64 59 578592.888897232
64 58 612474.462324165
64 57 608746.243022209
64 56 585109.080294512
64 55 603712.498331174
64 54 606040.388084361
64 53 594450.711531066
64 52 606688.428473595
64 51 598475.877888057
64 50 594507.233339736
64 49 589768.53435672
64 48 576530.443684018
64 47 580312.129203963
64 46 583843.367064983
64 45 658592.163221299
64 44 594040.878292229
64 43 562399.925107692
64 42 594974.579206557
64 41 569447.485982143
64 40 602768.213216732
64 39 624419.052373296
64 38 649104.201799939
64 37 563759.966654846
64 36 564223.727366049
64 35 595051.746728916
64 34 579998.543303131
64 33 571072.389391158
64 32 628611.187797601
64 31 688427.072497623
64 30 591881.521464642
64 29 592490.000834769
64 28 640032.934999358
64 27 628950.185363805
64 26 560468.386617885
64 25 625393.57050958
64 24 593403.321868825
64 23 618471.125780441
64 22 612696.960922627
64 21 577795.877824056
64 20 614026.149086453
64 19 646440.934239454
64 18 625265.405480449
64 17 602004.857957921
64 16 592976.640761578
64 15 674252.764627679
64 14 582432.644502579
64 13 582098.457138873
64 12 644666.218785896
64 11 593915.058659483
64 10 596768.280460407
64 9 568890.107228741
64 8 597707.316076451
64 7 583715.34145791
64 6 646581.762795705
64 5 678694.377881057
64 4 761082.270650779
64 3 1064481.44274554
64 2 1165010.77985864
64 1 1268890.61330687
