33 191844 1575046.07647098
33 19185 1278373.5980363
33 1919 1013493.34488494
33 200 747298.239183191
33 199 720389.089496675
33 198 689283.486374091
33 197 711735.995627313
33 196 743844.856632133
33 195 720589.865819464
33 194 685835.052085544
33 193 693051.606167
33 192 695456.468805389
33 191 718227.306906598
33 190 721195.14119433
33 189 664680.10886996
33 188 704836.188285005
33 187 741564.81607452
33 186 701815.122489767
33 185 695676.976568084
33 184 692867.548019895
33 183 723311.409972303
33 182 742823.020630692
33 181 695967.877839747
33 180 667366.254945
33 179 736294.085086992
33 178 672736.681498254
33 177 717833.20967774
33 176 688571.550205613
33 175 690261.033681616
33 174 695695.432564277
33 173 686307.81574468
33 172 687494.595387648
33 171 685026.338855675
33 170 701508.225483648
33 169 741804.549395854
33 168 675043.528984369
33 167 654907.844784491
33 166 756053.441552913
33 165 689657.957553703
33 164 697813.738103065
33 163 741809.623831521
33 162 689993.095349706
33 161 636472.742130444
33 160 684052.320800157
33 159 664592.871810128
33 158 644171.035485462
33 157 668059.140006078
33 156 695494.167637048
33 155 662092.201389099
33 154 667141.366923005
33 153 698346.951784624
33 152 722008.895587559
33 151 654874.683792245
33 150 675734.331577181
33 149 684422.192338896
33 148 667973.415060624
33 147 697400.337215368
33 146 711447.127415697
33 145 648574.675176427
33 144 739933.860430351
33 143 636357.675278297
33 142 681052.106566537
33 141 692789.706534266
33 140 645086.071690604
33 139 669707.465438797
33 138 674158.92979051
33 137 677413.956227165
33 136 705599.972549329
33 135 656618.498639071
33 134 681670.670669257
33 133 675906.060270461
33 132 683068.803877688
33 131 676417.84819893
33 130 627432.693591277
33 129 696399.718591316
33 128 661488.327490896
33 127 645867.723375223
33 126 678797.502933981
33 125 640355.870387799
33 124 677906.821941691
33 123 649989.544813701
33 122 624275.267412619
33 121 630538.222047941
33 120 675036.806315684
33 119 694786.703173919
33 118 618843.961352071
33 117 629676.952800594
33 116 597779.757775954
33 115 622884.828308862
33 114 654436.268397154
33 113 636841.416044608
33 112 636751.620165802
33 111 636195.305196852
33 110 635190.383291747
33 109 640813.61862513
33 108 637877.479929965
33 107 623994.351717323
33 106 624283.789421651
33 105 669452.785756592
33 104 650535.031544187
33 103 638383.447099801
33 102 604051.406694832
33 101 645920.68804058
33 100 612722.682923646
33 99 609002.216553995
33 98 609342.618984061
33 97 601883.854781401
33 96 603983.207523264
33 95 631767.509159129
33 94 649270.603285352
33 93 635682.305808514
33 92 631974.317048498
33 91 611685.380666959
33 90 651131.669643297
33 89 637988.994728811
33 88 624098.261374991
33 87 611786.511755001
33 86 579135.309586286
33 85 605869.621790402
33 84 556855.599394696
33 83 604129.919442218
33 82 602546.263625805
33 81 602897.980646599
33 80 584047.023264221
33 79 605783.999002141
33 78 592176.553008388
33 77 612248.474571425
33 76 611225.118739155
33 75 574790.055672267
33 74 580843.107065067
33 73 603135.919836995
33 72 576921.93846146
33 71 570216.150552275
33 70 597135.269113334
33 69 575312.771577057
33 68 576317.840478348
33 67 575296.211472427
33 66 611717.57705213
33 65 567156.586830579
33 64 596668.938597466
33 63 568445.260624022
33 62 585574.449286543
33 61 605159.60318955
33 60 671774.164933616
33 59 624928.303155253
33 58 615376.452740821
33 57 607266.46925598
33 56 610902.998166855
33 55 587484.048932847
33 54 616012.109555995
33 53 618417.333284696
33 52 591280.583841053
33 51 634755.610462382
33 50 623607.482145856
33 49 586536.626036466
33 48 610808.73955851
33 47 581201.284905841
33 46 599787.917514199
33 45 593210.080062016
33 44 585619.53798474
33 43 562413.700473222
33 42 580457.16532302
33 41 617616.270639545
33 40 579179.86835453
33 39 608555.571012076
33 38 565113.313153887
33 37 609610.616195067
33 36 566565.798974749
33 35 553610.427561134
33 34 556667.513958075
33 33 570483.007432484
33 32 564588.403964335
33 31 588527.9933846
33 30 569433.825539336
33 29 584524.148522195
33 28 567778.124763969
33 27 659434.075300244
33 26 589467.347209253
33 25 568865.819635119
33 24 643469.621100089
33 23 585589.867650548
33 22 554982.609326704
33 21 591253.17959768
33 20 624209.480176854
33 19 652477.23625631
33 18 620352.64990993
33 17 575645.67365726
33 16 621733.817298654
33 15 540731.068111229
33 14 601033.006557619
33 13 651123.79281364
33 12 580410.479119326
33 11 595600.164301274
33 10 629839.395618955
33 9 572384.329680011
33 8 700532.516849491
33 7 688785.419362657
33 6 802605.471288601
33 5 737243.484781003
33 4 857928.966417507
33 3 936602.977333773
33 2 967838.321135106
33 1 1287010.91503778
