18 191844 1714523.80588732
18 19185 1279129.64121899
18 1919 936241.797785499
18 200 699006.157248684
18 199 730534.066627005
18 198 717612.374940124
18 197 670015.881678951
18 196 771816.420430005
18 195 744956.807815421
18 194 674307.777431234
18 193 690197.454514649
18 192 661458.097238131
18 191 666092.079189514
18 190 695784.074609689
18 189 710880.606693058
18 188 678287.976273868
18 187 704372.558610036
18 186 654056.713808854
18 185 686688.362109875
18 184 671204.815300929
18 183 679002.235689615
18 182 743431.197230868
18 181 689544.064215903
18 180 676255.355724478
18 179 665185.772970392
18 178 678136.174602188
18 177 662356.508753603
18 176 698545.792242855
18 175 656821.474550296
18 174 672087.84286619
18 173 699809.229027312
18 172 694662.235510966
18 171 655907.082281322
18 170 718488.384846456
18 169 708242.589091522
18 168 655708.436428897
18 167 620150.787190465
18 166 672448.921230642
18 165 641396.777683942
18 164 687646.512910348
18 163 657204.010089092
18 162 664260.419749489
18 161 655461.744294324
18 160 660100.604434174
18 159 643650.321133394
18 158 647621.457280346
18 157 652614.492001127
18 156 675566.962511124
18 155 639883.181971556
18 154 674046.109381624
18 153 635034.645683337
18 152 654073.589413379
18 151 658816.451086109
18 150 682399.594686739
18 149 627509.9297715
18 148 638996.211228677
18 147 627867.988209107
18 146 625040.144640584
18 145 659436.038098704
18 144 722141.538160891
18 143 619927.224547243
18 142 645886.671694726
18 141 643606.70438815
18 140 675635.646989509
18 139 720270.96925227
18 138 643864.134677115
18 137 643868.085832855
18 136 640146.803311745
18 135 669676.013292379
18 134 617345.77737165
18 133 595609.437232204
18 132 634148.314667104
18 131 618134.431074828
18 130 595699.674192632
18 129 625935.55956671
18 128 640422.311507169
18 127 617071.018939238
18 126 673900.931164022
18 125 646480.189564531
18 124 597086.689598229
18 123 629406.075657784
18 122 624196.140606296
18 121 579795.975169345
18 120 600789.132394246
18 119 633774.013976329
18 118 580273.333015867
18 117 603032.410660096
18 116 603415.610550612
18 115 597445.528881192
18 114 639051.443505817
18 113 587164.959466208
18 112 601071.724854814
18 111 583715.145638552
18 110 579438.043645693
18 109 604736.675969944
18 108 608781.349158746
18 107 603776.459134489
18 106 602249.41862292
18 105 597162.343302109
18 104 567664.584324344
18 103 644848.699034056
18 102 587025.174426631
18 101 596945.150927028
18 100 606835.14958957
18 99 586025.144836963
18 98 588164.792368951
18 97 592554.034623571
18 96 587767.479258443
18 95 571331.801344872
18 94 603718.211924642
18 93 595616.366672211
18 92 594821.051301401
18 91 568832.411498718
18 90 567588.847407048
18 89 552475.056214936
18 88 600523.933216479
18 87 589791.105389975
18 86 559562.22120493
18 85 581579.344029696
18 84 573229.578472829
18 83 596066.638326598
18 82 580941.747990953
18 81 574694.755135925
18 80 546920.060637017
18 79 587070.85270277
18 78 584843.767529954
18 77 586561.379726438
18 76 524125.578430957
18 75 547685.84169645
18 74 588987.973073504
18 73 588711.787732263
18 72 540990.068339595
18 71 558335.060502223
18 70 570792.896797336
18 69 541331.31780478
18 68 541839.459770833
18 67 541276.189051701
18 66 544735.443867131
18 65 544059.70403901
18 64 538513.023182352
18 63 556668.88852526
18 62 551036.988407615
18 61 576986.107599834
18 60 532023.591925186
18 59 572739.522543568
18 58 577677.171105563
18 57 527195.721930094
18 56 514741.487483258
18 55 526883.746901603
18 54 545920.345190897
18 53 510176.471211547
18 52 515714.623971212
18 51 524163.05978403
18 50 513683.446307806
18 49 520658.207753877
18 48 534524.647642496
18 47 522851.127514299
18 46 503134.60936728
18 45 529168.150804611
18 44 527888.684023515
18 43 528088.205427688
18 42 525587.279636614
18 41 534415.253120333
18 40 498419.352952272
18 39 503807.999209643
18 38 531173.774907004
18 37 508534.547011902
18 36 503507.56220831
18 35 479306.393845953
18 34 499704.164655929
18 33 480966.908717437
18 32 540272.547005719
18 31 522697.17018511
18 30 515442.834466423
18 29 534698.07389715
18 28 526582.556911962
18 27 511722.97407221
18 26 499394.265685478
18 25 483525.573671194
18 24 518172.338776411
18 23 501693.872370022
18 22 472231.724912577
18 21 505643.74945861
18 20 571353.394216352
18 19 523326.597236127
18 18 525093.507740997
18 17 540199.136483745
18 16 531614.059433418
18 15 492073.078279313
18 14 498114.645983914
18 13 589544.039029463
18 12 513544.051057078
18 11 537297.306377987
18 10 543673.208280844
18 9 530574.196834766
18 8 541572.204705385
18 7 519840.081206341
18 6 561598.305309987
18 5 512800.521754629
18 4 675019.543816503
18 3 875224.600386193
18 2 1013897.39189409
18 1 1189364.14830821
