56 191844 1643850.84424003
56 19185 1285944.22239629
56 1919 973062.400177525
56 200 639051.134150059
56 199 696934.67820783
56 198 637011.192734091
56 197 653103.174270236
56 196 646357.716547779
56 195 677555.018070023
56 194 638114.800259328
56 193 640402.64323741
56 192 666317.520309312
56 191 655484.364082409
56 190 658448.547190097
56 189 683916.029572223
56 188 636119.293305197
56 187 639347.894011605
56 186 637481.275918186
56 185 683560.362251331
56 184 638848.783964373
56 183 659033.163351196
56 182 657439.34438142
56 181 618957.343949833
56 180 649365.477890103
56 179 613285.898692998
56 178 618267.608570749
56 177 660915.457978081
56 176 659143.810526338
56 175 609591.61833272
56 174 632244.323158246
56 173 618191.027344387
56 172 657247.826070611
56 171 621567.404561028
56 170 625156.700379547
56 169 608284.101104843
56 168 635480.684684625
56 167 622683.477520201
56 166 647153.207190977
56 165 605617.997841031
56 164 612016.005906427
56 163 631018.076430028
56 162 612787.381863383
56 161 576267.736048021
56 160 598714.351100724
56 159 645220.523542967
56 158 614454.093173968
56 157 609216.772297991
56 156 608735.597458208
56 155 616957.689644227
56 154 596216.887642167
56 153 601304.772194866
56 152 599554.74938472
56 151 588491.055624483
56 150 597998.825313718
56 149 609647.584768348
56 148 619674.458316108
56 147 607278.547402709
56 146 624382.241751199
56 145 564283.404615155
56 144 597415.945585855
56 143 595040.796539078
56 142 604586.471611599
56 141 606479.557555685
56 140 612186.689163894
56 139 553104.042069258
56 138 593388.525693713
56 137 601942.839189642
56 136 562171.39637939
56 135 595286.172629433
56 134 576744.70685632
56 133 591300.231113236
56 132 572581.12836473
56 131 619720.249592825
56 130 600033.968518184
56 129 581739.851541284
56 128 555402.487311499
56 127 547868.017247803
56 126 623915.235934524
56 125 564589.001031896
56 124 595743.705342824
56 123 592202.631431927
56 122 597684.704132371
56 121 559857.963666353
56 120 594431.453498353
56 119 582187.221420211
56 118 571951.729177636
56 117 583963.657061829
56 116 548521.257584495
56 115 575016.897468307
56 114 614515.349645879
56 113 560403.92582711
56 112 645911.630811825
56 111 582026.73463052
56 110 582038.763430302
56 109 600063.137779792
56 108 610621.17229359
56 107 538847.265628219
56 106 559471.809698011
56 105 527710.660335864
56 104 620788.394558922
56 103 549435.570544152
56 102 568053.020568499
56 101 527383.328885411
56 100 581413.039123435
56 99 568801.035053167
56 98 600443.177945718
56 97 584107.663463144
56 96 557047.646496286
56 95 555024.005604845
56 94 559906.378076833
56 93 573159.4603886
56 92 541066.502983257
56 91 544033.124124808
56 90 624318.402115398
56 89 538063.902499601
56 88 549857.471482897
56 87 525014.194986008
56 86 539780.182566397
56 85 582095.806233364
56 84 547966.72318747
56 83 584954.30782828
56 82 527927.969490126
56 81 534219.348152182
56 80 525810.12321185
56 79 541308.600714859
56 78 559302.570507344
56 77 544710.517758526
56 76 528102.179860597
56 75 525293.696993816
56 74 502519.44691612
56 73 508835.390820866
56 72 507687.200439313
56 71 513175.618121056
56 70 505456.912473295
56 69 524849.015578543
56 68 525083.123986943
56 67 536055.592532993
56 66 541932.919388279
56 65 512090.890560795
56 64 530989.434724784
56 63 507194.407772269
56 62 543628.136699496
56 61 528550.256952132
56 60 531642.784029729
56 59 524599.004009205
56 58 489071.182293232
56 57 525103.906854406
56 56 511470.52066138
56 55 499571.921628304
56 54 502777.015445657
56 53 476046.483589835
56 52 490626.007711253
56 51 485476.89743316
56 50 558268.688977905
56 49 507484.435912538
56 48 517044.622220092
56 47 514381.973820315
56 46 491305.562404289
56 45 498539.384376269
56 44 493953.75792993
56 43 505634.514647179
56 42 515525.527303645
56 41 552115.12483874
56 40 479635.788238728
56 39 487114.337736719
56 38 495239.580243404
56 37 473346.800201264
56 36 508064.948971041
56 35 548738.545054223
56 34 509816.907880581
56 33 504473.16874612
56 32 491139.824594192
56 31 473434.082982226
56 30 462335.765515616
56 29 494390.460250523
56 28 459084.211195925
56 27 481274.908797312
56 26 514965.032012908
56 25 490942.212071125
56 24 449462.847627712
56 23 445854.244376636
56 22 480811.78076657
56 21 481223.658164329
56 20 456126.680240532
56 19 533444.938492009
56 18 502753.869418565
56 17 498407.173470284
56 16 475983.582082295
56 15 509900.145847206
56 14 516853.216086171
56 13 490016.081665165
56 12 448971.682610571
56 11 492272.915627292
56 10 542806.872619166
56 9 555729.144253901
56 8 519461.976656002
56 7 561849.747852226
56 6 568462.897390293
56 5 594963.374243605
56 4 740551.896417789
56 3 819467.398274141
56 2 1078906.24641944
56 1 1203793.95256356
