12 191844 1617114.28361424
12 19185 1326074.44097593
12 1919 994491.234491082
12 200 757338.504223278
12 199 694598.510415026
12 198 715564.175679254
12 197 731814.798141213
12 196 701938.704883648
12 195 735543.895675886
12 194 682611.450312187
12 193 671815.299011058
12 192 646589.774307604
12 191 695317.845560704
12 190 671026.897163358
12 189 693175.757831216
12 188 662625.172620799
12 187 644285.133601828
12 186 673140.07714056
12 185 668261.636345426
12 184 672945.616850045
12 183 694367.077484278
12 182 665173.461311052
12 181 649779.245135573
12 180 667450.7906982
12 179 645181.263273587
12 178 682508.416642536
12 177 662281.042528117
12 176 688746.808104563
12 175 657547.340764327
12 174 631714.679550975
12 173 661613.260219553
12 172 668344.251617461
12 171 652878.468559331
12 170 623417.115936176
12 169 660841.857572011
12 168 659309.634195182
12 167 648161.315884662
12 166 691613.939606113
12 165 685953.546239125
12 164 632497.552308853
12 163 712908.294179089
12 162 629837.108363034
12 161 659328.315904579
12 160 645024.123435031
12 159 614276.686344655
12 158 620166.54992276
12 157 682192.898301512
12 156 668470.361228782
12 155 677537.56169433
12 154 656394.584670566
12 153 603755.265577378
12 152 651452.951475554
12 151 633467.245219266
12 150 679394.952314054
12 149 596012.091016891
12 148 613650.284270127
12 147 610054.455380822
12 146 620500.646014031
12 145 642037.739139657
12 144 690404.684219068
12 143 625515.602501804
12 142 645672.368794787
12 141 649742.491274012
12 140 631361.786597466
12 139 609457.542420667
12 138 649649.692076273
12 137 647659.64908646
12 136 634280.506376363
12 135 625996.111813268
12 134 638164.771544531
12 133 680763.856794039
12 132 640375.750238899
12 131 593107.243418927
12 130 602168.532418699
12 129 628636.466684768
12 128 635421.162936134
12 127 601677.652557617
12 126 602045.921664365
12 125 627776.566202497
12 124 619209.112286733
12 123 620542.19677866
12 122 638871.137931771
12 121 582815.711475896
12 120 636127.094542378
12 119 605132.068289284
12 118 602765.273899069
12 117 599054.817764916
12 116 612221.625187977
12 115 641210.962797735
12 114 586342.797418324
12 113 595331.850449654
12 112 629137.118347107
12 111 606130.402801734
12 110 621401.671380099
12 109 601177.389971831
12 108 598082.573323935
12 107 587353.15907017
12 106 616533.126643482
12 105 642889.013001442
12 104 601393.232056925
12 103 632445.026447766
12 102 601930.921235539
12 101 612526.264299667
12 100 584970.976403457
12 99 640754.266591785
12 98 578348.071095691
12 97 580525.811761053
12 96 593361.631836515
12 95 580003.701208506
12 94 600327.210190428
12 93 627563.026820492
12 92 585539.609344184
12 91 594061.017459214
12 90 578507.333704721
12 89 578784.565124293
12 88 691786.667688029
12 87 566370.42757662
12 86 572115.811655058
12 85 601346.027969113
12 84 567120.025058514
12 83 575167.50410613
12 82 579923.867909419
12 81 554220.394742299
12 80 565505.201237645
12 79 583344.047635066
12 78 629833.237259894
12 77 583870.337003351
12 76 553700.613297313
12 75 564311.074489764
12 74 589663.285759648
12 73 589303.96346479
12 72 547501.775193367
12 71 569480.612394122
12 70 553562.637394079
12 69 536835.09294721
12 68 557579.817414246
12 67 540241.346990553
12 66 575588.648791975
12 65 529021.141158726
12 64 551476.895294461
12 63 555613.915490396
12 62 532093.265445779
12 61 545592.751401318
12 60 530497.742095938
12 59 514938.819747671
12 58 539342.892329581
12 57 506140.608378459
12 56 572355.059562543
12 55 535424.780268712
12 54 524742.448263523
12 53 526303.853853016
12 52 543803.539791516
12 51 521301.142246435
12 50 545247.902351994
12 49 544055.887464315
12 48 513128.064179678
12 47 557265.502906611
12 46 603005.871684794
12 45 565587.170365204
12 44 548011.439418642
12 43 592025.267018047
12 42 500065.084327293
12 41 513303.702821373
12 40 528175.435823237
12 39 534504.326406864
12 38 558565.816632542
12 37 566502.300124587
12 36 554507.151088066
12 35 541223.430805347
12 34 519395.990169378
12 33 565085.794040033
12 32 532767.822781134
12 31 540106.114193667
12 30 551864.107661197
12 29 495398.259522176
12 28 527553.900830946
12 27 543894.482660917
12 26 472028.758396165
12 25 502610.087158914
12 24 486010.503155868
12 23 591167.179865672
12 22 534496.95464743
12 21 562379.658833838
12 20 542542.348000796
12 19 547668.913334753
12 18 509944.703994918
12 17 524458.797845905
12 16 543202.195321586
12 15 558487.517364441
12 14 654706.548306617
12 13 568796.239425758
12 12 540616.900585344
12 11 548702.729728766
12 10 520558.721088895
12 9 568871.762535634
12 8 694895.067822742
12 7 695137.167593887
12 6 721800.394944242
12 5 746094.694286232
12 4 908473.83840969
12 3 1021054.19350852
12 2 1042037.20290609
12 1 1263820.9868537
