86 191844 1477504.96416156
86 19185 1212714.11349604
86 1919 948632.587711981
86 200 637741.646248841
86 199 645385.38857162
86 198 632134.112034829
86 197 644180.125138506
86 196 644328.657478822
86 195 646040.514716219
86 194 648707.197652503
86 193 688323.694643384
86 192 659680.062772179
86 191 628429.049308123
86 190 638081.587894455
86 189 625188.671565193
86 188 605245.047168054
86 187 656268.673376392
86 186 629214.010194781
86 185 606096.027955357
86 184 640342.813061764
86 183 606747.206696605
86 182 645502.560044443
86 181 632892.17929737
86 180 635582.431018113
86 179 627009.295397418
86 178 679928.78313831
86 177 630032.059792317
86 176 623500.577908293
86 175 598724.183754238
86 174 658548.436100121
86 173 625066.38501829
86 172 640012.255931525
86 171 643019.84072928
86 170 623036.59163494
86 169 609150.633270397
86 168 591544.199568261
86 167 623315.896277549
86 166 620701.49972498
86 165 619954.219781571
86 164 617711.167629655
86 163 619916.213179349
86 162 620446.520027032
86 161 620513.272410021
86 160 609073.222654853
86 159 644398.805541196
86 158 617509.0054315
86 157 581494.27968813
86 156 610226.462130884
86 155 631385.278457977
86 154 656979.270532308
86 153 613217.835814137
86 152 640047.045772378
86 151 600991.103034941
86 150 607452.559385055
86 149 606594.531079427
86 148 623144.113200486
86 147 626824.930966398
86 146 633427.360127755
86 145 592554.393798872
86 144 617389.157632015
86 143 594573.775137268
86 142 607376.270433151
86 141 596338.096791053
86 140 570323.153574249
86 139 601941.819833186
86 138 594801.89731888
86 137 581066.214492558
86 136 599056.295552425
86 135 599421.787076811
86 134 587319.030815037
86 133 621477.000067697
86 132 581360.109532525
86 131 570689.761934628
86 130 556753.968821829
86 129 633968.774992481
86 128 571394.089906034
86 127 559239.945799384
86 126 587537.578938574
86 125 563996.682795722
86 124 561950.85889895
86 123 564679.833130129
86 122 577347.912448806
86 121 577677.016312832
86 120 584495.873560971
86 119 577656.578421817
86 118 569417.770285725
86 117 587638.37275709
86 116 568810.769499499
86 115 574567.66486917
86 114 581841.602987005
86 113 544212.268445214
86 112 561280.195655869
86 111 585167.28712153
86 110 546113.162112404
86 109 571226.44862058
86 108 578110.406497076
86 107 575748.305276275
86 106 562224.520470585
86 105 536665.839128604
86 104 579685.299286944
86 103 539489.919286719
86 102 563541.245458995
86 101 563061.166709993
86 100 552448.227419913
86 99 551741.058673417
86 98 545292.921848282
86 97 540370.310504333
86 96 553512.807087622
86 95 558323.798939435
86 94 568194.593502542
86 93 545668.010647201
86 92 558135.110140003
86 91 561449.731766937
86 90 545927.857190797
86 89 541058.468027074
86 88 537359.757498801
86 87 513795.762795961
86 86 521487.78648748
86 85 514677.289680727
86 84 522270.308573615
86 83 503030.166934206
86 82 491353.764348584
86 81 512773.374114134
86 80 488462.391912233
86 79 499470.903428001
86 78 459637.785473036
86 77 475914.586911092
86 76 491440.623050799
86 75 510390.194906485
86 74 514022.55036497
86 73 470894.841634836
86 72 510550.579911164
86 71 560216.156337032
86 70 482955.286497318
86 69 514953.950527885
86 68 538902.250975453
86 67 467161.489703282
86 66 502089.651804886
86 65 532596.397180612
86 64 500877.366993634
86 63 482237.770996106
86 62 531444.969040184
86 61 501838.719459418
86 60 459219.469721043
86 59 474227.239695469
86 58 468503.245719605
86 57 478750.63157521
86 56 446561.473696192
86 55 484454.27252369
86 54 500801.328400477
86 53 477176.399644878
86 52 499309.042814497
86 51 473702.812591637
86 50 487227.024237996
86 49 460535.47115595
86 48 466629.728997037
86 47 491989.838578054
86 46 468731.64282902
86 45 513515.956189906
86 44 459198.800491847
86 43 447936.859601197
86 42 442463.867316104
86 41 448492.148260633
86 40 478328.393349278
86 39 457023.649989311
86 38 453922.666855762
86 37 485422.933676621
86 36 485831.466069155
86 35 466603.701706077
86 34 452808.135826799
86 33 487123.402977626
86 32 512402.237011576
86 31 461612.276247146
86 30 454370.078687069
86 29 523234.635728314
86 28 473986.258883782
86 27 522080.72533892
86 26 525041.982020996
86 25 525202.185160341
86 24 469437.382294353
86 23 522014.164729645
86 22 463237.030901659
86 21 464681.052406829
86 20 474651.558425807
86 19 508020.652587197
86 18 475041.644951264
86 17 514867.889979205
86 16 469745.864670831
86 15 458366.299162255
86 14 545319.280966997
86 13 504662.106738359
86 12 462353.949837542
86 11 460656.729013813
86 10 500148.348095799
86 9 482563.920896938
86 8 505031.516191452
86 7 555066.272771363
86 6 550917.677562518
86 5 596294.852536046
86 4 671505.101531391
86 3 837597.752465684
86 2 827452.525925802
86 1 1108199.81592394
