22 191844 1588111.16012082
22 19185 1240053.54059207
22 1919 921225.579482071
22 200 634426.997939096
22 199 634213.001234792
22 198 690880.668242306
22 197 637346.64524209
22 196 614581.263688616
22 195 664339.939206917
22 194 685169.574076184
22 193 655999.237980791
22 192 639158.882272293
22 191 678759.895494383
22 190 649041.923421003
22 189 650136.359107562
22 188 643223.911096156
22 187 657623.354640681
22 186 649049.959753722
22 185 644039.455373277
22 184 641975.436556655
22 183 622722.232859417
22 182 621982.467195785
22 181 617734.699344669
22 180 641777.780845423
22 179 632105.849259583
22 178 634486.921411493
22 177 680916.79679755
22 176 664320.055637941
22 175 636604.397421228
22 174 668319.285022726
22 173 630780.302133793
22 172 611558.127284851
22 171 622324.491762892
22 170 619818.033248031
22 169 626524.156180588
22 168 597199.582441728
22 167 624176.61256501
22 166 611603.164022878
22 165 590408.144340626
22 164 623285.173202057
22 163 607691.359299429
22 162 588402.935953372
22 161 594292.086351976
22 160 626756.436945969
22 159 621339.200653924
22 158 634259.173152365
22 157 607727.439570089
22 156 614888.670998249
22 155 633732.313600622
22 154 654575.250997879
22 153 658486.101696729
22 152 592469.322933331
22 151 624324.67375862
22 150 621375.390100575
22 149 602594.835519625
22 148 642096.921242503
22 147 590201.554501711
22 146 647791.086201169
22 145 607063.11850048
22 144 603147.33205029
22 143 613954.838777947
22 142 627627.323710411
22 141 656871.553796358
22 140 634718.104835475
22 139 632232.621425559
22 138 598141.660262545
22 137 582857.240671689
22 136 610746.196713756
22 135 611442.392620674
22 134 633217.49556395
22 133 596101.393742028
22 132 594938.754162024
22 131 596153.220767886
22 130 623550.822370527
22 129 634293.868675782
22 128 589648.486583992
22 127 616405.113011423
22 126 584454.585977084
22 125 596366.163197856
22 124 626889.913149619
22 123 584433.491113484
22 122 647586.197623814
22 121 599436.147326589
22 120 607036.759325989
22 119 615278.299245659
22 118 565205.301442216
22 117 574749.886420336
22 116 570443.184604224
22 115 584049.159889879
22 114 561133.627682558
22 113 570341.966090984
22 112 641862.132187071
22 111 577935.025257801
22 110 575148.132293983
22 109 559053.536424467
22 108 563200.153132882
22 107 586111.658159041
22 106 567884.533152999
22 105 603320.854143515
22 104 574058.632863044
22 103 553682.78961519
22 102 565639.080674745
22 101 568796.295974764
22 100 545752.894718762
22 99 550609.478051504
22 98 589176.593310337
22 97 574385.756415348
22 96 551002.657901021
22 95 543091.817392971
22 94 568794.608097731
22 93 564940.98052639
22 92 544398.397581597
22 91 538476.261296855
22 90 585633.125892909
22 89 573990.048182216
22 88 559351.187797669
22 87 552855.8947022
22 86 570424.670875992
22 85 519000.815914521
22 84 540878.272577412
22 83 501503.234854816
22 82 546311.506950124
22 81 544604.124073758
22 80 529780.83976763
22 79 529892.867711111
22 78 523996.155273526
22 77 513221.708172593
22 76 492790.706959537
22 75 557910.91779866
22 74 575277.796989805
22 73 527910.884501762
22 72 493682.516045484
22 71 524702.020330973
22 70 497076.650731581
22 69 512083.031398925
22 68 526655.337882365
22 67 484373.772092416
22 66 509115.795761809
22 65 547833.465468546
22 64 550214.185143959
22 63 496105.66617501
22 62 505220.536187647
22 61 551939.101632244
22 60 515754.95066884
22 59 517492.082378933
22 58 507238.058652924
22 57 515384.545532628
22 56 484380.637356708
22 55 486948.192164303
22 54 508835.855294592
22 53 505740.144019504
22 52 489714.451969453
22 51 498622.861650755
22 50 487344.125748232
22 49 467934.410017755
22 48 489787.748730594
22 47 504548.716292486
22 46 467922.590713444
22 45 471940.303566065
22 44 472365.096880774
22 43 488276.01793245
22 42 468603.492932237
22 41 486937.82819823
22 40 492763.983656139
22 39 488966.662301961
22 38 495427.621326167
22 37 483776.54053424
22 36 493878.513965362
22 35 504505.037155264
22 34 545136.557231258
22 33 495287.477617918
22 32 559384.980400599
22 31 500685.315700171
22 30 508242.407748033
22 29 525229.550452851
22 28 458496.123856523
22 27 487931.418751049
22 26 444640.168061071
22 25 479686.840104776
22 24 510934.593210426
22 23 467033.5725597
22 22 554330.913256912
22 21 471895.797418186
22 20 475303.839185795
22 19 492681.666050437
22 18 488325.633134918
22 17 529067.910207842
22 16 489603.113957666
22 15 512208.029158235
22 14 489481.436297314
22 13 480279.048793686
22 12 500584.89278638
22 11 505328.699860625
22 10 538105.974798721
22 9 514310.682108198
22 8 595669.842744726
22 7 583163.586552724
22 6 549872.404055239
22 5 618596.932837696
22 4 741852.014585148
22 3 975001.228346972
22 2 1007687.06326111
22 1 1137329.61515655
