5 191844 1581937.13770962
5 19185 1333586.71048763
5 1919 1017047.48844523
5 200 666155.689121099
5 199 688410.89535635
5 198 682470.497749691
5 197 756291.077483003
5 196 691138.384724061
5 195 701148.668887471
5 194 696201.833969039
5 193 701669.913014489
5 192 698011.205853986
5 191 748426.335556113
5 190 715072.553007437
5 189 654712.554893255
5 188 675785.079152335
5 187 703154.191269211
5 186 686220.15239198
5 185 672138.123260757
5 184 675626.987417994
5 183 671012.259987461
5 182 695778.478090326
5 181 656355.012612138
5 180 660145.247205529
5 179 661541.236984302
5 178 704341.109344871
5 177 675640.738307866
5 176 693816.615128699
5 175 705609.15750397
5 174 640006.446276575
5 173 676671.078085752
5 172 644428.745723912
5 171 681199.658068495
5 170 643958.387449505
5 169 684305.132603505
5 168 650322.550487715
5 167 654314.155865408
5 166 673062.64993911
5 165 676320.486605761
5 164 680682.662810987
5 163 699005.776944014
5 162 663575.990995459
5 161 637309.942916266
5 160 649352.029933663
5 159 664915.516704443
5 158 656830.272282543
5 157 657037.219665596
5 156 709789.736898627
5 155 639338.306040514
5 154 675674.174593275
5 153 648944.147525847
5 152 639346.710332333
5 151 668666.580962401
5 150 674469.711692046
5 149 712918.748503865
5 148 644460.131475687
5 147 644932.704113537
5 146 657272.588114308
5 145 633386.06612659
5 144 681801.404107142
5 143 620429.927285611
5 142 633402.676723361
5 141 671247.664773413
5 140 694560.060519952
5 139 632291.329694084
5 138 627185.231070673
5 137 630032.379132225
5 136 602593.601109027
5 135 618561.084029743
5 134 675238.743063123
5 133 616346.907249889
5 132 629771.649121935
5 131 608314.58165357
5 130 601757.352293762
5 129 655188.959158014
5 128 621087.329148288
5 127 645752.222327051
5 126 641606.476711109
5 125 668185.935599098
5 124 608864.338012641
5 123 633956.165789096
5 122 633784.670493605
5 121 630984.997253669
5 120 594176.72847214
5 119 612469.670105923
5 118 625445.355487354
5 117 619219.988567345
5 116 577065.125632294
5 115 622931.852013288
5 114 608074.72832738
5 113 597310.105782383
5 112 595794.713897721
5 111 630505.056507697
5 110 596186.223057305
5 109 647619.731855011
5 108 621197.493960004
5 107 603636.012968563
5 106 645784.597617717
5 105 653028.107288447
5 104 638994.913838683
5 103 634191.961604182
5 102 628020.39093668
5 101 619208.593502645
5 100 609463.872476135
5 99 681150.111951567
5 98 642874.11749479
5 97 686097.995392505
5 96 610011.25768327
5 95 634161.364854562
5 94 611103.230434207
5 93 622552.87973698
5 92 593703.759877865
5 91 632792.814031584
5 90 578378.052150624
5 89 604298.801274649
5 88 657727.781143516
5 87 588984.323694667
5 86 627524.654484782
5 85 593231.068245601
5 84 646484.601205647
5 83 618296.657461884
5 82 571939.210798359
5 81 597672.486207825
5 80 590484.463507268
5 79 602740.320672815
5 78 609673.312746838
5 77 614015.153447173
5 76 661131.090200302
5 75 587876.500338687
5 74 612757.524165163
5 73 602263.923881208
5 72 635473.958520699
5 71 589316.397227456
5 70 614572.80371131
5 69 583645.550684337
5 68 606399.452094837
5 67 600720.503346163
5 66 577003.958636871
5 65 596389.318609843
5 64 581952.124703417
5 63 549683.82678998
5 62 634222.476276457
5 61 625851.12194011
5 60 598435.947920214
5 59 615498.700204715
5 58 584701.48185447
5 57 616394.846798239
5 56 582192.73431479
5 55 635482.132601018
5 54 583952.155709996
5 53 597284.765891874
5 52 558783.828353722
5 51 584616.357554644
5 50 585593.345791099
5 49 568118.891787401
5 48 620171.220669313
5 47 582668.95850286
5 46 572987.510270973
5 45 570567.015416368
5 44 597758.743963006
5 43 547659.095323315
5 42 606344.345334268
5 41 576672.921988389
5 40 556674.202985488
5 39 569714.339878912
5 38 566967.425537195
5 37 569300.735328111
5 36 592266.346316416
5 35 528601.475559177
5 34 566591.43987449
5 33 542746.085326992
5 32 612906.15328821
5 31 546035.7963975
5 30 568554.87285805
5 29 554829.952510189
5 28 561418.410445107
5 27 575593.654555106
5 26 576998.823335778
5 25 520678.830073501
5 24 514693.453401143
5 23 536945.366317349
5 22 574629.996043552
5 21 580393.593939746
5 20 557835.838449378
5 19 549026.818444632
5 18 580261.991236632
5 17 557148.758086873
5 16 620414.381742011
5 15 595250.658157194
5 14 643408.570711901
5 13 573484.846353837
5 12 640172.217184067
5 11 621296.512726494
5 10 593906.675879735
5 9 658715.802043065
5 8 639989.852063585
5 7 811627.698295123
5 6 742502.502978278
5 5 825017.054223534
5 4 932463.025883415
5 3 954512.313707104
5 2 1102603.55016202
5 1 1318038.15284632
