42 191844 1475685.26737495
42 19185 1303244.76777044
42 1919 1007879.12236517
42 200 695742.203079195
42 199 766612.681650622
42 198 708667.696014959
42 197 687956.057324984
42 196 719198.136185374
42 195 808761.588155064
42 194 701883.954080551
42 193 692599.081890091
42 192 717230.939070986
42 191 747303.564388251
42 190 730121.816347918
42 189 698290.429865471
42 188 741038.834142108
42 187 690131.066195341
42 186 708821.750855755
42 185 724647.158420372
42 184 684155.493797951
42 183 767075.448815957
42 182 690374.494965216
42 181 694115.0875233
42 180 678260.566362397
42 179 696759.482197059
42 178 699800.790966414
42 177 688977.710665303
42 176 713581.756258351
42 175 686582.141594698
42 174 685957.306738636
42 173 679001.544044713
42 172 682912.722853202
42 171 718759.391990728
42 170 683344.653610526
42 169 674520.169014914
42 168 718505.770451264
42 167 715655.258897132
42 166 689824.457226469
42 165 697340.717729788
42 164 676236.446929438
42 163 706394.855164444
42 162 693723.774470278
42 161 662654.812329228
42 160 728859.883622479
42 159 748925.773009948
42 158 699922.446695236
42 157 673774.236292458
42 156 678633.472712638
42 155 697200.78176274
42 154 683076.774951293
42 153 664073.89205414
42 152 680568.853434411
42 151 763387.509070175
42 150 705738.10078314
42 149 662508.299799707
42 148 657771.670517482
42 147 688442.160269824
42 146 665060.705210258
42 145 658588.024876685
42 144 689021.333595528
42 143 694151.746498356
42 142 678330.802754806
42 141 672573.648902985
42 140 666321.617384013
42 139 642391.839241689
42 138 675508.488784134
42 137 696801.144027738
42 136 666511.384956624
42 135 650529.05917993
42 134 646409.921836421
42 133 682160.789194924
42 132 639330.574608908
42 131 636333.691414657
42 130 620973.119913911
42 129 653777.336426107
42 128 644816.634660255
42 127 634924.296119419
42 126 617306.480154864
42 125 652732.403915558
42 124 679547.002556755
42 123 652234.600775835
42 122 660117.975464624
42 121 660178.166358799
42 120 630304.011427096
42 119 674821.809293531
42 118 645420.683129303
42 117 656409.988879965
42 116 644070.342294764
42 115 619704.058771042
42 114 663953.435317792
42 113 617923.34859562
42 112 639377.171465713
42 111 635616.303317168
42 110 607736.811424793
42 109 628597.513651352
42 108 629014.727352688
42 107 671812.057763031
42 106 609025.746028788
42 105 625225.807286438
42 104 637256.782744795
42 103 637925.694189701
42 102 623437.614901616
42 101 587094.490478004
42 100 589113.684540545
42 99 565252.39534453
42 98 567182.799567301
42 97 624976.76797962
42 96 625975.914142552
42 95 603633.141635776
42 94 585817.702098477
42 93 610054.542242073
42 92 635122.497600958
42 91 617667.503284275
42 90 578606.319557616
42 89 627089.137266273
42 88 627502.770358464
42 87 604656.899553036
42 86 603908.555988641
42 85 612176.196485861
42 84 595644.123551653
42 83 618954.749797405
42 82 600041.331055809
42 81 577229.072328422
42 80 623152.788388445
42 79 613982.06459809
42 78 574089.423372537
42 77 572703.580021698
42 76 608531.92349007
42 75 594457.803040353
42 74 571013.745943778
42 73 556317.82385137
42 72 593267.569147122
42 71 590008.315081575
42 70 609407.203225812
42 69 566507.476737084
42 68 587778.649236254
42 67 610868.969844821
42 66 582007.40832704
42 65 608193.067715627
42 64 588980.146327291
42 63 588440.512455841
42 62 572650.009814069
42 61 598103.464112928
42 60 564007.856572199
42 59 613627.720659938
42 58 590006.409139052
42 57 584320.422666397
42 56 609846.445274562
42 55 611235.182845262
42 54 683184.617390439
42 53 618353.881726114
42 52 558657.178438849
42 51 649897.902725968
42 50 620815.783270478
42 49 624551.590574452
42 48 577700.772882921
42 47 585630.760663352
42 46 543225.850828269
42 45 607118.333477774
42 44 576383.500167548
42 43 595802.442938286
42 42 569752.669687274
42 41 549189.631486229
42 40 568925.902351144
42 39 599405.61376696
42 38 576788.923168941
42 37 589707.886001414
42 36 566900.997803866
42 35 569284.798147651
42 34 578192.613814081
42 33 578985.743122773
42 32 609686.449604771
42 31 616718.115018464
42 30 559664.784156635
42 29 578452.112193228
42 28 567754.714144049
42 27 599031.445485927
42 26 596739.174600753
42 25 648723.049156816
42 24 594916.832444973
42 23 589755.798580945
42 22 571108.019120878
42 21 572934.336121468
42 20 612439.24019826
42 19 581750.966519092
42 18 549889.264306102
42 17 592147.376685271
42 16 595165.211300283
42 15 601058.528299206
42 14 618343.143094814
42 13 607049.710974698
42 12 612174.664387267
42 11 609664.792124948
42 10 661541.988505168
42 9 594321.019214669
42 8 658777.751713461
42 7 761000.246203541
42 6 749513.25218143
42 5 797584.147209968
42 4 921403.575624858
42 3 946628.267638016
42 2 1104717.64116225
42 1 1346759.73786878
