32 191844 1508056.3876523
32 19185 1339033.57806203
32 1919 983314.915682711
32 200 684624.674491975
32 199 722969.32265923
32 198 707524.68337668
32 197 686853.079044261
32 196 676229.588471406
32 195 704345.240826234
32 194 711524.471371845
32 193 673340.792129619
32 192 686574.691642779
32 191 687781.979083735
32 190 665250.750854395
32 189 704900.673344139
32 188 655526.990805651
32 187 660684.484462626
32 186 653775.902223435
32 185 681823.914245704
32 184 651896.212369941
32 183 699021.412014656
32 182 679951.013612697
32 181 684075.630389845
32 180 652004.679825442
32 179 680570.585563242
32 178 672745.787884144
32 177 700828.344540082
32 176 661904.937316944
32 175 644169.855108929
32 174 651791.286801214
32 173 647328.672274063
32 172 672568.167310751
32 171 711653.009709915
32 170 673082.028027061
32 169 677450.044986783
32 168 652261.914694415
32 167 648119.485669515
32 166 659350.300437383
32 165 698467.153148499
32 164 632949.423946902
32 163 640632.434040451
32 162 652108.81465982
32 161 637712.120073703
32 160 634962.694857877
32 159 642315.219854778
32 158 658165.644588162
32 157 662509.595841279
32 156 651737.938484161
32 155 646531.330749526
32 154 665554.393172154
32 153 647356.166150614
32 152 658999.440337001
32 151 641400.787340189
32 150 631484.267741484
32 149 626777.439053975
32 148 649959.021680597
32 147 641125.323856953
32 146 655228.239825679
32 145 627495.542299229
32 144 610033.102423851
32 143 609697.102895677
32 142 639555.445320876
32 141 621677.832887805
32 140 655848.034144485
32 139 618480.207609764
32 138 612645.45720609
32 137 632043.388220334
32 136 613110.274063289
32 135 613008.377251268
32 134 641318.496976073
32 133 665860.237122101
32 132 625734.069803701
32 131 646775.014457864
32 130 611195.032800933
32 129 593907.696786489
32 128 615860.067097449
32 127 608367.973575807
32 126 593372.353063306
32 125 593227.992000781
32 124 642686.772379636
32 123 641970.402872637
32 122 617669.245302483
32 121 628448.975842335
32 120 595924.370573118
32 119 621294.996672724
32 118 622069.467637697
32 117 635276.002361189
32 116 589896.493629722
32 115 572601.084189724
32 114 583327.583652678
32 113 608370.346959055
32 112 612036.970053338
32 111 648414.063707694
32 110 568025.098339126
32 109 589821.415429693
32 108 604922.764783122
32 107 586208.710718908
32 106 615725.263104229
32 105 598526.332808605
32 104 612284.295803328
32 103 599572.588849328
32 102 561741.570955673
32 101 579223.972987045
32 100 563455.792171001
32 99 576978.343497663
32 98 579978.811753035
32 97 556232.088664096
32 96 584150.751565626
32 95 592671.650990033
32 94 621888.243839322
32 93 554529.179297153
32 92 590595.246381397
32 91 568699.876209097
32 90 567127.077990507
32 89 549215.375565104
32 88 559430.701547681
32 87 576637.116683995
32 86 575356.696650384
32 85 546490.437545883
32 84 548492.547483728
32 83 600403.668820644
32 82 581057.458547834
32 81 562677.960105269
32 80 572989.794024975
32 79 571338.182291582
32 78 605992.428301081
32 77 590519.9952488
32 76 556805.827326191
32 75 535623.133698945
32 74 577362.81105773
32 73 577577.844547743
32 72 585022.19185585
32 71 552889.907063209
32 70 555704.020763795
32 69 540743.924864533
32 68 533010.651550557
32 67 533362.884544591
32 66 567907.963808351
32 65 542832.09130404
32 64 560018.851277805
32 63 554266.039532848
32 62 578901.399154944
32 61 545961.61636491
32 60 565363.2307348
32 59 543400.785398491
32 58 554775.880112965
32 57 537098.938143845
32 56 531270.530521938
32 55 567044.135090668
32 54 597275.288330503
32 53 563527.735125455
32 52 567022.105880799
32 51 566740.606743002
32 50 556258.824939756
32 49 564337.989863647
32 48 507496.81190885
32 47 538887.644305723
32 46 542317.559959613
32 45 536923.845584398
32 44 575809.458748054
32 43 539153.142753569
32 42 523053.107326708
32 41 549938.446005897
32 40 547940.92408393
32 39 586155.307970571
32 38 557730.105011818
32 37 514900.426237746
32 36 566386.478743701
32 35 557793.997890741
32 34 514215.085442778
32 33 537220.456575785
32 32 551471.606702756
32 31 522632.258715247
32 30 523675.70625922
32 29 576714.610045113
32 28 536122.651572371
32 27 539903.116425199
32 26 614997.237164941
32 25 516539.165614932
32 24 562261.185200351
32 23 617517.650957437
32 22 523185.062079491
32 21 531721.811304633
32 20 532429.959875544
32 19 528708.041270858
32 18 624977.180641906
32 17 580476.748118586
32 16 557173.477958306
32 15 594893.875723506
32 14 570860.865856218
32 13 579026.095026497
32 12 502835.170698096
32 11 514561.587567962
32 10 516851.667920083
32 9 561582.396368941
32 8 546948.506143668
32 7 717041.326667504
32 6 722712.669648403
32 5 759841.597522075
32 4 877077.718459087
32 3 1031429.59431387
32 2 1156594.88727707
32 1 1288906.39382284
