89 191844 1582321.09059006
89 19185 1278087.96534346
89 1919 973548.517186553
89 200 713614.551560288
89 199 706163.337829855
89 198 685770.352488339
89 197 719151.180527465
89 196 738846.301910991
89 195 706988.803545215
89 194 708755.268262922
89 193 683256.25239666
89 192 666734.648774721
89 191 722018.483615862
89 190 678491.766564593
89 189 691848.98991782
89 188 700855.501329279
89 187 712148.517355736
89 186 683236.842787406
89 185 669869.434241317
89 184 707017.146330021
89 183 695306.243413204
89 182 691034.343060018
89 181 699735.995601679
89 180 695867.118613819
89 179 700678.313236413
89 178 663711.628097547
89 177 714240.855222433
89 176 692140.489486333
89 175 668958.419270864
89 174 712884.814244797
89 173 709294.949431941
89 172 679568.857983849
89 171 671153.881635825
89 170 697412.474725858
89 169 694325.975278358
89 168 678981.870280941
89 167 680404.971213032
89 166 656930.435910133
89 165 665039.450350843
89 164 674565.496530177
89 163 675378.8122744
89 162 693643.024152706
89 161 645195.208108036
89 160 680855.292679743
89 159 712282.398026535
89 158 671149.064163587
89 157 719885.892303843
89 156 704577.166218523
89 155 680402.449142246
89 154 680768.764413982
89 153 704580.737904217
89 152 677404.59865457
89 151 648322.660779034
89 150 644022.321203615
89 149 630141.489853035
89 148 720713.686084092
89 147 645743.066648067
89 146 682301.32060656
89 145 658987.097799065
89 144 641532.015937725
89 143 654960.076835868
89 142 667063.131403058
89 141 644469.216000177
89 140 653191.228913457
89 139 677089.926751814
89 138 660501.457247959
89 137 706850.471425997
89 136 602974.231318964
89 135 640962.87872001
89 134 654160.931429839
89 133 649565.178868486
89 132 630118.317073235
89 131 637297.938795692
89 130 665838.789525024
89 129 632271.588571897
89 128 653662.050394553
89 127 631482.262029173
89 126 695600.483318396
89 125 647559.684116947
89 124 666339.139741676
89 123 649151.780920213
89 122 670372.844774242
89 121 612574.669896551
89 120 625131.487182379
89 119 619597.291194478
89 118 639877.18895631
89 117 627316.494620878
89 116 617725.69018613
89 115 644021.892956876
89 114 630198.159541478
89 113 643915.081735769
89 112 656126.405239722
89 111 649289.506937348
89 110 619809.529912539
89 109 624161.082064269
89 108 605649.30104228
89 107 578971.681246488
89 106 640674.784243274
89 105 620108.412631761
89 104 631332.139002442
89 103 629738.021631476
89 102 569297.70670326
89 101 618649.123185193
89 100 576683.433915345
89 99 597563.174929961
89 98 626291.601131528
89 97 615195.985279379
89 96 610452.038769693
89 95 612247.809984732
89 94 566136.458171753
89 93 572565.004406945
89 92 587440.504050932
89 91 617782.10511
89 90 595591.395443416
89 89 579475.497646829
89 88 598058.380269627
89 87 561469.480232294
89 86 531971.065700788
89 85 546248.942821965
89 84 591035.766540247
89 83 585839.241355115
89 82 530507.405047321
89 81 571681.791964156
89 80 588106.253804202
89 79 560829.422617595
89 78 593889.609383578
89 77 607219.397648059
89 76 565284.825866189
89 75 545177.912139163
89 74 548084.472835236
89 73 572894.180595858
89 72 538907.459989109
89 71 574090.396090405
89 70 567986.934660176
89 69 579171.848483781
89 68 574333.537318998
89 67 541001.59634388
89 66 540142.978790245
89 65 525722.471136674
89 64 559256.739443581
89 63 571772.723698701
89 62 514364.694219649
89 61 540605.544239395
89 60 533466.502917314
89 59 513661.610908861
89 58 501968.696106569
89 57 551395.791831922
89 56 513345.334419325
89 55 554437.657341148
89 54 566896.830002792
89 53 510223.324993611
89 52 507701.574807569
89 51 512340.869664209
89 50 544643.942782332
89 49 534407.50181527
89 48 499959.261163547
89 47 531617.524691424
89 46 504597.516890031
89 45 486550.097593063
89 44 498694.637537344
89 43 503399.357765001
89 42 499797.090358304
89 41 480563.977072011
89 40 469728.05928936
89 39 517319.176278192
89 38 499870.432865154
89 37 503871.228112578
89 36 518595.136496961
89 35 486087.893059227
89 34 520065.188380435
89 33 503115.113361421
89 32 531988.010927935
89 31 480347.347168773
89 30 511853.471669807
89 29 489669.007875708
89 28 507345.309764003
89 27 516074.995219709
89 26 562521.665135279
89 25 467516.609179601
89 24 503180.2132899
89 23 490692.403238131
89 22 537020.080283938
89 21 475406.769603645
89 20 486763.538638271
89 19 490465.801219873
89 18 481456.454077906
89 17 481470.066264145
89 16 516628.920255687
89 15 508952.498689822
89 14 494860.211536505
89 13 526675.110479123
89 12 511575.42281284
89 11 520614.244106605
89 10 534615.705572223
89 9 569067.382054039
89 8 568377.542059513
89 7 554440.367935832
89 6 529283.908710749
89 5 601292.474816807
89 4 969642.701132029
89 3 1028027.13403069
89 2 1066036.94927287
89 1 1234995.36519576
