46 191844 1704876.81116801
46 19185 1347892.24023851
46 1919 991381.294486421
46 200 754507.107818135
46 199 715717.874749134
46 198 723668.147231615
46 197 706523.503063106
46 196 697339.786227856
46 195 784748.134068727
46 194 727068.289205135
46 193 690991.47638179
46 192 677173.888960385
46 191 729835.326974318
46 190 698385.806542519
46 189 691205.129923487
46 188 697222.816005271
46 187 696165.046674396
46 186 714620.587567907
46 185 682129.512073582
46 184 727948.076433377
46 183 697961.656581454
46 182 698662.933725608
46 181 755166.980869325
46 180 722124.647544961
46 179 675726.042625967
46 178 706646.618975326
46 177 676131.618190749
46 176 722112.622912619
46 175 694758.781157927
46 174 714869.559087727
46 173 667649.335558206
46 172 699882.022316869
46 171 701938.665397745
46 170 664431.17803154
46 169 670050.260187768
46 168 683489.871239892
46 167 687529.41937139
46 166 730353.551888867
46 165 701466.60091157
46 164 682312.112426651
46 163 691921.248111561
46 162 734322.802526765
46 161 696449.151785191
46 160 703596.424979296
46 159 686926.338027795
46 158 699499.097154649
46 157 714138.407443118
46 156 666288.597667762
46 155 650271.859369402
46 154 675553.623690667
46 153 692347.063454765
46 152 682232.641095764
46 151 695503.405752447
46 150 659229.480607209
46 149 667850.453765001
46 148 675186.465200763
46 147 715866.302779244
46 146 690961.019470325
46 145 696047.735381435
46 144 647968.911809797
46 143 634556.57612107
46 142 649740.390877546
46 141 674216.895613907
46 140 650065.281560922
46 139 633199.89780031
46 138 647799.580921296
46 137 701449.872259412
46 136 629776.722240238
46 135 622651.926581065
46 134 649736.846088732
46 133 649372.622054708
46 132 655351.2456965
46 131 675057.518697272
46 130 687585.549307404
46 129 647848.164315165
46 128 643283.86349051
46 127 636370.727590891
46 126 635286.053615722
46 125 652168.927739389
46 124 640810.145181572
46 123 699650.057459375
46 122 645060.146237607
46 121 624216.212307097
46 120 656169.016943547
46 119 657381.580937335
46 118 649795.656202654
46 117 600499.695520324
46 116 664113.205723359
46 115 645278.176883052
46 114 638927.187276025
46 113 636296.473760397
46 112 622106.817715179
46 111 679947.386849058
46 110 625994.615512822
46 109 613621.75782262
46 108 617053.504809849
46 107 597891.455041932
46 106 623462.77561469
46 105 615690.339374797
46 104 634673.689408111
46 103 623875.233431716
46 102 615077.297883219
46 101 711600.473833215
46 100 614792.500730885
46 99 603412.300386669
46 98 629356.806064882
46 97 609928.954767237
46 96 611271.281613166
46 95 665458.469187566
46 94 641365.351215382
46 93 589431.783257494
46 92 627743.216338941
46 91 644800.102633744
46 90 637072.682997165
46 89 620317.500644461
46 88 611334.096771909
46 87 591207.001151351
46 86 632357.462687902
46 85 596257.851292914
46 84 620917.339243718
46 83 569102.959078003
46 82 593736.37696268
46 81 609314.054730486
46 80 585190.765594158
46 79 606663.843654259
46 78 596651.375183488
46 77 589206.35646003
46 76 635204.551094712
46 75 620129.002598918
46 74 587515.49242926
46 73 594643.247614783
46 72 568203.594668397
46 71 586629.631234634
46 70 616706.091774421
46 69 590076.892187533
46 68 579908.273755932
46 67 568062.057921506
46 66 551563.288231331
46 65 583508.753075286
46 64 588467.376058996
46 63 585332.549548957
46 62 565583.850002434
46 61 581263.636818046
46 60 614815.274716805
46 59 550519.310788217
46 58 553977.907571732
46 57 568266.342554269
46 56 556651.223158776
46 55 565806.071217788
46 54 570042.349231771
46 53 580304.677161195
46 52 616551.809297039
46 51 547318.606568435
46 50 555631.799299319
46 49 567170.666335951
46 48 608512.185776769
46 47 576537.080900574
46 46 558789.638132573
46 45 540177.811382276
46 44 550680.81092518
46 43 569983.721963007
46 42 525009.012710775
46 41 548748.383279067
46 40 526602.656141549
46 39 535178.078196539
46 38 540766.747690489
46 37 634603.536165268
46 36 566899.516859281
46 35 577757.288465039
46 34 549231.232621709
46 33 528769.098935896
46 32 572445.232577658
46 31 555414.477823817
46 30 526996.119095478
46 29 566704.858216477
46 28 511920.869665963
46 27 537541.458246973
46 26 579317.073489882
46 25 570590.22019548
46 24 566094.631131548
46 23 547393.52605123
46 22 564293.320462273
46 21 587653.420624017
46 20 574950.672374474
46 19 672823.963727553
46 18 572719.235096872
46 17 565650.695931592
46 16 615820.939654297
46 15 591128.449829777
46 14 594528.837272743
46 13 586156.520694777
46 12 583110.460869911
46 11 684237.984349018
46 10 701734.672072897
46 9 686108.593507005
46 8 653975.698356216
46 7 649721.449181743
46 6 728433.227747019
46 5 821455.913858399
46 4 887534.13992771
46 3 1016135.92457217
46 2 1144536.61941855
46 1 1281649.7916203
