2 191844 1652164.89942051
2 19185 1259968.79964174
2 1919 1010281.3277366
2 200 724481.112465045
2 199 699385.945902676
2 198 736732.372127858
2 197 673370.757278184
2 196 702577.477311702
2 195 751408.223508126
2 194 737792.667746109
2 193 712579.124659555
2 192 699184.376756179
2 191 740096.419577404
2 190 701775.832838297
2 189 734738.037022126
2 188 749849.420389667
2 187 713158.186520052
2 186 681373.680418764
2 185 734912.54423742
2 184 717007.540624736
2 183 689229.152977671
2 182 722288.974120432
2 181 716299.655706489
2 180 729849.323639048
2 179 729970.578418015
2 178 756007.424447476
2 177 723141.606009731
2 176 705281.107026903
2 175 726841.395562117
2 174 717258.160501834
2 173 720829.649329151
2 172 681991.346911681
2 171 693429.5366237
2 170 648667.244823119
2 169 691690.48450695
2 168 693280.805504752
2 167 680459.564886497
2 166 703092.595867644
2 165 679341.806698108
2 164 703513.192425164
2 163 670286.854401826
2 162 711080.053819396
2 161 652263.428255252
2 160 698715.634418281
2 159 653184.489865192
2 158 662160.002775396
2 157 673056.572937887
2 156 664819.160838351
2 155 678938.103922347
2 154 693358.314499576
2 153 679195.833431328
2 152 711695.338953002
2 151 664298.642514922
2 150 671041.668036461
2 149 664134.593696516
2 148 702337.552993059
2 147 725401.334765308
2 146 685104.754949968
2 145 682558.818456547
2 144 642824.33400125
2 143 673502.556474114
2 142 656006.979446868
2 141 704963.531822941
2 140 670266.941533952
2 139 656542.647303471
2 138 686881.653379456
2 137 648729.485422173
2 136 662991.651482683
2 135 652977.714772802
2 134 680640.786585994
2 133 654427.726127841
2 132 669143.33162441
2 131 657032.429860111
2 130 674771.279083035
2 129 689236.56986778
2 128 652599.742803366
2 127 652471.943950143
2 126 660191.855032645
2 125 635038.021856924
2 124 651717.361871693
2 123 707842.857522883
2 122 649382.751738597
2 121 623261.42844159
2 120 650463.965922801
2 119 651618.792615605
2 118 640680.699188001
2 117 662905.948774775
2 116 645421.536370757
2 115 675149.745171475
2 114 629489.409258381
2 113 667675.188961681
2 112 665687.223687841
2 111 645344.817824335
2 110 642007.48694935
2 109 611311.347639833
2 108 620165.229691634
2 107 648049.345184758
2 106 662460.580073539
2 105 632491.175250374
2 104 642513.694685392
2 103 649444.141740375
2 102 649521.439747029
2 101 611520.59940432
2 100 632263.631804275
2 99 641223.559937031
2 98 624438.972395453
2 97 652212.547208699
2 96 663376.267684309
2 95 637789.281208068
2 94 626443.835914196
2 93 633663.601244976
2 92 642139.544169806
2 91 601052.137149123
2 90 607500.490110307
2 89 627376.827824826
2 88 640243.864708302
2 87 637120.367450746
2 86 633026.741199079
2 85 624958.260442828
2 84 629311.15435098
2 83 632451.804042154
2 82 641025.69849551
2 81 604368.307003644
2 80 623337.019639418
2 79 619819.012635819
2 78 598010.127284116
2 77 614640.167468046
2 76 644143.534949042
2 75 651518.85003973
2 74 584775.81690902
2 73 603760.488636231
2 72 614094.677359427
2 71 644275.596302957
2 70 657275.84972345
2 69 698418.371757133
2 68 625621.376934645
2 67 605472.958779062
2 66 627149.859364707
2 65 595031.039144458
2 64 593886.905021069
2 63 605630.132899961
2 62 589155.431529769
2 61 635532.993751688
2 60 635523.663405405
2 59 625069.702491107
2 58 619780.128620287
2 57 608043.214313728
2 56 682312.052479537
2 55 599904.568063315
2 54 620827.410032295
2 53 615266.843762011
2 52 640653.895773903
2 51 597383.751298786
2 50 583776.747995656
2 49 607140.157004661
2 48 645390.51374414
2 47 586873.243296813
2 46 586486.768531146
2 45 607200.918535985
2 44 564852.624229418
2 43 575946.157295846
2 42 610736.426842462
2 41 593790.413181907
2 40 541984.994648712
2 39 582091.858437325
2 38 562689.905671501
2 37 563848.56185568
2 36 565547.135831309
2 35 596767.206913274
2 34 592762.535847521
2 33 589874.792402067
2 32 599116.460528309
2 31 560248.723550791
2 30 558243.232327361
2 29 582926.261520282
2 28 609755.096027249
2 27 564041.986639413
2 26 563505.449333254
2 25 561068.744553352
2 24 551625.49620447
2 23 524552.743399171
2 22 552214.307990221
2 21 532760.091844664
2 20 518971.823116384
2 19 580248.538756812
2 18 562362.719580139
2 17 559187.253090592
2 16 566952.036925809
2 15 546907.827799905
2 14 507226.214181802
2 13 568578.838862631
2 12 535977.10996053
2 11 517089.310531988
2 10 489574.321403093
2 9 570143.360584888
2 8 642202.367387067
2 7 644581.330423627
2 6 653219.37084607
2 5 660889.269862397
2 4 867566.338664152
2 3 975456.410907751
2 2 1028042.86569091
2 1 1294000.81191577
