55 191844 1561705.73445874
55 19185 1292776.07761146
55 1919 1021215.6906192
55 200 667824.38888748
55 199 668894.128560065
55 198 770079.186171551
55 197 712723.81667742
55 196 680119.900477922
55 195 680279.10747042
55 194 699113.933136336
55 193 680898.857530151
55 192 695979.634208637
55 191 703571.849966961
55 190 687189.800571801
55 189 669505.113220644
55 188 658783.885344984
55 187 676681.274244908
55 186 633013.283642545
55 185 671037.246183342
55 184 667787.049025668
55 183 664831.062292053
55 182 652370.506657211
55 181 651389.44584513
55 180 695224.051991959
55 179 649317.642405587
55 178 652950.802892359
55 177 698115.69807213
55 176 671006.028465308
55 175 630591.348437911
55 174 648797.786094001
55 173 671659.736134182
55 172 667007.202046144
55 171 650523.343836874
55 170 655588.177578861
55 169 660592.5065136
55 168 680036.702435212
55 167 658415.698294945
55 166 651173.346924557
55 165 668721.968269525
55 164 637284.059273159
55 163 658777.823215274
55 162 624334.164351988
55 161 645833.098246311
55 160 657218.887200671
55 159 693831.063356015
55 158 684423.161254867
55 157 615561.033681823
55 156 672915.78500604
55 155 712256.579230913
55 154 626062.639641123
55 153 679832.954262004
55 152 715155.872835197
55 151 648794.411409231
55 150 647460.82663215
55 149 689636.775309812
55 148 646150.920026715
55 147 617287.142183018
55 146 639511.783157948
55 145 645822.262902115
55 144 697050.419360972
55 143 662835.627386698
55 142 624552.053649681
55 141 659638.376665648
55 140 666472.031423024
55 139 626683.628099599
55 138 664687.714466754
55 137 626841.792918925
55 136 646066.969060272
55 135 659726.993763494
55 134 629923.513763133
55 133 673474.504110219
55 132 639658.749183364
55 131 625698.196498641
55 130 654870.618298275
55 129 637139.170986348
55 128 639961.923285932
55 127 638611.815657552
55 126 631184.279512588
55 125 620206.76892378
55 124 632300.41425665
55 123 648199.567064104
55 122 660057.151505144
55 121 617738.92688996
55 120 629979.262056177
55 119 590292.073416221
55 118 625948.451473987
55 117 660317.694499474
55 116 594060.312362181
55 115 621652.710591158
55 114 605581.125153498
55 113 605108.325565462
55 112 627111.783714168
55 111 641080.928555815
55 110 603546.728022584
55 109 565357.199503827
55 108 584223.561943719
55 107 602354.815638656
55 106 620049.991565864
55 105 590995.476307117
55 104 571220.319029134
55 103 603567.953098248
55 102 601064.983319693
55 101 580315.994174407
55 100 563944.349681039
55 99 571727.785487982
55 98 574536.667205962
55 97 564360.571406651
55 96 609176.379271433
55 95 574681.847490787
55 94 593042.91227011
55 93 560897.815234226
55 92 624581.962095717
55 91 597980.833554363
55 90 622503.593645148
55 89 583220.105662197
55 88 585657.209653024
55 87 598400.137317197
55 86 593913.747132791
55 85 592302.00153486
55 84 556117.841947375
55 83 587219.197347973
55 82 606519.960376016
55 81 659119.173012564
55 80 571546.544669387
55 79 596385.521429201
55 78 598050.841186421
55 77 570132.303178125
55 76 646584.31102773
55 75 575673.635483909
55 74 595772.082794256
55 73 620539.94513297
55 72 577578.639141016
55 71 654107.937825023
55 70 576280.094425607
55 69 650527.643133111
55 68 621822.109264793
55 67 584225.043720672
55 66 669855.388059496
55 65 693695.755829671
55 64 573984.571195537
55 63 595844.637869624
55 62 579318.258141789
55 61 655064.952647581
55 60 570880.255708948
55 59 596643.061772983
55 58 583297.045838485
55 57 613997.670166115
55 56 638524.429531682
55 55 626437.865680979
55 54 614671.406894257
55 53 581377.579583856
55 52 614958.734034609
55 51 677891.903898001
55 50 598311.015201257
55 49 608118.879434082
55 48 606578.698873868
55 47 582011.675324616
55 46 589679.528046182
55 45 593931.397030308
55 44 603463.985522925
55 43 583300.084158361
55 42 581342.00362898
55 41 614327.34390929
55 40 599909.578765102
55 39 596552.252755025
55 38 588242.854032185
55 37 559862.213208502
55 36 564585.367256349
55 35 578775.392773495
55 34 575504.948847403
55 33 611946.334630578
55 32 551941.430647732
55 31 610780.07151985
55 30 619387.501185689
55 29 556643.39224909
55 28 590083.95805445
55 27 556347.76499166
55 26 541592.975865429
55 25 596991.339918338
55 24 532062.763783787
55 23 576444.105612546
55 22 555200.237508924
55 21 560788.422877301
55 20 512138.27144322
55 19 544927.722039037
55 18 548771.844203819
55 17 521510.965703988
55 16 485217.841676861
55 15 524149.827635018
55 14 504955.007969175
55 13 535031.013475883
55 12 594455.741466299
55 11 585230.471915272
55 10 574692.651102494
55 9 620735.977451614
55 8 634811.151251426
55 7 600320.062154457
55 6 626806.733210087
55 5 691094.882436857
55 4 684116.368177873
55 3 840439.16486508
55 2 910939.84540455
55 1 1296759.35677116
