43 191844 1497075.82838242
43 19185 1363441.91061508
43 1919 966384.025023637
43 200 708548.529670199
43 199 671127.807351584
43 198 668539.078623169
43 197 672678.35236432
43 196 699558.837102529
43 195 646656.584703219
43 194 725989.82666541
43 193 694869.304158936
43 192 648647.99803772
43 191 673365.835993767
43 190 689514.09417873
43 189 691239.626399789
43 188 720058.902392623
43 187 647982.193239225
43 186 690391.072247277
43 185 729273.695737184
43 184 675666.596308433
43 183 705507.316972413
43 182 684385.19655771
43 181 720362.297908234
43 180 691076.056326596
43 179 659326.369764823
43 178 676411.846064628
43 177 667929.429123203
43 176 687275.094922252
43 175 681157.988872212
43 174 660410.382778908
43 173 644142.045219898
43 172 670816.067786546
43 171 664978.774224321
43 170 702242.826831858
43 169 651858.877948677
43 168 691975.381394801
43 167 652674.084520401
43 166 682754.977312203
43 165 645024.625029693
43 164 634998.825042292
43 163 629178.123017353
43 162 692120.218213684
43 161 698150.489520694
43 160 662339.158083892
43 159 659951.666551988
43 158 630844.586417341
43 157 645739.610188681
43 156 671331.021635096
43 155 632299.563263149
43 154 639937.688931367
43 153 638666.866545598
43 152 639858.854765812
43 151 629688.800757056
43 150 604833.802631041
43 149 616035.06055644
43 148 636454.488862996
43 147 649290.811035516
43 146 631274.740231697
43 145 626525.159268521
43 144 630419.018373978
43 143 649116.947416132
43 142 614619.63523611
43 141 622298.866714382
43 140 629753.880685235
43 139 616992.587656494
43 138 604654.988293838
43 137 608743.623506307
43 136 617314.782379598
43 135 612719.548978591
43 134 564029.684736741
43 133 597233.814577804
43 132 608038.499431817
43 131 587958.582240962
43 130 637072.173512241
43 129 604206.09487779
43 128 633291.334367067
43 127 616469.988082799
43 126 593084.808382723
43 125 588457.164247647
43 124 601204.868335103
43 123 601276.443170208
43 122 628317.967132127
43 121 637709.687371791
43 120 608283.475119096
43 119 583277.025977689
43 118 600199.036619976
43 117 581758.407967926
43 116 589737.225083216
43 115 671701.234817585
43 114 595547.976385485
43 113 605150.573762591
43 112 577140.277562686
43 111 612979.614818587
43 110 586614.380369425
43 109 616445.582149989
43 108 606908.535788085
43 107 584231.886683484
43 106 582431.234864858
43 105 627726.682281746
43 104 591365.554728646
43 103 568373.495627283
43 102 576527.030567175
43 101 582542.039741574
43 100 554358.518402626
43 99 568202.049186356
43 98 585810.182080092
43 97 560525.635397976
43 96 556673.00767286
43 95 533109.55687801
43 94 574919.115424551
43 93 551098.846960395
43 92 560555.700491058
43 91 560325.221468432
43 90 571792.054834958
43 89 550514.857482319
43 88 615857.877714351
43 87 567415.638281016
43 86 544392.281466092
43 85 523770.857757402
43 84 565908.565338802
43 83 575516.824207972
43 82 538550.850220368
43 81 522733.76056506
43 80 522699.669612177
43 79 559910.001942128
43 78 528999.584209939
43 77 516757.214559906
43 76 532433.874315886
43 75 553967.104029019
43 74 548090.97390971
43 73 515912.026213573
43 72 520776.222041975
43 71 535232.28846222
43 70 551145.98342086
43 69 571517.10567124
43 68 545977.809106636
43 67 538159.802638598
43 66 573546.353767092
43 65 550018.607456628
43 64 523590.241706366
43 63 554519.520755321
43 62 502722.068646843
43 61 563011.82447301
43 60 532962.277987989
43 59 555210.189383698
43 58 547945.228062347
43 57 575885.738769101
43 56 554458.566235177
43 55 517873.240573221
43 54 527703.967626431
43 53 513549.210042791
43 52 524689.025897501
43 51 550114.717101999
43 50 523490.067750451
43 49 604587.784786923
43 48 536320.734389444
43 47 538373.17456601
43 46 515479.716523855
43 45 528164.721082279
43 44 514895.034622406
43 43 489221.119853664
43 42 510554.99312345
43 41 542488.927320019
43 40 528294.587607952
43 39 505506.334485054
43 38 585831.981709465
43 37 561988.674334183
43 36 540359.983117351
43 35 516520.687703627
43 34 510731.906892685
43 33 485254.268458616
43 32 536611.705486979
43 31 494753.017491902
43 30 471123.535370577
43 29 527603.224495384
43 28 502946.397595936
43 27 528681.080951081
43 26 527988.60209939
43 25 510293.209202901
43 24 573513.59271833
43 23 550088.706307126
43 22 530450.092101961
43 21 616630.370482723
43 20 522459.333251586
43 19 500031.28654279
43 18 541052.335101466
43 17 496533.648221201
43 16 583120.911289331
43 15 600570.150424966
43 14 587437.612594402
43 13 585198.118738507
43 12 604418.799935563
43 11 626129.093701834
43 10 532072.264847975
43 9 570617.607661372
43 8 577136.173660745
43 7 539393.082474549
43 6 656583.10596038
43 5 696338.004577926
43 4 724269.930906503
43 3 947629.55029477
43 2 1082562.39884977
43 1 1356276.70420881
