47 191844 1588287.41316007
47 19185 1265970.68126114
47 1919 937487.47655599
47 200 667612.388496385
47 199 635698.038935624
47 198 684434.664992245
47 197 668441.532121756
47 196 713883.777345455
47 195 652899.653724875
47 194 677210.262393257
47 193 688666.182661561
47 192 635401.192938044
47 191 645009.19047734
47 190 636359.175286385
47 189 654839.511794492
47 188 663618.146450335
47 187 663596.29794893
47 186 655894.989910628
47 185 683774.948633148
47 184 666848.337209328
47 183 659503.399041273
47 182 689016.464559911
47 181 663896.349140065
47 180 627968.223148595
47 179 636862.157555921
47 178 699269.768491752
47 177 639846.288380552
47 176 657873.299067144
47 175 669517.215210089
47 174 628970.913750605
47 173 589081.385275194
47 172 619023.800714773
47 171 617858.95020027
47 170 675073.652852238
47 169 630989.516708045
47 168 628977.649358949
47 167 607694.591182288
47 166 646681.423173444
47 165 642190.98538814
47 164 630332.95060299
47 163 623246.323158073
47 162 630624.450734849
47 161 656118.798988999
47 160 623845.286885492
47 159 670010.753474794
47 158 641246.635634671
47 157 631345.209869719
47 156 610039.300775635
47 155 603463.546118886
47 154 597918.289820902
47 153 640334.804295679
47 152 618511.847582683
47 151 621164.988953631
47 150 645742.804927418
47 149 629179.703737785
47 148 625996.162454735
47 147 610998.456103842
47 146 621461.921087152
47 145 627585.672559231
47 144 621500.022961865
47 143 633017.669975155
47 142 655506.812377156
47 141 610414.526927035
47 140 613853.171900216
47 139 584144.593828814
47 138 583536.26800522
47 137 600543.758458505
47 136 623695.676907918
47 135 628234.110348636
47 134 599238.957925269
47 133 590518.562134962
47 132 637829.255935852
47 131 632554.535246192
47 130 633412.887245504
47 129 640696.586581301
47 128 618723.815884518
47 127 607199.371356523
47 126 648643.18319044
47 125 597200.022343723
47 124 611466.483866288
47 123 606768.10465585
47 122 620800.211709013
47 121 605141.295016112
47 120 627482.505306665
47 119 616187.298100076
47 118 582286.779880927
47 117 592796.915171775
47 116 633528.609269093
47 115 616774.306477079
47 114 579942.108699723
47 113 553413.972717073
47 112 593558.882402807
47 111 578897.771534037
47 110 575238.773452584
47 109 627601.47686451
47 108 626506.351180673
47 107 590807.275471786
47 106 563177.220962506
47 105 629795.192707964
47 104 594990.613906653
47 103 599613.489655156
47 102 545655.193002335
47 101 569162.650546635
47 100 597117.791498797
47 99 632123.304341407
47 98 559524.620063389
47 97 594458.089057241
47 96 584423.832767008
47 95 559668.361202502
47 94 568229.671338791
47 93 566679.393023703
47 92 561425.752162347
47 91 545600.774406194
47 90 532769.120682816
47 89 567838.535358671
47 88 557782.36307081
47 87 560976.142595133
47 86 568893.208695653
47 85 546891.427002021
47 84 551786.222993523
47 83 584025.092180713
47 82 593002.238878794
47 81 584453.565520025
47 80 558384.723078502
47 79 548435.931126463
47 78 563736.069195531
47 77 544628.840722248
47 76 534444.552612431
47 75 571773.77816546
47 74 550220.231006194
47 73 571692.066637926
47 72 593158.633876201
47 71 570182.200800395
47 70 574032.693639576
47 69 537921.572387451
47 68 519279.857036377
47 67 558810.086787887
47 66 531666.319555142
47 65 534650.00240802
47 64 539201.846735652
47 63 540393.571181204
47 62 530341.823716827
47 61 526042.004215581
47 60 528358.327873495
47 59 517468.30056606
47 58 537315.618592745
47 57 531674.921812096
47 56 581377.610857923
47 55 538101.583572833
47 54 538562.469988674
47 53 588583.811540252
47 52 556445.180285744
47 51 538665.771506007
47 50 569461.297611052
47 49 530489.8513353
47 48 571695.547089721
47 47 563778.304577722
47 46 536976.283225082
47 45 573190.154100019
47 44 534309.902140297
47 43 538141.313956986
47 42 563680.314637281
47 41 554009.8939925
47 40 569924.635788899
47 39 582083.540685536
47 38 532514.88327915
47 37 577679.272335477
47 36 529041.084898066
47 35 571618.325337392
47 34 569747.938458964
47 33 547046.645635457
47 32 539323.896561034
47 31 526319.39156241
47 30 522325.196226079
47 29 509038.448154973
47 28 527183.266668296
47 27 523548.86841987
47 26 500825.57646807
47 25 531792.879810467
47 24 517915.26169612
47 23 519701.567329483
47 22 502767.63870538
47 21 521288.705995723
47 20 545559.856138157
47 19 600366.376303192
47 18 539490.130198227
47 17 606326.337312284
47 16 541544.191584063
47 15 633166.965010742
47 14 586922.66820348
47 13 604663.088159248
47 12 599997.506692016
47 11 628894.004547227
47 10 568479.661787276
47 9 586853.021111804
47 8 570085.607653679
47 7 589584.913110031
47 6 591002.195138901
47 5 639192.258750486
47 4 763987.13864328
47 3 847256.661739603
47 2 1013848.9484885
47 1 1236468.41216922
