51 191844 1571533.53029268
51 19185 1368650.71812918
51 1919 954382.603041958
51 200 631108.294370619
51 199 677134.327336457
51 198 621560.273529909
51 197 624503.591977009
51 196 641149.726396421
51 195 660501.034900321
51 194 667053.447828946
51 193 629800.366138059
51 192 648118.467422564
51 191 660977.923174617
51 190 655687.51408976
51 189 656936.931998044
51 188 652974.208104092
51 187 636316.08503061
51 186 639318.514012059
51 185 649526.403255302
51 184 632465.645425561
51 183 636090.447095831
51 182 591244.26367015
51 181 623767.295493061
51 180 607697.975610492
51 179 621354.271207714
51 178 631290.694501059
51 177 628449.163626404
51 176 620974.059855978
51 175 653261.505641218
51 174 625190.223685503
51 173 629031.713241538
51 172 632554.565606456
51 171 631099.416962366
51 170 629001.943164525
51 169 639217.497775818
51 168 652659.3320819
51 167 619291.855529418
51 166 631755.625177826
51 165 622247.628054267
51 164 656574.046525247
51 163 662822.37367213
51 162 632221.766180498
51 161 571706.218529852
51 160 613300.349515914
51 159 617244.525736393
51 158 607120.598566609
51 157 601112.387441278
51 156 630433.109411248
51 155 615700.597901561
51 154 566407.269781204
51 153 590025.862088096
51 152 607120.004519221
51 151 580222.4787509
51 150 616157.298325172
51 149 581130.867052065
51 148 575419.08651359
51 147 596876.983765611
51 146 612401.34305372
51 145 587352.402391118
51 144 614692.244644377
51 143 588718.360977996
51 142 587267.918734076
51 141 615175.611468242
51 140 569231.613227435
51 139 577645.392528843
51 138 561396.260153932
51 137 594446.222766674
51 136 608222.272834818
51 135 557985.286281495
51 134 584976.488645153
51 133 564446.393483386
51 132 585826.311137222
51 131 598042.066083974
51 130 587690.797527305
51 129 558074.684762422
51 128 557150.772229576
51 127 602197.338670819
51 126 603838.665219071
51 125 564663.991765529
51 124 575339.196358866
51 123 535542.722831338
51 122 569501.086546679
51 121 581057.506766608
51 120 548990.038455563
51 119 590610.214065427
51 118 542644.382199945
51 117 543432.909756536
51 116 535001.29121673
51 115 570820.124122557
51 114 591009.368415996
51 113 560041.583357035
51 112 538343.710952271
51 111 602157.01091509
51 110 546757.624243787
51 109 529395.351683683
51 108 567613.032062417
51 107 564725.065092705
51 106 578020.840962403
51 105 547232.613891435
51 104 593348.738864452
51 103 564065.103349593
51 102 588894.389039681
51 101 559451.642981764
51 100 528216.458821228
51 99 573386.553697174
51 98 549097.060601287
51 97 527599.38332757
51 96 511794.173079474
51 95 540859.42939528
51 94 513631.008370938
51 93 517700.076829268
51 92 538219.454568213
51 91 560835.923738083
51 90 540160.28740245
51 89 520624.79467168
51 88 546059.00743359
51 87 570741.356917901
51 86 526086.800089177
51 85 523175.793067973
51 84 529954.791592012
51 83 528491.020680935
51 82 538069.080051128
51 81 538241.603529203
51 80 525871.958230546
51 79 540323.394440151
51 78 530920.622642179
51 77 517300.298414713
51 76 529519.073742497
51 75 520490.82433719
51 74 512028.304344221
51 73 549829.176523654
51 72 511020.433684475
51 71 542487.495306803
51 70 556956.440084139
51 69 522116.6177968
51 68 489055.947147121
51 67 560018.415921825
51 66 521381.909577634
51 65 500656.042238635
51 64 520755.311627969
51 63 527484.073936809
51 62 530369.063630528
51 61 529028.556744603
51 60 495774.446948794
51 59 549431.556501547
51 58 503891.153467539
51 57 490372.700259264
51 56 516227.899687254
51 55 498241.494692257
51 54 481395.799017039
51 53 500300.231809755
51 52 582508.105089536
51 51 573895.10835981
51 50 491740.668642221
51 49 487834.748360771
51 48 502747.504071471
51 47 514973.312755604
51 46 488883.810693737
51 45 511439.736959198
51 44 526535.68339286
51 43 483950.261062122
51 42 480785.31810134
51 41 520137.128071021
51 40 515214.561549914
51 39 486933.510530035
51 38 490862.882754178
51 37 473296.507713182
51 36 458068.738256616
51 35 499548.041084176
51 34 462902.598553312
51 33 465637.726058597
51 32 475935.716938948
51 31 474990.724206967
51 30 476603.115167604
51 29 508253.241014187
51 28 528620.464435162
51 27 490307.458329068
51 26 476785.766691377
51 25 513903.154333006
51 24 511723.104441421
51 23 501792.698076692
51 22 519233.711086201
51 21 507549.531881459
51 20 488859.252194221
51 19 504939.430762067
51 18 479228.493828301
51 17 511711.415263322
51 16 538100.326724341
51 15 547049.73361658
51 14 501297.894191694
51 13 516868.872050664
51 12 530479.948752471
51 11 510310.669776198
51 10 627932.490705046
51 9 519042.826849184
51 8 494955.487519276
51 7 454885.593411521
51 6 682837.98756216
51 5 667002.512043969
51 4 689362.546264479
51 3 842692.174881708
51 2 1231735.58897681
51 1 1251139.4588772
