21 191844 1662825.38890126
21 19185 1348569.12036264
21 1919 980371.857505369
21 200 732068.115681459
21 199 716190.50912054
21 198 720632.728215054
21 197 742623.802391295
21 196 692429.69009343
21 195 666838.977463524
21 194 690957.581113152
21 193 710317.214301266
21 192 704528.503812086
21 191 687112.13237652
21 190 686354.571916573
21 189 671754.840792258
21 188 699433.369655252
21 187 723844.214031573
21 186 714884.100388711
21 185 679542.664704344
21 184 720199.790138203
21 183 686963.883576066
21 182 683102.004926514
21 181 643038.809085959
21 180 689005.137955651
21 179 698265.487564762
21 178 669768.066729114
21 177 699065.397138558
21 176 698463.70218368
21 175 686660.372296775
21 174 703665.525803016
21 173 655545.875960483
21 172 644423.775535299
21 171 704722.421451302
21 170 687992.37619632
21 169 664038.82660693
21 168 673256.55924086
21 167 649965.727348128
21 166 664561.007233316
21 165 652941.846030488
21 164 676780.162263727
21 163 647486.026540061
21 162 669604.619698827
21 161 673463.988184723
21 160 669540.995361017
21 159 672353.540115834
21 158 651819.09318447
21 157 688445.681073206
21 156 714561.762260438
21 155 642018.62234038
21 154 655157.172637248
21 153 644917.535208286
21 152 675583.253948124
21 151 656770.610934413
21 150 675859.535824052
21 149 657689.22525331
21 148 648951.67575148
21 147 647076.682124115
21 146 651266.4996676
21 145 639845.581323357
21 144 628338.600729448
21 143 700529.354645043
21 142 659219.772983743
21 141 620801.079388198
21 140 633235.501983508
21 139 621687.063470199
21 138 637621.624316834
21 137 594496.77096198
21 136 628491.418690555
21 135 631489.780985285
21 134 599597.752200242
21 133 619445.706315937
21 132 650149.631623879
21 131 636148.443311264
21 130 663788.605759986
21 129 659002.430599463
21 128 617433.104023838
21 127 646171.254234357
21 126 636577.965332113
21 125 719807.511435679
21 124 640229.985512275
21 123 668659.812617812
21 122 685756.762822347
21 121 615418.643034929
21 120 626037.111973689
21 119 651397.949608638
21 118 663338.769500531
21 117 640132.910378792
21 116 626701.155040186
21 115 647357.879879968
21 114 640601.654399857
21 113 628619.398808903
21 112 584560.565515219
21 111 619800.328171135
21 110 602700.965178152
21 109 623764.68825372
21 108 598016.840844879
21 107 618047.813460014
21 106 624790.846057671
21 105 581896.619211052
21 104 642318.952391336
21 103 597745.406030655
21 102 583372.582120217
21 101 570977.44081763
21 100 572491.202446359
21 99 595618.551683494
21 98 653953.916951048
21 97 616836.25833706
21 96 625849.856361737
21 95 616437.70220949
21 94 607067.786706195
21 93 622057.381132567
21 92 607007.448508573
21 91 603193.558822406
21 90 588986.708345024
21 89 586016.546181082
21 88 606440.648055215
21 87 699573.255793947
21 86 569790.522155699
21 85 580510.793764535
21 84 588428.590210262
21 83 607845.46292437
21 82 612463.733712369
21 81 565455.179286518
21 80 590828.971610466
21 79 572027.641441979
21 78 580796.189117108
21 77 574624.025755268
21 76 570318.440277104
21 75 557505.595850733
21 74 581610.504481138
21 73 532491.191766913
21 72 554051.869749233
21 71 572350.897808057
21 70 557613.784341562
21 69 556692.682327129
21 68 542478.492721705
21 67 597584.242390535
21 66 584765.073769021
21 65 542406.468454762
21 64 578976.756048879
21 63 565426.258357723
21 62 542600.222799005
21 61 570819.530010521
21 60 587287.679761448
21 59 546922.468846442
21 58 571578.995168493
21 57 590808.360746561
21 56 547843.708164977
21 55 571927.475851906
21 54 584330.393584665
21 53 582085.337640374
21 52 544774.328165765
21 51 531679.373974456
21 50 553643.665748156
21 49 544664.02723348
21 48 537030.246357665
21 47 579759.010641345
21 46 563242.385322468
21 45 538078.716708012
21 44 567746.083343292
21 43 515699.17708935
21 42 554347.923994379
21 41 525713.209488427
21 40 522114.729234777
21 39 529054.071152838
21 38 507870.674006862
21 37 556934.95509317
21 36 488213.319079328
21 35 512306.862031853
21 34 505545.177759313
21 33 549892.146072508
21 32 495190.629763202
21 31 538279.658523098
21 30 515221.327661378
21 29 514353.571976051
21 28 504151.766265842
21 27 504385.726272116
21 26 521570.02279557
21 25 518138.69903832
21 24 539511.159733862
21 23 508524.354099294
21 22 477907.854594916
21 21 486023.048468252
21 20 515353.200630423
21 19 471293.92033115
21 18 527684.220490024
21 17 477303.217189234
21 16 481858.637523644
21 15 505192.851443408
21 14 530489.581341767
21 13 501892.918312304
21 12 477013.550525515
21 11 504950.522128474
21 10 481860.916871988
21 9 447713.081231379
21 8 477109.64143499
21 7 505216.679372655
21 6 631547.80679416
21 5 624424.064918788
21 4 860027.028357674
21 3 788702.998013614
21 2 1192588.24238891
21 1 1342086.77248474
