1 191844 1714132.24024267
1 19185 1200516.29551274
1 1919 908148.469356544
1 200 671041.881865432
1 199 665164.553179371
1 198 625396.013627433
1 197 657947.63315146
1 196 673079.532485457
1 195 687247.38282718
1 194 680884.72877556
1 193 646748.033362124
1 192 646737.559023786
1 191 654074.309943082
1 190 642078.398369079
1 189 651193.61901639
1 188 687690.689815989
1 187 702757.173719852
1 186 670553.280155174
1 185 635932.066193013
1 184 649272.283774744
1 183 631511.595903223
1 182 654426.685784817
1 181 663440.642395436
1 180 627669.268131815
1 179 638435.489401309
1 178 625800.644692884
1 177 645009.275757364
1 176 651178.074373229
1 175 618525.814275622
1 174 621791.845642111
1 173 648141.116011518
1 172 698741.939183837
1 171 615512.677480361
1 170 629452.21844674
1 169 667212.170806337
1 168 650595.969677738
1 167 635905.025329569
1 166 634930.983461101
1 165 618471.565321357
1 164 629031.409655777
1 163 620286.243672535
1 162 602356.729666464
1 161 629282.816554161
1 160 626867.529927332
1 159 666486.32020576
1 158 626226.343914184
1 157 583613.643198673
1 156 603559.17518786
1 155 638901.503941998
1 154 641475.5463746
1 153 595360.230822178
1 152 594493.536425625
1 151 594510.631232188
1 150 616744.380178189
1 149 633444.669169609
1 148 605798.437351224
1 147 564492.932116551
1 146 628219.054923435
1 145 598919.010951356
1 144 599673.81273286
1 143 629634.382175488
1 142 603229.581641571
1 141 616320.812587353
1 140 627736.948657134
1 139 612821.922291985
1 138 609848.672287914
1 137 605717.763675573
1 136 627999.968001008
1 135 598703.643303371
1 134 654715.845692401
1 133 597724.422247233
1 132 619009.875702281
1 131 612049.416130909
1 130 605736.299186754
1 129 605144.166694597
1 128 599877.495931863
1 127 567917.977190621
1 126 633476.14339566
1 125 592824.387580046
1 124 579014.605888512
1 123 633222.148462705
1 122 603327.059517982
1 121 618136.374124524
1 120 571868.063439509
1 119 600449.23111703
1 118 598560.160948943
1 117 619124.196813588
1 116 611509.617333617
1 115 567490.622914119
1 114 576354.218466019
1 113 611918.26993519
1 112 600306.446627306
1 111 617525.444409278
1 110 601059.330863894
1 109 601770.359247241
1 108 593912.952754657
1 107 610524.717531139
1 106 580272.712883551
1 105 568525.699645218
1 104 579089.324955259
1 103 592854.285802325
1 102 595911.678439719
1 101 540767.874228784
1 100 552314.309000711
1 99 543891.806779873
1 98 576541.149530677
1 97 595976.655096924
1 96 587206.964962199
1 95 624669.52820437
1 94 565446.142131235
1 93 553977.988899638
1 92 579041.284498713
1 91 550064.061376451
1 90 534295.371020238
1 89 557803.725903442
1 88 537711.368422415
1 87 542039.567585651
1 86 529433.741808292
1 85 544084.838048066
1 84 554013.569421471
1 83 527394.833983686
1 82 542138.817841768
1 81 515079.466001807
1 80 529387.868687212
1 79 544474.897050757
1 78 550359.426291674
1 77 545494.155413087
1 76 504919.377391824
1 75 532515.210773841
1 74 580650.980904158
1 73 592077.828987677
1 72 535509.027811024
1 71 547921.832815209
1 70 552523.195377375
1 69 521792.288223639
1 68 524493.193554836
1 67 526414.297228597
1 66 537236.09676007
1 65 567533.32001298
1 64 511248.417374473
1 63 524215.302054447
1 62 541777.036108921
1 61 556768.877848901
1 60 529371.4478273
1 59 530674.963707542
1 58 557936.06917755
1 57 547226.56815631
1 56 536376.570808419
1 55 540293.376429886
1 54 582131.401937869
1 53 521651.228969006
1 52 535515.481313324
1 51 543989.255624748
1 50 545732.74132374
1 49 547867.386969371
1 48 516992.303492894
1 47 532545.500728179
1 46 563591.69425001
1 45 559498.217331153
1 44 492255.488153984
1 43 497390.952788266
1 42 565673.905529307
1 41 518676.052239903
1 40 561009.682936211
1 39 544500.670378929
1 38 545587.5592204
1 37 507719.292570889
1 36 551432.995283519
1 35 538263.974075198
1 34 522510.210047628
1 33 537219.90985603
1 32 502984.817191536
1 31 505644.787208022
1 30 522181.688282162
1 29 488414.022908287
1 28 476607.776958651
1 27 483705.249010076
1 26 504489.588197962
1 25 494359.746557964
1 24 473200.869395692
1 23 499170.750144626
1 22 501536.68104305
1 21 477213.263187513
1 20 496760.231510982
1 19 474432.727667603
1 18 481417.398957306
1 17 534672.854968656
1 16 508125.536341435
1 15 463934.718742492
1 14 505104.077873648
1 13 529566.870365138
1 12 495514.13625169
1 11 500390.102724903
1 10 517393.248866997
1 9 520080.846096321
1 8 569475.01167811
1 7 524429.997416498
1 6 591412.833138524
1 5 590089.094419046
1 4 685767.828722677
1 3 856290.040739318
1 2 1077876.04892417
1 1 1221436.32210673
