62 191844 1777869.09005863
62 19185 1317782.49740032
62 1919 982548.023001051
62 200 706036.729458289
62 199 675197.21597861
62 198 708897.186880258
62 197 697691.801142218
62 196 698630.252643135
62 195 703180.830389422
62 194 678474.195409616
62 193 699831.413965816
62 192 679873.583353388
62 191 651722.471297507
62 190 690638.73966742
62 189 682656.964601673
62 188 712138.778174272
62 187 705173.855960453
62 186 794382.810985869
62 185 710159.99514598
62 184 665360.752446777
62 183 684571.911199621
62 182 679008.278173542
62 181 729120.903790992
62 180 721681.838644346
62 179 671030.973199997
62 178 703632.521019681
62 177 674741.333219197
62 176 668907.416806453
62 175 710389.234903933
62 174 673846.844995847
62 173 674655.826608774
62 172 734521.03258644
62 171 685283.525986422
62 170 741492.131176473
62 169 688798.299985569
62 168 662477.538414359
62 167 660392.644190704
62 166 671090.804986494
62 165 722126.153989591
62 164 659428.516566656
62 163 674198.539404959
62 162 670546.16250125
62 161 645063.367586542
62 160 639228.097520597
62 159 685310.724467598
62 158 722580.157786898
62 157 664267.401512105
62 156 661823.965003959
62 155 680854.964215619
62 154 650519.640800566
62 153 654765.593342907
62 152 645359.985429005
62 151 687825.405725402
62 150 673555.043077281
62 149 648793.909388916
62 148 670572.840342334
62 147 696843.907104047
62 146 662821.776854025
62 145 677028.57344829
62 144 655492.302019929
62 143 628850.961405911
62 142 630828.514311187
62 141 688135.270784901
62 140 658915.302985203
62 139 625907.743557402
62 138 654961.656337301
62 137 633888.002737896
62 136 624368.683742412
62 135 599922.745240024
62 134 670063.571532275
62 133 637908.622391802
62 132 659686.496852965
62 131 638525.759951261
62 130 641284.228891672
62 129 652920.558997841
62 128 637219.52732183
62 127 632884.166707542
62 126 641774.636580902
62 125 632516.872278779
62 124 646642.311294124
62 123 632290.79647654
62 122 611210.330166194
62 121 652544.872014336
62 120 611422.95639645
62 119 599843.35692253
62 118 630983.959704064
62 117 622495.987365428
62 116 615643.206809289
62 115 628461.960646561
62 114 616903.041142568
62 113 603151.768692133
62 112 618999.296946245
62 111 628297.442608153
62 110 611821.283599735
62 109 603829.012319517
62 108 583982.537282127
62 107 612281.30008606
62 106 621393.566853103
62 105 583022.662841843
62 104 614604.184304202
62 103 607032.132360474
62 102 617480.042840061
62 101 580956.78533578
62 100 597043.217069608
62 99 616413.93047395
62 98 597826.873594095
62 97 631803.706165895
62 96 615258.019715691
62 95 597459.641558728
62 94 576898.968200328
62 93 620270.576429178
62 92 599517.493965223
62 91 601985.547510164
62 90 599938.23580944
62 89 668073.119087752
62 88 574233.896349899
62 87 596937.742455296
62 86 563669.184524834
62 85 655700.70556347
62 84 589925.621727875
62 83 612586.441615706
62 82 621021.70914478
62 81 668775.359221206
62 80 585190.527771868
62 79 567352.025914766
62 78 583782.059325529
62 77 557504.767434398
62 76 559105.027326975
62 75 571214.612213081
62 74 572014.897570024
62 73 618899.82978903
62 72 629469.730026765
62 71 579212.598195766
62 70 576166.344801878
62 69 594996.546236495
62 68 569053.25307485
62 67 584120.899313837
62 66 615567.964274229
62 65 563014.000730706
62 64 569691.04442708
62 63 541560.971067324
62 62 569943.423053263
62 61 579397.895756935
62 60 544071.311916383
62 59 618196.49582545
62 58 568841.27460375
62 57 595339.083808316
62 56 585850.821188412
62 55 542118.770415274
62 54 534151.423800174
62 53 533457.521705394
62 52 534696.775129719
62 51 605749.836673357
62 50 590481.029885472
62 49 553375.684490781
62 48 543131.536501768
62 47 549501.749226733
62 46 541288.764192994
62 45 541974.603684285
62 44 582143.501569237
62 43 568782.579843091
62 42 540115.75904165
62 41 570309.18387548
62 40 532709.72697389
62 39 550702.943544258
62 38 514739.742485808
62 37 517490.290653236
62 36 548782.01347325
62 35 613628.411366013
62 34 555559.889469678
62 33 546537.456246946
62 32 513282.180232402
62 31 533183.235562382
62 30 528983.606095983
62 29 531899.396294525
62 28 530379.41494814
62 27 535032.382414549
62 26 531071.29589578
62 25 565846.512069132
62 24 521400.530763429
62 23 596301.96598822
62 22 535967.689650747
62 21 529264.576523754
62 20 523416.76650408
62 19 569689.885621667
62 18 627927.738958632
62 17 530663.771724262
62 16 624439.876039264
62 15 519424.09325593
62 14 547359.290976248
62 13 539239.906553566
62 12 507252.508847159
62 11 579257.526973378
62 10 554041.684618789
62 9 532899.227770164
62 8 612032.844576893
62 7 613291.70209339
62 6 558559.920097588
62 5 684761.751775585
62 4 767927.244037178
62 3 936278.207660872
62 2 992555.597240206
62 1 1325053.4953687
