26 191844 1620449.19461217
26 19185 1329961.22116054
26 1919 986737.540178642
26 200 679882.87769537
26 199 714611.547224904
26 198 669312.877327831
26 197 670765.575009106
26 196 767713.916117389
26 195 671125.927585247
26 194 740684.316822747
26 193 724686.989192575
26 192 688963.990996861
26 191 716773.176802837
26 190 697521.441762065
26 189 689371.213912881
26 188 680725.16401198
26 187 691444.890880318
26 186 690683.950800442
26 185 666096.846291604
26 184 676963.373134849
26 183 654964.103950865
26 182 668593.314454101
26 181 691276.938236118
26 180 680342.887891874
26 179 672469.842467332
26 178 686230.352481995
26 177 649513.344570872
26 176 656842.798062463
26 175 699456.064123112
26 174 651529.274537631
26 173 730165.011346486
26 172 672283.639688917
26 171 661691.934094029
26 170 649585.655120494
26 169 682366.89271748
26 168 703292.983191036
26 167 668989.450747688
26 166 705502.857763347
26 165 650941.228575866
26 164 645795.799184863
26 163 639884.312912289
26 162 696014.178138414
26 161 652827.935394333
26 160 639672.215875572
26 159 634173.746751607
26 158 655304.61735481
26 157 653034.035094274
26 156 639658.769313056
26 155 644283.198398535
26 154 651063.261029845
26 153 643581.822381275
26 152 642438.136559414
26 151 637311.542963858
26 150 629257.26038518
26 149 652232.836299724
26 148 647608.262022826
26 147 630287.477594781
26 146 634610.283131338
26 145 678091.619193123
26 144 650046.047915485
26 143 657820.911188664
26 142 644675.2737055
26 141 627588.249155115
26 140 632790.815746287
26 139 627946.692749331
26 138 651748.95805118
26 137 603966.040222384
26 136 635011.861336235
26 135 618358.380257181
26 134 632011.343195059
26 133 609257.198445477
26 132 668239.150001555
26 131 647594.153303699
26 130 623310.735086266
26 129 618297.501727973
26 128 637994.008916191
26 127 613987.515164866
26 126 610598.457907285
26 125 628174.041481425
26 124 619847.406921857
26 123 601307.282641987
26 122 616378.636677055
26 121 615500.240962701
26 120 668981.299559099
26 119 624620.299419129
26 118 600931.313276816
26 117 650787.286117774
26 116 648113.483839027
26 115 627536.489089208
26 114 599187.091704542
26 113 602979.485928945
26 112 592553.2744478
26 111 621585.492008743
26 110 595445.621718046
26 109 589911.303839391
26 108 608302.334222701
26 107 591550.97667646
26 106 617938.615459741
26 105 612830.540585811
26 104 619308.571100833
26 103 573770.657410826
26 102 627679.612829344
26 101 604607.895754285
26 100 618713.655347793
26 99 606459.08473281
26 98 572307.510962277
26 97 621799.991870143
26 96 642842.800326428
26 95 587204.527982801
26 94 586871.715108534
26 93 602669.517589221
26 92 570614.681709191
26 91 571008.478141578
26 90 624738.587151101
26 89 577877.851358645
26 88 578347.653194138
26 87 572465.067037443
26 86 570953.739910812
26 85 575684.148318678
26 84 585563.743507703
26 83 589533.313019878
26 82 627093.583235012
26 81 580370.898732256
26 80 586145.229764878
26 79 590004.361196985
26 78 561448.794258309
26 77 581061.339634708
26 76 607896.306928049
26 75 594160.133779089
26 74 592796.351649443
26 73 561956.517369711
26 72 566374.91755318
26 71 588594.770159892
26 70 581688.683727981
26 69 612972.336400306
26 68 602015.679672112
26 67 575370.27275122
26 66 568885.507946711
26 65 544881.432267348
26 64 558337.725591883
26 63 598693.547443214
26 62 558254.737752033
26 61 556416.607553615
26 60 552258.745429092
26 59 590560.091603932
26 58 548805.560077926
26 57 555631.403983621
26 56 528412.373991054
26 55 593214.861274934
26 54 571828.838677657
26 53 580292.789671555
26 52 509534.171779719
26 51 569236.550698001
26 50 527837.860407678
26 49 536183.560794408
26 48 562788.118361009
26 47 521621.669223571
26 46 499418.26947379
26 45 533116.760350738
26 44 507934.223789121
26 43 568585.710502065
26 42 499277.878322868
26 41 519399.671899349
26 40 475379.791515655
26 39 512008.270028177
26 38 502794.368984413
26 37 508341.477482471
26 36 498097.130702722
26 35 518368.503258697
26 34 513487.057171052
26 33 521598.115137406
26 32 525641.96069847
26 31 555981.181166552
26 30 587519.844636792
26 29 546671.169059762
26 28 575532.004202567
26 27 552313.955127836
26 26 545175.77881571
26 25 577872.19906304
26 24 541230.551178489
26 23 562295.099748073
26 22 551948.011619455
26 21 569139.477541971
26 20 558312.889040632
26 19 540218.658690288
26 18 584685.025933418
26 17 560787.481815365
26 16 539327.014183985
26 15 530929.397553636
26 14 519816.808401341
26 13 530552.615084134
26 12 509713.521834337
26 11 574061.892485244
26 10 565486.328461478
26 9 579365.397554377
26 8 614350.201933153
26 7 631221.914960016
26 6 609662.838739392
26 5 779389.783514006
26 4 827803.167332405
26 3 975432.146122252
26 2 1122600.83182283
26 1 1190854.24084717
