67 191844 1530244.28050669
67 19185 1288579.71704903
67 1919 999919.32217849
67 200 666241.125083934
67 199 665720.298136066
67 198 678322.94560666
67 197 667464.13663704
67 196 676530.924402737
67 195 654427.367714308
67 194 637399.42567361
67 193 701213.28227752
67 192 645167.925565468
67 191 697998.10515116
67 190 646948.110798405
67 189 633518.956643413
67 188 684272.92162274
67 187 652344.606543999
67 186 651025.063745082
67 185 666376.896829424
67 184 677644.445349596
67 183 628404.717696125
67 182 670683.036943404
67 181 656325.014726252
67 180 664650.686311877
67 179 659173.24243223
67 178 611934.679060934
67 177 640404.608215049
67 176 703144.9825216
67 175 662249.506140554
67 174 640792.529964544
67 173 641989.653370949
67 172 642768.974534652
67 171 651566.10556981
67 170 614248.837744614
67 169 656009.563249475
67 168 621610.381856653
67 167 657162.105710569
67 166 708441.893046775
67 165 628514.10170244
67 164 635463.610607525
67 163 648137.630269515
67 162 617275.837043678
67 161 649450.911252795
67 160 633969.413915422
67 159 633723.285288257
67 158 654073.543548002
67 157 615154.098237059
67 156 742490.942140844
67 155 621421.544236871
67 154 627860.185984621
67 153 651620.192004827
67 152 603910.43370033
67 151 627835.804671956
67 150 618918.208861028
67 149 603266.150255252
67 148 607452.645572138
67 147 628261.033400427
67 146 608859.066429534
67 145 628868.86371661
67 144 627648.706067925
67 143 609396.869546352
67 142 641151.622907064
67 141 610098.716390918
67 140 645150.676188807
67 139 634478.791853603
67 138 629313.136741084
67 137 616006.492257245
67 136 625560.856261723
67 135 592501.72548928
67 134 597281.421694311
67 133 596614.613379067
67 132 599665.117816652
67 131 588159.644363589
67 130 616403.077077163
67 129 611465.464741243
67 128 606792.83312409
67 127 578983.6215273
67 126 598183.173332934
67 125 579212.662320268
67 124 595868.767561572
67 123 602241.112735666
67 122 592593.845094456
67 121 597476.853822506
67 120 633140.745921547
67 119 604777.027114056
67 118 614937.001720192
67 117 576157.950561664
67 116 617041.025751473
67 115 597227.566087671
67 114 571879.613032846
67 113 599896.992905721
67 112 577486.982047241
67 111 592873.040642822
67 110 587241.346677305
67 109 585020.973196118
67 108 603179.749860238
67 107 558482.435595504
67 106 579572.814842768
67 105 586737.995793468
67 104 587103.429869063
67 103 600030.396080675
67 102 593626.514484058
67 101 582288.387497015
67 100 547072.255026125
67 99 590967.985025167
67 98 547362.618029172
67 97 600252.740021093
67 96 569659.510614305
67 95 560096.208108814
67 94 565223.714908812
67 93 581386.428263292
67 92 553900.467011489
67 91 600992.191549981
67 90 592924.601883555
67 89 538420.665637427
67 88 548886.799908581
67 87 566922.649165808
67 86 564153.521136791
67 85 551755.919650446
67 84 612872.842796901
67 83 645963.274113696
67 82 546968.682760152
67 81 552715.300735098
67 80 565922.876772713
67 79 552633.521794663
67 78 549297.696275999
67 77 593776.339564864
67 76 529823.01613821
67 75 604686.851038604
67 74 536619.011325623
67 73 536156.726677116
67 72 532124.52204943
67 71 563135.29312945
67 70 529616.388779553
67 69 564440.470824403
67 68 582605.761179442
67 67 532210.05916525
67 66 582849.90989429
67 65 570620.182630722
67 64 539138.208719854
67 63 585117.824274945
67 62 536145.733143801
67 61 537632.944291588
67 60 638770.70331105
67 59 569980.632292417
67 58 516991.735130562
67 57 565851.295626992
67 56 584993.824768997
67 55 544568.07007171
67 54 532686.722940172
67 53 550227.076663782
67 52 531562.233477579
67 51 550529.661829211
67 50 551020.526290385
67 49 561069.151646808
67 48 542447.065682273
67 47 540477.667021768
67 46 561940.984917265
67 45 507984.31884077
67 44 505186.087037043
67 43 546560.141328966
67 42 532526.579686942
67 41 519251.172571178
67 40 563056.556390879
67 39 531571.040291956
67 38 552135.623041297
67 37 589758.689793787
67 36 581800.059876409
67 35 614394.146267629
67 34 593622.650889326
67 33 591212.352866694
67 32 578789.636725506
67 31 546613.338090001
67 30 541077.823131555
67 29 597028.813608825
67 28 525612.531317174
67 27 560897.908264886
67 26 543210.440266711
67 25 601941.032666986
67 24 584785.272746773
67 23 553417.205156233
67 22 552667.670171564
67 21 521754.169646097
67 20 548592.234777969
67 19 576088.551729308
67 18 513092.21847266
67 17 567149.160133064
67 16 533013.433274353
67 15 536522.646777135
67 14 502322.230166505
67 13 565301.891352507
67 12 624265.981325381
67 11 632281.905248386
67 10 582188.08665425
67 9 608639.320319313
67 8 682821.791456482
67 7 718466.709287444
67 6 706192.226707052
67 5 793061.728485292
67 4 886495.66140584
67 3 1003966.34824071
67 2 1100133.11893914
67 1 1254570.08655381
