76 191844 1582832.96013348
76 19185 1297768.04741443
76 1919 973836.001104126
76 200 693969.574755684
76 199 699236.749211007
76 198 699201.049159986
76 197 729491.671326856
76 196 704174.180678598
76 195 668399.608167198
76 194 676230.363385549
76 193 704878.101486107
76 192 662210.039282398
76 191 736658.711955486
76 190 695957.275621301
76 189 660666.990204657
76 188 669855.846053843
76 187 673287.442359831
76 186 677655.610224192
76 185 661833.221178829
76 184 709887.273775609
76 183 679442.616260704
76 182 672321.637376299
76 181 674256.878514236
76 180 669713.060531036
76 179 684067.360634209
76 178 668525.542699608
76 177 716044.855829357
76 176 697440.027002378
76 175 677841.357785029
76 174 654869.931607243
76 173 692057.287001629
76 172 660380.961136746
76 171 637322.207823162
76 170 659606.346488833
76 169 671627.750457814
76 168 665525.305247435
76 167 639777.142523276
76 166 662969.15775361
76 165 660467.138289278
76 164 641666.223102063
76 163 662040.040661483
76 162 647021.244254745
76 161 685632.746330615
76 160 633871.876796027
76 159 666416.771111874
76 158 675491.173395179
76 157 610887.577472169
76 156 663458.996252094
76 155 679423.883585512
76 154 638195.263327655
76 153 648269.663373839
76 152 640028.763652607
76 151 692601.007561142
76 150 631607.169175734
76 149 626901.608612315
76 148 679797.837367235
76 147 625452.244880633
76 146 667566.279041205
76 145 617490.340788536
76 144 645514.591618322
76 143 636320.331772043
76 142 644360.70349645
76 141 644561.299583922
76 140 616724.504212746
76 139 629401.593558657
76 138 628134.811161826
76 137 629490.741318459
76 136 603521.376279422
76 135 627770.093713145
76 134 670098.224259565
76 133 617164.900433669
76 132 592321.587167666
76 131 635019.393670246
76 130 595249.725522356
76 129 666620.066235046
76 128 604717.083720373
76 127 594383.784024001
76 126 599543.848786932
76 125 603961.036484701
76 124 618256.506210575
76 123 596029.210583292
76 122 639563.886569782
76 121 606061.136758877
76 120 621221.118424277
76 119 653781.938300622
76 118 600934.795607903
76 117 585812.916773642
76 116 602734.901441694
76 115 641503.560148977
76 114 605617.524909902
76 113 628449.01071323
76 112 598181.320418466
76 111 607462.012214482
76 110 601203.618292338
76 109 624934.086954986
76 108 607988.724865308
76 107 590291.21519635
76 106 591456.27343189
76 105 661478.473256909
76 104 578654.761229324
76 103 618980.150171864
76 102 601365.573973894
76 101 632586.024021162
76 100 562699.426575287
76 99 553766.198568999
76 98 618953.434485853
76 97 558754.977249168
76 96 575838.843440494
76 95 603456.979726814
76 94 624272.950237227
76 93 596473.136615648
76 92 601669.30627561
76 91 632601.287982766
76 90 595501.568513019
76 89 579260.461779262
76 88 592458.474039561
76 87 645086.892669874
76 86 549201.908333747
76 85 573985.111559486
76 84 574852.57569456
76 83 532504.485812584
76 82 563398.431867162
76 81 553523.517409677
76 80 579038.153716539
76 79 564203.590637163
76 78 531951.452994341
76 77 557411.096522184
76 76 568291.469398681
76 75 573391.077679598
76 74 537630.568378669
76 73 580359.858868478
76 72 563544.508905778
76 71 538494.2836175
76 70 572744.345286991
76 69 533484.17789938
76 68 581603.086513235
76 67 583596.566971019
76 66 567144.364939751
76 65 524375.719649578
76 64 559342.972790249
76 63 596336.655943697
76 62 562545.17512984
76 61 552709.170924186
76 60 543950.051538172
76 59 514996.175232376
76 58 559409.650622006
76 57 541758.22899091
76 56 532725.180600132
76 55 518862.326365912
76 54 532129.590170024
76 53 564748.141131316
76 52 560174.341329749
76 51 515179.593267524
76 50 535565.69827213
76 49 496740.828104304
76 48 527037.588171604
76 47 524502.94146765
76 46 530007.492243273
76 45 522851.26175628
76 44 530080.743669656
76 43 537959.351412434
76 42 549129.58997199
76 41 550699.190202383
76 40 583405.974883914
76 39 554803.705066313
76 38 572690.303212802
76 37 522475.457633998
76 36 583265.846194112
76 35 574073.323289552
76 34 545661.599609431
76 33 540853.256851312
76 32 491004.849106789
76 31 490539.481904102
76 30 535768.430417903
76 29 482593.019614256
76 28 517344.909043316
76 27 532525.182130032
76 26 511286.426431357
76 25 526503.76272902
76 24 510285.832033484
76 23 513973.989292301
76 22 481653.403650755
76 21 490659.861249398
76 20 495651.038760768
76 19 528168.907169603
76 18 534299.194300126
76 17 520685.090067521
76 16 516543.425573268
76 15 567349.211084612
76 14 589219.929734278
76 13 596549.351714572
76 12 563767.065002464
76 11 574810.742198615
76 10 601048.957133182
76 9 626564.215009536
76 8 639661.521045991
76 7 612633.158688689
76 6 705180.982407014
76 5 687187.773265253
76 4 816315.278485211
76 3 921511.594756217
76 2 1069670.89240779
76 1 1263231.19065868
