8 191844 1535212.16948257
8 19185 1303261.24030762
8 1919 981659.217383704
8 200 772557.470021365
8 199 764008.682364252
8 198 773342.635379007
8 197 735125.628126875
8 196 753073.403033789
8 195 714731.470921907
8 194 721526.868073256
8 193 725986.116878654
8 192 723440.181857927
8 191 741136.669909036
8 190 741980.580279051
8 189 697442.07843425
8 188 716549.442472273
8 187 779875.102264795
8 186 736100.413056109
8 185 761189.158721075
8 184 690338.077047798
8 183 728646.350739277
8 182 716470.775792756
8 181 708226.781922736
8 180 705276.99475183
8 179 706541.390358557
8 178 702485.505052388
8 177 735943.52444997
8 176 671484.123092889
8 175 726229.684946223
8 174 705878.058920012
8 173 734670.699838256
8 172 704345.588568323
8 171 705294.843565702
8 170 687996.807005421
8 169 747608.338724026
8 168 730280.031551308
8 167 651790.858771081
8 166 681230.008404166
8 165 702136.497207341
8 164 690213.124138171
8 163 714030.412490976
8 162 696805.075409596
8 161 702832.70933262
8 160 697000.265045797
8 159 704049.946680354
8 158 712898.717692812
8 157 786126.398747723
8 156 675468.004042228
8 155 714352.691055405
8 154 721946.128883629
8 153 673037.048100165
8 152 685916.258714465
8 151 739513.01046065
8 150 681290.787844584
8 149 720603.964077028
8 148 665942.775130915
8 147 711769.428923917
8 146 710933.550106312
8 145 683031.316811074
8 144 712520.530534276
8 143 718601.104995242
8 142 686899.506347007
8 141 668592.123863871
8 140 675764.329486727
8 139 691859.720573231
8 138 672253.042822617
8 137 657168.117915497
8 136 712017.847581703
8 135 709085.689118804
8 134 693894.582081107
8 133 680438.409846457
8 132 627834.54019413
8 131 714220.778868873
8 130 713298.744668193
8 129 649662.799136492
8 128 681970.058786732
8 127 713916.920706473
8 126 680616.969558388
8 125 633127.065368413
8 124 668122.849377957
8 123 655138.204364298
8 122 737036.977066555
8 121 689873.983115318
8 120 668708.937305024
8 119 726286.915012889
8 118 691697.895245863
8 117 672002.717473552
8 116 673410.262922434
8 115 667792.287778179
8 114 650676.464273864
8 113 681639.560973967
8 112 717397.147679192
8 111 703117.623274308
8 110 681873.482640188
8 109 677375.855286362
8 108 673800.834776107
8 107 665417.782141408
8 106 654116.939921784
8 105 652363.850899358
8 104 597909.488614348
8 103 672749.360897156
8 102 673504.32842933
8 101 642435.953132106
8 100 644708.733408777
8 99 611567.493793392
8 98 635043.920622808
8 97 672110.977889274
8 96 599838.774281592
8 95 661214.379724135
8 94 657773.999575041
8 93 634070.888234125
8 92 658236.367905143
8 91 636887.026083761
8 90 719207.372252041
8 89 621299.635880437
8 88 668408.18915357
8 87 625946.362433805
8 86 706640.105365132
8 85 671032.238349737
8 84 627205.702729611
8 83 641019.856993182
8 82 632812.560103364
8 81 634156.036276368
8 80 610113.375711179
8 79 640850.87814361
8 78 644035.053772399
8 77 615135.893909731
8 76 622021.088454435
8 75 599741.880543239
8 74 611359.458424699
8 73 629455.275740771
8 72 660837.769162867
8 71 586852.883598366
8 70 592137.751325757
8 69 646001.476038137
8 68 632393.367128227
8 67 627396.315740854
8 66 614069.638657847
8 65 618864.158931038
8 64 614923.434628129
8 63 633402.190430064
8 62 597345.914700601
8 61 622602.744526684
8 60 613384.691052251
8 59 624513.337701825
8 58 630237.353684911
8 57 614666.924555714
8 56 644235.848829826
8 55 621263.218641944
8 54 592297.699232359
8 53 617629.239213237
8 52 664613.87401206
8 51 638948.357409696
8 50 616633.108792671
8 49 592190.673090915
8 48 600584.469471169
8 47 650929.119489295
8 46 631226.280125638
8 45 644425.243642263
8 44 603632.382839478
8 43 594683.830635926
8 42 610447.258071756
8 41 611204.832645155
8 40 599341.765805102
8 39 569967.288382801
8 38 616611.696612498
8 37 635935.094314695
8 36 615908.776022751
8 35 600542.846648509
8 34 642939.176676203
8 33 641719.701683237
8 32 662031.905343872
8 31 622610.658283451
8 30 605849.811852495
8 29 581970.918921867
8 28 629812.203549276
8 27 582435.68657141
8 26 660312.417278426
8 25 611093.636162802
8 24 575332.836302793
8 23 572327.991993694
8 22 601720.290829815
8 21 585656.456634953
8 20 560907.594905504
8 19 590025.653216071
8 18 546733.643490984
8 17 576076.383619763
8 16 582198.711039627
8 15 597248.173862505
8 14 598751.642121036
8 13 582271.987537919
8 12 571436.663085371
8 11 603008.449922641
8 10 571756.394183897
8 9 592066.730207084
8 8 584587.544644309
8 7 648227.161412678
8 6 667083.460805608
8 5 712876.228306532
8 4 778248.12005432
8 3 920514.896022344
8 2 1068150.18366339
8 1 1264818.79362308
