10 191844 1629042.18667394
10 19185 1274644.24576744
10 1919 1002555.02347307
10 200 723565.894054488
10 199 761540.104561541
10 198 728380.713426757
10 197 726805.26202551
10 196 744481.294644786
10 195 736845.427069239
10 194 765770.267704725
10 193 711236.425241099
10 192 738840.566583892
10 191 708684.209251171
10 190 701796.54285818
10 189 726722.742045542
10 188 705917.906154085
10 187 764674.460123632
10 186 730347.17997344
10 185 740858.110868218
10 184 731538.320271868
10 183 693261.207434598
10 182 705719.523421642
10 181 754387.859942676
10 180 700261.467925186
10 179 717858.966097743
10 178 691371.976186722
10 177 711977.115787232
10 176 747089.410386973
10 175 773927.215559149
10 174 720138.60311057
10 173 729193.450213617
10 172 709346.512896745
10 171 717098.483211124
10 170 752829.693403592
10 169 686999.974972573
10 168 726495.818413678
10 167 705375.680119677
10 166 708477.790656261
10 165 706921.221408309
10 164 679001.353613857
10 163 709308.30753399
10 162 731413.227254747
10 161 734636.218802008
10 160 667659.180458823
10 159 690820.620513161
10 158 713477.085271321
10 157 709972.976532415
10 156 688863.445666986
10 155 676194.673812169
10 154 701942.974999386
10 153 698385.202166144
10 152 672330.362697443
10 151 664839.904877402
10 150 723891.449235793
10 149 713412.747036227
10 148 692205.37555058
10 147 678620.770136498
10 146 694145.471887059
10 145 683940.076316038
10 144 696637.231963485
10 143 665059.05477265
10 142 682775.077161799
10 141 657499.358174617
10 140 674627.355778389
10 139 655035.343974829
10 138 623543.004839021
10 137 697073.783942707
10 136 690487.859628722
10 135 674408.50863682
10 134 667454.932593281
10 133 756231.434409118
10 132 657049.992246137
10 131 664720.75922726
10 130 668232.133562135
10 129 669044.906958905
10 128 675460.553550442
10 127 673104.88318863
10 126 660810.046880997
10 125 637741.480690615
10 124 742976.905484402
10 123 641925.735171128
10 122 638533.052700335
10 121 622647.419789973
10 120 622754.996132388
10 119 646205.925221085
10 118 636403.767015214
10 117 610651.196950675
10 116 646551.572643327
10 115 629223.987896515
10 114 640711.520036916
10 113 654424.393004966
10 112 623125.487178712
10 111 611817.27080122
10 110 693392.224624217
10 109 631036.914695151
10 108 658126.717686831
10 107 616040.388892485
10 106 619655.369917403
10 105 651161.600738467
10 104 604698.385400294
10 103 659258.362135697
10 102 635990.67474801
10 101 656996.475521997
10 100 606956.815297585
10 99 602646.328661853
10 98 625324.887887645
10 97 582948.41940079
10 96 621090.685339102
10 95 605124.529574032
10 94 623146.338681646
10 93 609733.565735974
10 92 585034.679597782
10 91 613983.208106947
10 90 610571.314616955
10 89 590363.909186053
10 88 598319.289861413
10 87 610261.869177301
10 86 601150.109265867
10 85 620098.88002891
10 84 575993.360301479
10 83 586618.823863999
10 82 615628.367847773
10 81 645269.916008779
10 80 582335.122178586
10 79 588463.457182504
10 78 592466.16979102
10 77 604373.36210879
10 76 600155.500669173
10 75 579944.534186984
10 74 576808.061430879
10 73 574483.600036623
10 72 604766.293937405
10 71 599384.290429908
10 70 566748.477311236
10 69 605987.947619092
10 68 560617.174095695
10 67 592026.352043746
10 66 566807.49126746
10 65 605906.098275277
10 64 567115.068903544
10 63 562507.079361467
10 62 592978.972715132
10 61 550233.318509668
10 60 549393.650878892
10 59 616569.352088612
10 58 567698.711619715
10 57 572377.533752088
10 56 591187.255859594
10 55 561952.52894773
10 54 561286.44636962
10 53 567064.306026103
10 52 553566.738298836
10 51 578473.892389432
10 50 572534.119775154
10 49 529914.55796147
10 48 518704.27983423
10 47 563862.935745043
10 46 589455.610632354
10 45 533548.821489641
10 44 535675.170038992
10 43 553371.132128041
10 42 520761.956987794
10 41 532728.255307516
10 40 543295.80347379
10 39 549367.959562553
10 38 516680.249511154
10 37 530044.098584509
10 36 560830.409924709
10 35 492992.102607854
10 34 515091.954125754
10 33 545133.084799837
10 32 495920.523064668
10 31 483203.1686892
10 30 502352.695802635
10 29 475774.178144972
10 28 501959.469308008
10 27 532869.697104451
10 26 487576.22482485
10 25 501232.800083832
10 24 571752.355208411
10 23 516538.86889783
10 22 456995.145214681
10 21 492770.193753971
10 20 494741.196453793
10 19 483414.569904856
10 18 497809.811942103
10 17 466072.114917801
10 16 463898.445035618
10 15 443246.865420934
10 14 503790.458367829
10 13 508599.55304565
10 12 510828.135534255
10 11 514626.943369802
10 10 472479.820283309
10 9 522792.93349246
10 8 602864.714508235
10 7 637762.441988298
10 6 621765.39900087
10 5 667175.989739208
10 4 639852.529457462
10 3 929902.848349645
10 2 941402.918820222
10 1 1182064.67241824
