3 191844 1648230.31087632
3 19185 1235274.30526243
3 1919 934850.850998655
3 200 683758.151932455
3 199 683629.629712216
3 198 702692.699945603
3 197 708908.512937141
3 196 682400.387338685
3 195 659583.182105869
3 194 701351.763306371
3 193 707161.905061175
3 192 674204.0540186
3 191 708337.057220957
3 190 673912.071472621
3 189 646431.118670023
3 188 677973.324635601
3 187 647361.60733471
3 186 685224.630636923
3 185 668219.567200702
3 184 681506.39424208
3 183 656031.825780593
3 182 710582.633030542
3 181 649903.46436134
3 180 676758.452552256
3 179 638001.397541822
3 178 647248.039921925
3 177 638562.308643912
3 176 686257.870576876
3 175 657106.154110695
3 174 619787.267788957
3 173 644470.427859264
3 172 629930.513504726
3 171 650769.799029504
3 170 626233.780994012
3 169 707631.829636078
3 168 628619.415122475
3 167 625610.624052231
3 166 618514.376697189
3 165 645166.316339777
3 164 637217.906224127
3 163 613722.495014146
3 162 655624.698672492
3 161 652946.814334245
3 160 633302.101641808
3 159 611395.611082331
3 158 616345.253089123
3 157 660737.922973161
3 156 622980.836852666
3 155 635219.780670076
3 154 648815.421904424
3 153 638761.851788817
3 152 610316.266058166
3 151 640482.289576364
3 150 596583.170899512
3 149 608164.64867345
3 148 655787.777561551
3 147 619370.74014702
3 146 638560.543760461
3 145 606403.221501701
3 144 618941.352258564
3 143 647533.321035888
3 142 646422.702035614
3 141 614902.449004868
3 140 613591.905736551
3 139 627289.536490408
3 138 621695.347612278
3 137 607674.602065283
3 136 642805.055616629
3 135 650625.512379617
3 134 580738.168698408
3 133 612010.265364293
3 132 643875.452992352
3 131 629600.284038645
3 130 653797.802502524
3 129 622103.004782748
3 128 612402.648035312
3 127 604830.50502332
3 126 619015.591735423
3 125 593906.70017473
3 124 611271.29050264
3 123 592383.109448878
3 122 579567.897615366
3 121 639819.107177856
3 120 636565.521552591
3 119 632669.946778728
3 118 601441.721373883
3 117 593064.039332692
3 116 584044.391653442
3 115 617712.81611544
3 114 590748.219126994
3 113 593117.136514
3 112 622355.454399153
3 111 604717.237739578
3 110 579194.58167237
3 109 589930.19159335
3 108 609133.214104754
3 107 602240.21113853
3 106 653852.956009348
3 105 595229.538583574
3 104 596493.431602418
3 103 619762.966333568
3 102 590809.29753237
3 101 655895.202811755
3 100 653574.289132195
3 99 610971.517992044
3 98 612126.893104658
3 97 581879.055541889
3 96 577557.212030341
3 95 601577.46463711
3 94 572320.229920924
3 93 588414.254538041
3 92 573543.329885796
3 91 582835.908439302
3 90 583476.872611209
3 89 544822.790071058
3 88 553638.376546349
3 87 583613.167118742
3 86 596223.49922552
3 85 584527.308102834
3 84 556762.883236749
3 83 584023.300642743
3 82 555975.087181559
3 81 571001.272583462
3 80 593868.448686921
3 79 537945.942241858
3 78 595412.760947311
3 77 571074.075626715
3 76 550741.705256167
3 75 568878.638936679
3 74 565173.942319052
3 73 550055.556319781
3 72 596451.484795766
3 71 559357.713554153
3 70 567909.343553783
3 69 596259.614243389
3 68 540462.896644951
3 67 539306.089675487
3 66 562472.816088737
3 65 588644.798572313
3 64 573205.189345343
3 63 564036.944909314
3 62 541231.556495749
3 61 582688.829021684
3 60 583291.441979741
3 59 543382.008995722
3 58 558428.774725203
3 57 540201.081733779
3 56 533785.874597927
3 55 520312.787909114
3 54 537483.633948118
3 53 541971.999135693
3 52 554911.632967644
3 51 553308.819704516
3 50 527061.363869538
3 49 536083.263860403
3 48 558791.729837448
3 47 544064.449994011
3 46 544503.837045266
3 45 553803.811990434
3 44 572128.57912998
3 43 565030.929898704
3 42 587042.118772648
3 41 555212.664795954
3 40 549789.481834088
3 39 528035.165038586
3 38 513136.603199453
3 37 539406.394039211
3 36 538985.492289675
3 35 524299.020215608
3 34 569705.532531586
3 33 531432.564753488
3 32 543873.128284989
3 31 551301.916749142
3 30 567542.282537368
3 29 570425.747017086
3 28 581245.203934945
3 27 560474.81932462
3 26 544893.245830074
3 25 528035.234300353
3 24 569375.242413052
3 23 534899.610915109
3 22 544120.881891822
3 21 553673.112948105
3 20 546383.056241612
3 19 555239.83813074
3 18 534594.375917185
3 17 514854.987675767
3 16 521050.351674447
3 15 582851.694800491
3 14 552160.008512956
3 13 512175.29615667
3 12 604522.748287306
3 11 559806.871898175
3 10 564998.746255051
3 9 628599.27422402
3 8 650707.559599437
3 7 654726.002693163
3 6 710635.907829738
3 5 632802.474766682
3 4 720072.233270457
3 3 892087.956975396
3 2 1011845.33301248
3 1 1264038.01434927
