54 191844 1546764.05876776
54 19185 1296754.01590878
54 1919 1011177.65171584
54 200 734485.542580093
54 199 699950.13621525
54 198 801453.647058321
54 197 700844.536893754
54 196 729907.546093177
54 195 731760.926061874
54 194 699533.044113354
54 193 707055.304011681
54 192 713238.781648039
54 191 725454.573056553
54 190 714530.722372449
54 189 783342.466660112
54 188 720338.457689666
54 187 692599.061716056
54 186 749032.340918181
54 185 695977.448263589
54 184 734052.592874074
54 183 724491.080572706
54 182 683697.202894497
54 181 739375.156582335
54 180 689595.15268604
54 179 750315.737466174
54 178 696077.846326962
54 177 699668.972961977
54 176 734261.382534271
54 175 685946.667606464
54 174 707287.517852505
54 173 723042.065792575
54 172 680169.996071674
54 171 683221.58936574
54 170 689469.34787903
54 169 702993.627594105
54 168 707280.326755808
54 167 704296.544719307
54 166 676775.634920087
54 165 688381.032502305
54 164 717360.867653699
54 163 684037.851727461
54 162 679384.594339984
54 161 711719.058154405
54 160 669743.859881524
54 159 722696.153572714
54 158 729878.026519907
54 157 725560.188447176
54 156 702201.327394671
54 155 661346.83803588
54 154 730290.955365221
54 153 665149.686183531
54 152 680975.081166337
54 151 694675.38830209
54 150 680467.983719738
54 149 721862.720630041
54 148 676968.131188025
54 147 695980.199023236
54 146 663025.190197937
54 145 657130.873992182
54 144 672615.686666079
54 143 670969.099186223
54 142 652568.894202793
54 141 682946.775658549
54 140 673798.051422656
54 139 655727.968912632
54 138 653634.928389477
54 137 700587.399453022
54 136 662910.101079841
54 135 692104.239597452
54 134 652961.280801474
54 133 657306.156424728
54 132 634133.542019531
54 131 683336.509242881
54 130 675708.561073871
54 129 678050.719833875
54 128 657023.646828055
54 127 675956.699009253
54 126 652952.507050473
54 125 660025.152731328
54 124 673880.227875449
54 123 663672.297848936
54 122 685884.083894918
54 121 628897.621577166
54 120 660562.712810306
54 119 655449.219672323
54 118 647915.634420627
54 117 639210.885078493
54 116 642706.156048511
54 115 645795.072448451
54 114 659140.557117363
54 113 695830.506105373
54 112 642566.658907873
54 111 622063.997638422
54 110 655193.169315098
54 109 705187.553395497
54 108 646030.892533884
54 107 636427.324320177
54 106 643948.56343547
54 105 631632.474883341
54 104 650871.208359681
54 103 677230.290288815
54 102 670661.676892928
54 101 642555.605724985
54 100 648918.518866443
54 99 639387.339451109
54 98 636613.593400056
54 97 635632.19614302
54 96 630597.501580936
54 95 685627.45771183
54 94 623451.077492793
54 93 652612.939808557
54 92 623360.171368854
54 91 658744.182053278
54 90 652940.44780926
54 89 617835.101189164
54 88 681454.590699454
54 87 620581.611533378
54 86 645600.395370909
54 85 642654.956940504
54 84 653676.829074899
54 83 600354.20152866
54 82 607528.249435856
54 81 687357.178826944
54 80 615935.312862932
54 79 623834.622645076
54 78 627402.414320933
54 77 622771.541535976
54 76 630927.975580358
54 75 589935.664166945
54 74 622856.073572521
54 73 635914.840910299
54 72 624445.265241086
54 71 640308.986320269
54 70 669263.849246226
54 69 696064.421979549
54 68 621574.961828165
54 67 637428.11515826
54 66 631393.379548547
54 65 624488.69680359
54 64 606813.214056383
54 63 609695.62762667
54 62 623819.365278408
54 61 611700.095569579
54 60 592065.267659227
54 59 622233.956403655
54 58 602555.17637922
54 57 641682.537981003
54 56 598532.892902558
54 55 625859.410682868
54 54 616585.874407552
54 53 588992.083678081
54 52 590657.321266608
54 51 566162.438060939
54 50 601451.040886845
54 49 599984.706151467
54 48 609911.597719537
54 47 613335.535634669
54 46 599211.070446762
54 45 602815.189518863
54 44 616733.875435476
54 43 577641.740619865
54 42 650231.16025719
54 41 601480.787939963
54 40 607885.560747433
54 39 558108.864927505
54 38 578850.057154772
54 37 580490.217662394
54 36 593999.332214502
54 35 594216.899204756
54 34 614703.133392609
54 33 611921.407704902
54 32 622339.651328356
54 31 618405.083033219
54 30 609937.391490904
54 29 564786.332855506
54 28 572362.82794154
54 27 579320.390007843
54 26 560991.315968321
54 25 550118.026634288
54 24 549690.883527537
54 23 612290.015599209
54 22 551595.930650635
54 21 550670.064751528
54 20 514576.104843027
54 19 533079.675063461
54 18 565245.16561574
54 17 520226.75321013
54 16 537231.916816562
54 15 518105.794468282
54 14 507980.563942438
54 13 557734.379112645
54 12 537916.151654053
54 11 531084.857728995
54 10 570222.537807273
54 9 595245.344298802
54 8 548396.748726927
54 7 583273.463315838
54 6 640499.411819526
54 5 670901.555024804
54 4 811344.927948126
54 3 908146.144418841
54 2 1132155.47530276
54 1 1262729.47484557
